1516451450
[ 1, 0, 1, 0, 2, 0, 1, 0, 0, 3, 2, 0, 0, 3, 2, 3, 1,-1,-1, 3, 6, 0, 1, 0,
  0, 1, 0, 1, 0, 2, 0, 3, 0, 0, 6, 2, 3, 3,-1,-1]
[ 0, 1, 0, 0, 1, 0, 1, 0, 2, 0, 3, 0, 0, 6, 2, 3, 3,-1,-1, 2, 3, 3, 0, 1,
  0, 0, 1, 0, 1, 0, 2, 0, 3, 0, 6, 2, 3, 2,-1,-1]
[ 3, 0, 1, 0, 0, 1, 0, 1, 0, 2, 0, 3, 0, 6, 2, 3, 2,-1,-1, 3, 6, 2, 0, 0,
  0, 3, 0, 1, 0, 0, 3, 0, 1, 0, 6, 2, 6, 1,-1,-1]
[ 0, 0, 2, 0, 3, 0, 1, 0, 0, 3, 0, 1, 0, 6, 2, 6, 1,-1,-1, 3, 0, 1, 0, 0,
  0, 0, 0, 2, 0, 3, 3, 1, 1, 0, 6, 2, 6, 1,-1,-1]
[ 0, 0, 1, 0, 0, 0, 2, 0, 3, 3, 1, 1, 0, 6, 2, 6, 1,-1,-1, 3, 3, 1, 0, 0,
  0, 0, 0, 1, 0, 0, 3, 2, 1, 3, 6, 3, 6, 3,-1,-1]
[ 1, 0, 0, 0, 0, 0, 1, 0, 0, 3, 2, 1, 3, 6, 3, 6, 3,-1,-1, 2, 6, 0, 1, 0,
  0, 0, 0, 0, 1, 3, 0, 3, 3, 3, 6, 3, 6, 3,-1,-1]
[ 3, 1, 0, 0, 0, 0, 0, 1, 0, 0, 3, 3, 3, 6, 3, 6, 3,-1,-1, 2, 6, 0, 3, 1,
  0, 0, 0, 0, 1, 3, 0, 0, 6, 3, 6, 3, 6, 3,-1,-1]
[ 0, 3, 1, 0, 0, 0, 0, 1, 3, 0, 0, 6, 3, 6, 3, 6, 3,-1,-1, 2, 3, 3, 0, 3,
  1, 0, 0, 0, 1, 0, 3, 0, 6, 3, 6, 3, 6, 2,-1,-1]
[ 0, 0, 3, 1, 0, 0, 0, 1, 3, 3, 0, 6, 3, 6, 3, 6, 2,-1,-1, 2, 0, 0, 0, 3,
  1, 0, 0, 0, 1, 2, 3, 3, 6, 3, 6, 3, 6, 1,-1,-1]
[ 0, 0, 3, 1, 0, 0, 0, 1, 2, 3, 3, 6, 3, 6, 3, 6, 1,-1,-1, 3,12, 0, 0, 0,
  1, 0, 0, 3, 1, 2, 3, 0, 1, 3, 6, 6,12, 2,-1,-1]
[ 0, 0, 1, 0, 0, 0, 3, 1, 2, 3, 0, 1, 3, 6, 6,12, 2,-1,-1, 3, 0, 0, 0, 2,
  0, 0, 0, 1, 1, 2, 3, 3, 1, 3, 6, 6,12, 1,-1,-1]
[ 0, 0, 2, 0, 0, 0, 1, 1, 2, 3, 3, 1, 3, 6, 6,12, 1,-1,-1, 2,12, 1, 0, 0,
  2, 0, 0, 1, 1, 0, 2, 6, 1, 0, 3,12,12, 2,-1,-1]
[ 1, 0, 0, 2, 0, 0, 1, 1, 0, 2, 6, 1, 0, 3,12,12, 2,-1,-1, 2,27, 2, 1, 0,
  2, 0, 0, 1, 1, 0, 2, 6, 1, 0, 0, 3,24, 3,-1,-1]
[ 0, 1, 0, 2, 0, 0, 1, 1, 0, 2, 6, 1, 2, 0, 3,24, 3,-1,-1, 2, 3, 3, 0, 1,
  2, 0, 0, 1, 1, 0, 2, 6, 1, 0, 2, 3,24, 2,-1,-1]
[ 3, 0, 1, 2, 0, 0, 1, 1, 0, 2, 6, 1, 0, 2, 3,24, 2,-1,-1, 2, 3, 2, 3, 0,
  3, 0, 0, 1, 1, 0, 2, 6, 1, 0, 2, 3,24, 2,-1,-1]
[ 2, 3, 0, 3, 0, 0, 1, 1, 0, 2, 6, 1, 0, 2, 3,24, 2,-1,-1, 2, 0, 2, 2, 3,
  3, 0, 0, 1, 1, 0, 2, 6, 1, 0, 2, 3,24, 3,-1,-1]
[ 2, 2, 3, 3, 0, 0, 1, 1, 0, 2, 6, 1, 0, 2, 3,24, 3,-1,-1, 3, 3, 3, 0, 3,
  3, 2, 2, 1, 1, 0, 2, 6, 1, 0, 2, 3,24, 2,-1,-1]
[ 3, 0, 3, 3, 2, 2, 1, 1, 0, 2, 6, 1, 0, 2, 3,24, 2,-1,-1, 2, 6, 0, 3, 0,
  6, 2, 2, 3, 1, 0, 2, 6, 1, 0, 2, 3,24, 1,-1,-1]
[ 0, 3, 0, 6, 2, 2, 3, 1, 0, 2, 6, 1, 0, 2, 3,24, 1,-1,-1, 2, 0, 1, 0, 3,
  6, 2, 2, 3, 1, 0, 2, 6, 1, 0, 2, 3,24, 3,-1,-1]
[ 1, 0, 3, 6, 2, 2, 3, 1, 0, 2, 6, 1, 0, 2, 3,24, 3,-1,-1, 3, 6, 3, 0, 0,
  6, 1, 2, 6, 1, 2, 2, 6, 1, 0, 2, 3,24, 2,-1,-1]
[ 3, 0, 0, 6, 1, 2, 6, 1, 2, 2, 6, 1, 0, 2, 3,24, 2,-1,-1, 3, 9, 2, 0, 0,
  6, 3, 2, 0, 1, 1, 2,12, 1, 2, 2, 3,24, 3,-1,-1]
[ 0, 0, 2, 6, 3, 2, 0, 1, 1, 2,12, 1, 2, 2, 3,24, 3,-1,-1, 0, 6, 0, 2, 6,
  0, 3, 2, 1, 0, 3,12, 1, 3, 2, 2, 3,24, 1,-1,-1]
[ 0, 2, 6, 3, 3, 2, 1, 0, 3,12, 1, 0, 2, 2, 3,24, 1,-1,-1, 0, 3, 2, 6, 3,
  0, 3, 3, 0, 1, 3,12, 1, 0, 2, 2, 3,24, 1,-1,-1]
[ 2, 6, 3, 1, 3, 3, 0, 0, 3,12, 1, 0, 2, 2, 3,24, 1,-1,-1, 2, 0, 2, 6, 3,
  1, 0, 3, 3, 0, 1, 3,12, 1, 2, 2, 3,24, 1,-1,-1]
[ 2, 6, 3, 1, 0, 3, 3, 0, 1, 3,12, 1, 2, 2, 3,24, 1,-1,-1, 3, 9, 1, 0, 0,
  0, 2, 6, 6, 1, 0, 6,12, 1, 3, 2, 3,24, 2,-1,-1]
[ 0, 0, 0, 1, 2, 6, 6, 1, 0, 6,12, 1, 3, 2, 3,24, 2,-1,-1, 0, 9, 0, 0, 1,
  0, 2,12, 1, 0, 6,12, 1, 2, 3, 2, 3,24, 3,-1,-1]
[ 0, 0, 1, 0, 2,12, 1, 0, 6,12, 1, 2, 3, 2, 3,24, 3,-1,-1, 0, 6, 0, 1, 0,
  0, 2,12, 1, 0, 6,12, 3, 3, 3, 2, 3,24, 3,-1,-1]
[ 0, 1, 0, 0, 2,12, 1, 0, 6,12, 3, 3, 3, 2, 3,24, 3,-1,-1, 3,33, 0, 0, 3,
  0, 2, 1, 0, 0, 6,24, 1, 3, 3, 2, 6,24, 1,-1,-1]
[ 0, 3, 0, 0, 2, 1, 0, 0, 6,24, 1, 3, 3, 2, 6,24, 1,-1,-1, 0, 3, 3, 0, 0,
  0, 3, 0, 0, 1, 6,24, 1, 3, 3, 2, 6,24, 2,-1,-1]
[ 3, 0, 0, 0, 3, 0, 0, 1, 6,24, 1, 3, 3, 2, 6,24, 2,-1,-1, 0, 0, 3, 0, 0,
  0, 3, 0, 1, 2, 6,24, 1, 3, 3, 2, 6,24, 2,-1,-1]
[ 3, 0, 0, 0, 3, 0, 1, 2, 6,24, 1, 3, 3, 2, 6,24, 2,-1,-1, 0, 0, 3, 0, 0,
  0, 3, 1, 2, 2, 6,24, 1, 3, 3, 2, 6,24, 1,-1,-1]
[ 3, 0, 0, 0, 3, 1, 2, 2, 6,24, 1, 3, 3, 2, 6,24, 1,-1,-1, 3, 6, 1, 0, 0,
  0, 6, 1, 0, 2, 6,24, 3, 3, 3, 2, 6,24, 3,-1,-1]
[ 0, 0, 1, 0, 6, 1, 0, 2, 6,24, 3, 3, 3, 2, 6,24, 3,-1,-1, 2, 6, 0, 0, 0,
  1, 3, 6, 1, 2, 0, 6,24, 6, 3, 2, 6,24, 1,-1,-1]
[ 3, 0, 0, 1, 0, 6, 1, 2, 0, 6,24, 6, 3, 2, 6,24, 1,-1,-1, 2, 3, 0, 3, 0,
  1, 1, 0, 6, 3, 0, 6,24, 6, 3, 2, 6,24, 3,-1,-1]
[ 0, 3, 0, 1, 1, 0, 6, 3, 0, 6,24, 6, 3, 2, 6,24, 3,-1,-1, 3, 3, 0, 3, 0,
  1, 0, 3, 6, 3, 1, 6,24, 6, 3, 2, 6,24, 2,-1,-1]
[ 3, 0, 0, 1, 0, 3, 6, 3, 1, 6,24, 6, 3, 2, 6,24, 2,-1,-1, 0, 0, 3, 0, 1,
  0, 3, 6, 3, 2, 1, 6,24, 6, 3, 2, 6,24, 2,-1,-1]
[ 3, 0, 1, 2, 3, 6, 3, 0, 1, 6,24, 6, 3, 2, 6,24, 2,-1,-1, 3,12, 0, 2, 1,
  0, 6, 0, 3, 2, 1,12,24, 6, 3, 2, 6,24, 3,-1,-1]
[ 0, 0, 1, 2, 6, 0, 3, 2, 1,12,24, 6, 3, 2, 6,24, 3,-1,-1, 2, 6, 3, 0, 0,
  3, 0, 6, 3, 2, 1,12,24, 6, 3, 2, 6,24, 1,-1,-1]
[ 0, 0, 0, 3, 3, 6, 3, 2, 1,12,24, 6, 3, 2, 6,24, 1,-1,-1, 0, 0, 0, 0, 3,
  1, 3, 6, 3, 2, 1,12,24, 6, 3, 2, 6,24, 3,-1,-1]
[ 0, 0, 3, 1, 3, 6, 3, 2, 1,12,24, 6, 3, 2, 6,24, 3,-1,-1, 3, 9, 0, 0, 3,
  0, 3, 6, 6, 3, 1,12,24, 6, 3, 2, 6,24, 2,-1,-1]
[ 0, 0, 0, 3, 3, 6, 6, 3, 1,12,24, 6, 3, 2, 6,24, 2,-1,-1, 3, 3, 0, 0, 0,
  2, 3, 6, 6, 6, 1,12,24, 6, 3, 2, 6,24, 1,-1,-1]
[ 0, 0, 0, 2, 3, 6, 6, 6, 1,12,24, 6, 3, 2, 6,24, 1,-1,-1, 3, 9, 0, 0, 0,
  1, 3, 6, 6, 2, 1,12,24,12, 3, 2, 6,24, 2,-1,-1]
[ 0, 0, 0, 1, 3, 6, 6, 2, 1,12,24,12, 3, 2, 6,24, 2,-1,-1, 3, 3, 0, 0, 0,
  2, 3, 6, 6, 3, 1,12,24,12, 3, 2, 6,24, 2,-1,-1]
[ 0, 0, 0, 2, 3, 6, 6, 3, 1,12,24,12, 3, 2, 6,24, 2,-1,-1, 0, 9, 0, 0, 2,
  0, 3,12, 3, 2, 1,12,24,12, 3, 2, 6,24, 2,-1,-1]
[ 0, 0, 2, 0, 3,12, 3, 2, 1,12,24,12, 3, 2, 6,24, 2,-1,-1, 3,27, 0, 2, 2,
  0, 3, 0, 3, 2, 1,24,24,12, 3, 2, 6,24, 3,-1,-1]
[ 0, 2, 2, 0, 3, 0, 3, 2, 1,24,24,12, 3, 2, 6,24, 3,-1,-1, 2,84, 3, 0, 2,
  2, 0, 3, 3, 2, 0, 1,48,12, 3, 2, 6,24, 3,-1,-1]
[ 3, 0, 2, 2, 0, 3, 3, 2, 0, 1,48,12, 3, 2, 6,24, 3,-1,-1, 3, 6, 0, 3, 2,
  2, 3, 0, 3, 2, 0, 3,48,12, 3, 3, 6,24, 1,-1,-1]
[ 0, 3, 2, 2, 3, 0, 3, 2, 0, 3,48,12, 3, 3, 6,24, 1,-1,-1, 3, 3, 1, 0, 2,
  2, 0, 3, 3, 2, 3, 0,48,12, 3, 6, 6,24, 3,-1,-1]
[ 1, 0, 2, 2, 0, 3, 3, 2, 3, 0,48,12, 3, 6, 6,24, 3,-1,-1, 2,15, 0, 1, 2,
  2, 0, 0, 6, 2, 3, 3,48,12, 0, 3,12,24, 1,-1,-1]
[ 0, 1, 2, 2, 0, 0, 6, 2, 0, 3,48,12, 3, 3,12,24, 1,-1,-1, 3, 3, 0, 1, 2,
  2, 0, 1, 6, 2, 0, 0,48,12, 3, 6,12,24, 1,-1,-1]
[ 0, 1, 2, 2, 0, 1, 6, 2, 0, 0,48,12, 3, 6,12,24, 1,-1,-1, 2, 3, 1, 0, 3,
  2, 0, 1, 6, 2, 0, 0,48,12, 3, 6,12,24, 3,-1,-1]
[ 1, 0, 3, 2, 0, 1, 6, 2, 0, 0,48,12, 3, 6,12,24, 3,-1,-1, 3, 3, 0, 3, 3,
  2, 1, 0, 6, 2, 0, 1,48,12, 3, 6,12,24, 3,-1,-1]
[ 0, 3, 3, 2, 1, 0, 6, 2, 0, 1,48,12, 3, 6,12,24, 3,-1,-1, 2, 6, 3, 0, 6,
  2, 0, 1, 6, 2, 0, 1,48,12, 3, 6,12,24, 2,-1,-1]
[ 0, 0, 6, 2, 3, 1, 6, 2, 0, 1,48,12, 3, 6,12,24, 2,-1,-1, 3, 9, 2, 0, 0,
  2, 0, 1,12, 2, 3, 1,48,12, 3, 6,12,24, 3,-1,-1]
[ 2, 0, 0, 2, 0, 1,12, 2, 3, 1,48,12, 3, 6,12,24, 3,-1,-1, 3, 6, 3, 0, 0,
  2, 2, 1,12, 2, 0, 1,48,12, 6, 6,12,24, 1,-1,-1]
[ 3, 0, 0, 2, 2, 1,12, 2, 0, 1,48,12, 6, 6,12,24, 1,-1,-1, 3, 0, 1, 0, 0,
  2, 3, 1,12, 2, 2, 1,48,12, 6, 6,12,24, 6,-1,-1]
[ 1, 0, 0, 2, 3, 1,12, 2, 2, 1,48,12, 6, 6,12,24, 1,-1,-1, 2,12, 0, 1, 0,
  2, 3, 1,12, 2, 0, 3,48,12, 1,12,12,24, 3,-1,-1]
[ 0, 1, 0, 2, 3, 1,12, 2, 1, 3,48,12, 0,12,12,24, 3,-1,-1, 3, 3, 3, 1, 0,
  2, 0, 1,12, 2, 3, 3,48,12, 1,12,12,24, 2,-1,-1]
[ 3, 1, 0, 2, 0, 1,12, 2, 3, 3,48,12, 1,12,12,24, 2,-1,-1, 2,30, 2, 3, 1,
  2, 0, 1,12, 2, 0, 6,48,12, 0, 1,24,24, 2,-1,-1]
[ 2, 3, 1, 2, 0, 1,12, 2, 0, 6,48,12, 0, 1,24,24, 2,-1,-1, 3, 0, 2, 3, 1,
  2, 2, 1,12, 2, 0, 6,48,12, 0, 1,24,24, 2,-1,-1]
[ 2, 3, 1, 2, 2, 1,12, 2, 0, 6,48,12, 0, 1,24,24, 2,-1,-1, 3, 0, 2, 3, 1,
  2, 2, 1,12, 2, 2, 6,48,12, 0, 1,24,24, 1,-1,-1]
[ 2, 3, 1, 2, 2, 1,12, 2, 2, 6,48,12, 0, 1,24,24, 1,-1,-1, 2,87, 0, 2, 3,
  3, 0, 3,12, 2, 2, 6,48,12, 1, 0, 1,48, 1,-1,-1]
[ 1, 2, 3, 3, 0, 3,12, 2, 2, 6,48,12, 0, 0, 1,48, 6,-1,-1, 2,12, 6, 1, 2,
  6, 0, 3,12, 2, 2, 6,48,12, 0, 0, 1,48, 1,-1,-1]
[ 6, 1, 2, 6, 0, 3,12, 2, 2, 6,48,12, 0, 0, 1,48, 1,-1,-1, 2, 3, 1, 6, 3,
  6, 0, 3,12, 2, 2, 6,48,12, 0, 0, 1,48, 3,-1,-1]
[ 1, 6, 3, 6, 0, 3,12, 2, 2, 6,48,12, 0, 0, 1,48, 3,-1,-1, 1, 3, 1, 6, 3,
  6, 2, 3,12, 2, 0, 6,48,12, 3, 0, 1,48, 2,-1,-1]
[ 1, 6, 3, 6, 2, 3,12, 2, 0, 6,48,12, 3, 0, 1,48, 2,-1,-1, 1, 3, 3, 6, 3,
  6, 0, 3,12, 2, 3, 6,48,12, 2, 0, 1,48, 2,-1,-1]
[ 3, 6, 3, 6, 0, 3,12, 2, 3, 6,48,12, 2, 0, 1,48, 2,-1,-1, 2, 0, 3, 6, 3,
  6, 0, 3,12, 2, 3, 6,48,12, 2, 2, 1,48, 1,-1,-1]
[ 3, 6, 3, 6, 0, 3,12, 2, 3, 6,48,12, 2, 2, 1,48, 1,-1,-1, 2, 3, 3, 6, 3,
  6, 0, 3,12, 2, 3, 6,48,12, 1, 2, 3,48, 2,-1,-1]
[ 3, 6, 3, 6, 0, 3,12, 2, 3, 6,48,12, 1, 2, 3,48, 2,-1,-1, 2, 3, 3, 6, 3,
  6, 0, 3,12, 2, 3, 6,48,12, 2, 3, 3,48, 3,-1,-1]
[ 3, 6, 3, 6, 0, 3,12, 2, 3, 6,48,12, 2, 3, 3,48, 3,-1,-1, 2, 6, 3, 6, 3,
  6, 0, 3,12, 2, 3, 6,48,12, 3, 2, 6,48, 3,-1,-1]
[ 3, 6, 3, 6, 0, 3,12, 2, 3, 6,48,12, 3, 2, 6,48, 3,-1,-1, 3, 6, 3, 6, 3,
  6, 3, 3,12, 2, 0, 6,48,12, 6, 2, 6,48, 1,-1,-1]
[ 3, 6, 3, 6, 3, 3,12, 2, 0, 6,48,12, 6, 2, 6,48, 1,-1,-1, 2, 3, 3, 6, 3,
  6, 1, 6,12, 2, 0, 6,48,12, 6, 2, 6,48, 1,-1,-1]
[ 3, 6, 3, 6, 1, 6,12, 2, 0, 6,48,12, 6, 2, 6,48, 1,-1,-1, 1, 9, 3,12, 3,
  6, 1, 6,12, 2, 6, 2,48,12, 1, 0, 6,48, 2,-1,-1]
[ 3,12, 3, 6, 1, 6,12, 2, 6, 2,48,12, 0, 1, 6,48, 6,-1,-1, 3,12, 6, 0, 3,
  6, 3,12,12, 2, 1, 6,48,12, 6, 3, 6,48, 2,-1,-1]
[ 0, 6, 3, 6, 3,12,12, 2, 1, 6,48,12, 6, 3, 6,48, 2,-1,-1, 1, 0, 3, 6, 3,
  6, 1,12,12, 2, 6, 6,48,12, 2, 3, 6,48, 3,-1,-1]
[ 3, 6, 3, 6, 1,12,12, 2, 6, 6,48,12, 2, 3, 6,48, 3,-1,-1, 2,39, 3, 6, 3,
  6, 3, 1,24, 2, 0,12,48,12, 2, 3, 6,48, 1,-1,-1]
[ 3, 6, 3, 6, 0, 1,24, 2, 3,12,48,12, 2, 3, 6,48, 1,-1,-1, 0, 0, 3, 6, 3,
  6, 1,24, 2, 1, 3,12,48,12, 2, 3, 6,48, 3,-1,-1]
[ 3, 6, 3, 6, 1,24, 2, 1, 3,12,48,12, 2, 3, 6,48, 3,-1,-1, 0, 6, 3, 6, 3,
  6, 1,24, 3, 3, 3,12,48,12, 2, 3, 6,48, 2,-1,-1]
[ 3, 6, 3, 6, 1,24, 3, 3, 3,12,48,12, 2, 3, 6,48, 6,-1,-1, 2,12, 3, 6, 3,
  6, 6, 1,24, 6, 3,12,48,12, 2, 3, 6,48, 2,-1,-1]
[ 3, 6, 3, 6, 6, 1,24, 6, 3,12,48,12, 2, 3, 6,48, 2,-1,-1, 3, 9, 3, 6, 3,
  2, 6, 1,24,12, 3,12,48,12, 2, 3, 6,48, 2,-1,-1]
[ 3, 6, 3, 2, 6, 1,24,12, 3,12,48,12, 2, 3, 6,48, 2,-1,-1, 1,27, 3, 6, 3,
  2, 6, 1,24,24, 3,12,48,48, 2, 3, 6, 2, 1,-1,-1]
[  3,  6,  3,  2,  6,  1, 24, 24,  3, 12, 48, 48,  2,  3,  6,  2,  1, -1,
  -1,  0,324,  3,  6,  3,  2,  6,  1, 48,  0,  3, 12, 96,  1,  2,  3,  6,
   2,  1, -1, -1]
[ 3, 6, 3, 2, 6, 1,48, 1, 3,12,96, 0, 2, 3, 6, 2, 1,-1,-1, 1, 3, 3, 6, 3,
  3, 6, 1,48, 0, 3,12,96, 2, 2, 3, 6, 1, 1,-1,-1]
[ 3, 6, 3, 3, 6, 1,48, 0, 3,12,96, 2, 2, 3, 6, 1, 1,-1,-1, 3, 3, 3, 6, 3,
  1, 6, 1,48, 3, 3,12,96, 0, 2, 3, 6, 3, 3,-1,-1]
[ 3, 6, 3, 1, 6, 1,48, 3, 3,12,96, 0, 2, 3, 6, 3, 3,-1,-1, 3, 3, 3, 6, 3,
  3, 6, 1,48, 1, 3,12,96, 3, 2, 3, 6, 3, 1,-1,-1]
[ 3, 6, 3, 3, 6, 1,48, 1, 3,12,96, 3, 2, 3, 6, 3, 1,-1,-1, 3, 3, 3, 6, 3,
  1, 6, 1,48, 3, 3,12,96, 1, 2, 3, 6, 6, 2,-1,-1]
[ 3, 6, 3, 1, 6, 1,48, 3, 3,12,96, 1, 2, 3, 6, 6, 2,-1,-1, 0, 9, 3, 6, 3,
  1, 6, 1,48, 3, 3,12,96, 1, 2, 3,12, 2, 3,-1,-1]
[ 3, 6, 3, 1, 6, 1,48, 3, 3,12,96, 1, 2, 3,12, 2, 3,-1,-1, 3, 6, 3, 6, 3,
  3, 6, 1,48, 1, 3,12,96, 3, 2, 3,12, 3, 6,12,-1]
[ 3, 6, 3, 3, 6, 1,48, 1, 3,12,96, 3, 2, 3,12, 3, 3,-1,-1, 0, 6, 3, 6, 6,
  3, 6, 1,48, 1, 3,12,96, 3, 2, 3,12, 3, 2,-1,-1]
[ 3, 6, 6, 3, 6, 1,48, 1, 3,12,96, 3, 2, 3,12, 3, 2,-1,-1, 0, 9, 3,12, 3,
  2, 6, 1,48, 1, 3,12,96, 3, 2, 3,12, 3, 3,-1,-1]
[ 3,12, 3, 2, 6, 1,48, 1, 3,12,96, 3, 2, 3,12, 3, 3,-1,-1, 3, 6, 3,12, 3,
  3, 6, 1,48, 2, 3,12,96, 1, 2, 3,12, 6, 3,-1,-1]
[ 3,12, 3, 3, 6, 1,48, 2, 3,12,96, 1, 2, 3,12, 6, 3,-1,-1, 3, 6, 3,12, 3,
  3, 6, 1,48, 3, 3,12,96, 3, 2, 3,12, 6, 1,-1,-1]
[ 3,12, 3, 3, 6, 1,48, 3, 3,12,96, 3, 2, 3,12, 6, 1,-1,-1, 3, 3, 3,12, 3,
  1, 6, 1,48, 3, 3,12,96, 6, 2, 3,12, 6, 1,-1,-1]
[ 3,12, 3, 1, 6, 1,48, 3, 3,12,96, 6, 2, 3,12, 6, 1,-1,-1, 3, 9, 3,12, 3,
  1, 6, 1,48, 1, 3,12,96, 3, 2, 3,12,12, 1,-1,-1]
[ 3,12, 3, 1, 6, 1,48, 1, 3,12,96, 3, 2, 3,12,12, 1,-1,-1, 0,27, 3,12, 3,
  1, 6, 1,48, 1, 3,12,96, 3, 2, 3,24, 1, 2,-1,-1]
