1516453671
[ 1, 3, 2, 2, 2, 0, 0, 3, 0, 1, 0, 0, 2, 0, 0, 1, 3,-1,-1, 2, 3, 1, 3, 2,
  2, 3, 2, 0, 3, 0, 0, 1, 0, 0, 2, 0, 1, 3,-1,-1]
[ 1, 3, 2, 2, 0, 2, 0, 3, 0, 0, 1, 0, 3, 2, 0, 1, 3,-1,-1, 2, 3, 1, 3, 2,
  2, 0, 0, 2, 3, 0, 0, 0, 1, 3, 3, 2, 1, 1,-1,-1]
[ 1, 3, 2, 2, 0, 0, 2, 3, 3, 0, 0, 1, 0, 3, 2, 1, 1,-1,-1, 2, 3, 1, 3, 2,
  2, 0, 0, 2, 3, 1, 3, 0, 1, 0, 0, 3, 3, 1,-1,-1]
[ 1, 3, 2, 2, 0, 0, 2, 3, 0, 3, 0, 1, 1, 0, 3, 3, 1,-1,-1, 3, 0, 0, 1, 0,
  2, 1, 3, 2, 3, 0, 0, 2, 1, 1, 3, 3, 3, 2,-1,-1]
[ 1, 0, 0, 2, 1, 3, 2, 3, 0, 0, 2, 1, 1, 3, 3, 3, 2,-1,-1, 2, 6, 2, 1, 0,
  2, 1, 3, 2, 3, 0, 0, 0, 3, 0, 1, 3, 6, 3,-1,-1]
[ 2, 1, 0, 2, 1, 3, 2, 3, 0, 0, 0, 3, 0, 1, 3, 6, 3,-1,-1, 3, 6, 0, 0, 3,
  0, 2, 1, 0, 2, 1, 3, 2, 6, 0, 1, 3, 6, 2,-1,-1]
[ 0, 0, 0, 3, 2, 1, 0, 2, 1, 3, 2, 6, 0, 1, 3, 6, 2,-1,-1, 2, 0, 0, 0, 0,
  3, 2, 2, 1, 2, 1, 3, 2, 6, 0, 1, 3, 6, 2,-1,-1]
[ 0, 0, 0, 3, 2, 2, 1, 2, 1, 3, 2, 6, 0, 1, 3, 6, 2,-1,-1, 2, 3, 0, 0, 0,
  3, 2, 2, 2, 3, 1, 3, 2, 6, 0, 1, 3, 6, 3,-1,-1]
[ 0, 0, 0, 3, 2, 2, 2, 3, 1, 3, 2, 6, 0, 1, 3, 6, 3,-1,-1, 3,12, 0, 0, 0,
  3, 0, 2, 2, 3, 2, 3, 2, 3, 1, 1, 3,12, 1,-1,-1]
[ 3, 0, 0, 0, 0, 2, 2, 3, 2, 3, 2, 3, 1, 1, 3,12, 1,-1,-1, 3, 6, 1, 0, 0,
  0, 3, 2, 2, 0, 0, 3, 2, 6, 3, 1, 3,12, 3,-1,-1]
[ 1, 0, 0, 0, 3, 2, 2, 0, 0, 3, 2, 6, 3, 1, 3,12, 3,-1,-1, 0, 3, 1, 0, 0,
  0, 3, 2, 2, 0, 3, 2, 6, 3, 3, 1, 3,12, 3,-1,-1]
[ 1, 0, 0, 0, 3, 2, 2, 0, 3, 2, 6, 3, 3, 1, 3,12, 3,-1,-1, 3, 9, 0, 3, 0,
  0, 1, 0, 2, 0, 3, 2, 6, 3, 6, 3, 3,12, 1,-1,-1]
[ 3, 0, 0, 0, 1, 0, 2, 0, 3, 2, 6, 3, 6, 3, 3,12, 1,-1,-1, 2, 3, 1, 3, 0,
  0, 0, 1, 0, 2, 3, 2, 6, 3, 0, 6, 6,12, 2,-1,-1]
[ 1, 3, 0, 0, 0, 1, 0, 2, 3, 2, 6, 3, 0, 6, 6,12, 2,-1,-1, 3,12, 0, 2, 0,
  0, 1, 3, 0, 2, 0, 3, 0, 3, 3, 6,12,12, 1,-1,-1]
[ 0, 2, 0, 0, 1, 3, 0, 2, 0, 3, 0, 3, 3, 6,12,12, 1,-1,-1, 3, 3, 0, 1, 0,
  0, 0, 2, 0, 2, 1, 6, 0, 3, 3, 6,12,12, 1,-1,-1]
[ 1, 0, 0, 0, 0, 2, 0, 2, 1, 6, 0, 3, 3, 6,12,12, 1,-1,-1, 2,27, 1, 1, 0,
  0, 0, 0, 2, 2, 0, 1, 6, 3, 0, 3, 6,24, 1,-1,-1]
[ 0, 1, 0, 0, 0, 0, 2, 2, 1, 1, 6, 3, 0, 3, 6,24, 1,-1,-1, 2, 0, 1, 0, 1,
  0, 0, 0, 2, 2, 1, 1, 6, 3, 0, 3, 6,24, 2,-1,-1]
[ 1, 0, 1, 0, 0, 0, 2, 2, 1, 1, 6, 3, 0, 3, 6,24, 2,-1,-1, 2, 0, 2, 1, 0,
  1, 0, 0, 2, 2, 1, 1, 6, 3, 0, 3, 6,24, 2,-1,-1]
[ 2, 1, 0, 1, 0, 0, 2, 2, 1, 1, 6, 3, 0, 3, 6,24, 2,-1,-1, 3,12, 0, 0, 2,
  0, 2, 1, 0, 3, 0, 1, 2, 3, 1, 3,12,24, 3,-1,-1]
[ 0, 0, 0, 2, 2, 1, 0, 3, 0, 1, 2, 3, 1, 3,12,24, 3,-1,-1, 2, 6, 0, 0, 0,
  2, 0, 2, 1, 3, 3, 0, 3, 3, 1, 3,12,24, 2,-1,-1]
[ 0, 0, 0, 2, 0, 2, 1, 3, 3, 0, 3, 3, 1, 3,12,24, 2,-1,-1, 2, 6, 0, 0, 0,
  2, 2, 0, 3, 3, 0, 3, 0, 6, 1, 3,12,24, 3,-1,-1]
[ 0, 0, 0, 2, 0, 0, 3, 3, 2, 3, 0, 6, 1, 3,12,24, 3,-1,-1, 3, 9, 0, 0, 3,
  2, 0, 0, 0, 3, 0, 0, 3, 6, 3, 6,12,24, 2,-1,-1]
[ 0, 3, 0, 2, 0, 0, 0, 3, 0, 0, 3, 6, 3, 6,12,24, 2,-1,-1, 3, 0, 0, 2, 0,
  2, 0, 3, 0, 3, 0, 0, 3, 6, 3, 6,12,24, 3,-1,-1]
[ 0, 2, 0, 2, 0, 3, 0, 3, 0, 0, 3, 6, 3, 6,12,24, 3,-1,-1, 3, 3, 0, 3, 0,
  2, 0, 2, 0, 3, 0, 3, 3, 6, 3, 6,12,24, 3,-1,-1]
[ 0, 3, 0, 2, 0, 2, 0, 3, 0, 3, 3, 6, 3, 6,12,24, 3,-1,-1, 2, 6, 0, 0, 3,
  2, 3, 0, 2, 3, 0, 0, 6, 6, 3, 6,12,24, 1,-1,-1]
[ 0, 0, 3, 2, 3, 0, 2, 3, 0, 0, 6, 6, 3, 6,12,24, 1,-1,-1, 2, 9, 0, 0, 3,
  2, 0, 3, 2, 3, 1, 0, 0,12, 3, 6,12,24, 1,-1,-1]
[ 0, 0, 3, 2, 0, 3, 2, 3, 1, 0, 0,12, 3, 6,12,24, 1,-1,-1, 2, 0, 0, 0, 3,
  2, 0, 3, 2, 3, 1, 1, 0,12, 3, 6,12,24, 2,-1,-1]
[ 0, 0, 3, 2, 0, 3, 2, 3, 1, 1, 0,12, 3, 6,12,24, 2,-1,-1, 2, 0, 0, 0, 3,
  2, 0, 3, 2, 3, 2, 1, 1,12, 3, 6,12,24, 3,-1,-1]
[ 0, 0, 3, 2, 0, 3, 2, 3, 2, 1, 1,12, 3, 6,12,24, 3,-1,-1, 3, 6, 0, 0, 3,
  2, 0, 3, 3, 3, 2, 1, 3,12, 3, 6,12,24, 1,-1,-1]
[ 0, 0, 3, 2, 0, 3, 3, 3, 2, 1, 3,12, 3, 6,12,24, 1,-1,-1, 2, 6, 0, 0, 3,
  2, 1, 0, 3, 6, 0, 3, 3,12, 3, 6,12,24, 3,-1,-1]
[ 0, 0, 3, 2, 0, 0, 3, 6, 1, 3, 3,12, 3, 6,12,24, 3,-1,-1, 3, 6, 0, 0, 3,
  2, 0, 0, 3, 6, 1, 3, 6,12, 3, 6,12,24, 3,-1,-1]
[ 0, 0, 3, 2, 0, 0, 3, 6, 1, 3, 6,12, 3, 6,12,24, 3,-1,-1, 3, 6, 0, 0, 3,
  2, 0, 0, 6, 6, 1, 3, 6,12, 3, 6,12,24, 2,-1,-1]
[ 0, 0, 3, 2, 0, 0, 6, 6, 1, 3, 6,12, 3, 6,12,24, 2,-1,-1, 2, 9, 0, 0, 3,
  2, 2, 0, 0,12, 1, 3, 6,12, 3, 6,12,24, 1,-1,-1]
[ 0, 0, 3, 2, 2, 0, 0,12, 1, 3, 6,12, 3, 6,12,24, 1,-1,-1, 3,30, 0, 0, 1,
  0, 0, 0, 3, 2, 3, 3, 6,24, 3, 6,12,24, 2,-1,-1]
[ 1, 0, 0, 0, 0, 0, 3, 2, 3, 3, 6,24, 3, 6,12,24, 2,-1,-1, 3,84, 0, 0, 0,
  2, 1, 0, 3, 0, 0, 3, 6, 2, 6, 6,12,48, 1,-1,-1]
[ 2, 0, 0, 0, 1, 0, 3, 0, 0, 3, 6, 2, 6, 6,12,48, 1,-1,-1, 3, 0, 1, 0, 0,
  0, 2, 0, 3, 0, 1, 3, 6, 2, 6, 6,12,48, 2,-1,-1]
[ 1, 0, 0, 0, 2, 0, 3, 0, 1, 3, 6, 2, 6, 6,12,48, 2,-1,-1, 3, 3, 2, 0, 0,
  0, 1, 0, 3, 0, 3, 3, 6, 2, 6, 6,12,48, 1,-1,-1]
[ 2, 0, 0, 0, 1, 0, 3, 0, 3, 3, 6, 2, 6, 6,12,48, 1,-1,-1, 3, 3, 1, 0, 0,
  0, 3, 0, 3, 0, 3, 3, 6, 2, 6, 6,12,48, 3,-1,-1]
[ 1, 0, 0, 0, 3, 0, 3, 0, 3, 3, 6, 2, 6, 6,12,48, 3,-1,-1, 3, 6, 3, 0, 0,
  0, 1, 0, 3, 0, 6, 3, 6, 2, 6, 6,12,48, 1,-1,-1]
[ 3, 0, 0, 0, 1, 0, 3, 0, 6, 3, 6, 2, 6, 6,12,48, 1,-1,-1, 3, 9, 1, 0, 0,
  0, 3, 0, 3, 0, 1, 3, 6, 2,12, 6,12,48, 3,-1,-1]
[ 1, 0, 0, 0, 3, 0, 3, 0, 1, 3, 6, 2,12, 6,12,48, 3,-1,-1, 0, 3, 1, 0, 0,
  0, 3, 3, 0, 3, 1, 3, 6, 2,12, 6,12,48, 3,-1,-1]
[ 1, 0, 0, 0, 3, 3, 0, 3, 1, 3, 6, 2,12, 6,12,48, 3,-1,-1, 3, 6, 1, 3, 0,
  0, 3, 0, 0, 3, 1, 6, 6, 2,12, 6,12,48, 1,-1,-1]
[ 1, 3, 0, 0, 3, 0, 0, 3, 1, 6, 6, 2,12, 6,12,48, 1,-1,-1, 3, 9, 1, 1, 0,
  0, 3, 3, 0, 3, 1, 0, 6, 2,12,12,12,48, 1,-1,-1]
[ 1, 1, 0, 0, 3, 3, 0, 3, 1, 0, 6, 2,12,12,12,48, 1,-1,-1, 2,27, 0, 1, 1,
  0, 1, 3, 3, 3, 0, 1, 6, 2, 0,12,24,48, 2,-1,-1]
[ 0, 1, 1, 0, 1, 3, 3, 3, 0, 1, 6, 2, 0,12,24,48, 2,-1,-1, 3, 0, 2, 1, 1,
  0, 0, 3, 3, 3, 1, 1, 6, 2, 0,12,24,48, 3,-1,-1]
[ 2, 1, 1, 0, 0, 3, 3, 3, 1, 1, 6, 2, 0,12,24,48, 3,-1,-1, 3, 3, 3, 1, 1,
  0, 2, 3, 3, 3, 0, 1, 6, 2, 1,12,24,48, 2,-1,-1]
[ 3, 1, 1, 0, 2, 3, 3, 3, 0, 1, 6, 2, 1,12,24,48, 2,-1,-1, 3, 0, 2, 1, 1,
  0, 3, 3, 3, 3, 2, 1, 6, 2, 1,12,24,48, 1,-1,-1]
[ 2, 1, 1, 0, 3, 3, 3, 3, 2, 1, 6, 2, 1,12,24,48, 1,-1,-1, 3, 3, 1, 1, 1,
  0, 2, 3, 3, 3, 3, 1, 6, 2, 3,12,24,48, 2,-1,-1]
[ 1, 1, 1, 0, 2, 3, 3, 3, 3, 1, 6, 2, 3,12,24,48, 2,-1,-1, 3, 3, 2, 1, 1,
  0, 1, 3, 3, 3, 2, 1, 6, 2, 6,12,24,48, 2,-1,-1]
[ 2, 1, 1, 0, 1, 3, 3, 3, 2, 1, 6, 2, 6,12,24,48, 2,-1,-1, 2, 6, 2, 2, 1,
  1, 0, 1, 3, 6, 0, 3, 6, 2, 6,12,24,48, 6,-1,-1]
[ 0, 2, 1, 1, 0, 1, 3, 6, 2, 3, 6, 2, 6,12,24,48, 3,-1,-1, 3, 6, 0, 3, 1,
  1, 0, 3, 3, 6, 2, 3, 6, 2, 6,12,24,48, 3,-1,-1]
[ 0, 3, 1, 1, 0, 3, 3, 6, 2, 3, 6, 2, 6,12,24,48, 3,-1,-1, 3, 6, 0, 3, 1,
  1, 0, 3, 3, 6, 2, 6, 6, 2, 6,12,24,48, 1,-1,-1]
[ 0, 3, 1, 1, 0, 3, 3, 6, 2, 6, 6, 2, 6,12,24,48, 1,-1,-1, 2,12, 0, 3, 1,
  1, 1, 0, 6, 6, 0, 2,12, 2, 6,12,24,48, 2,-1,-1]
[ 0, 3, 1, 1, 0, 0, 6, 6, 1, 2,12, 2, 6,12,24,48, 2,-1,-1, 2,12, 0, 3, 1,
  1, 2, 0, 0,12, 0, 3,12, 2, 6,12,24,48, 3,-1,-1]
[ 0, 3, 1, 1, 2, 0, 0,12, 0, 3,12, 2, 6,12,24,48, 3,-1,-1, 3, 3, 3, 0, 0,
  1, 0, 3, 1,12, 2, 3,12, 2, 6,12,24,48, 1,-1,-1]
[ 0, 3, 0, 1, 0, 3, 1,12, 2, 3,12, 2, 6,12,24,48, 1,-1,-1, 3, 3, 0, 1, 0,
  1, 0, 3, 1,12, 2, 6,12, 2, 6,12,24,48, 1,-1,-1]
[ 0, 1, 0, 1, 0, 3, 1,12, 2, 6,12, 2, 6,12,24,48, 1,-1,-1, 0, 0, 1, 0, 1,
  1, 3, 1,12, 0, 2, 6,12, 2, 6,12,24,48, 3,-1,-1]
[ 1, 0, 1, 1, 3, 1,12, 0, 2, 6,12, 2, 6,12,24,48, 3,-1,-1, 3,30, 1, 0, 0,
  3, 3, 1, 1, 1, 2, 6,24, 2, 6,12,24,48, 2,-1,-1]
[ 1, 0, 0, 3, 3, 1, 1, 1, 2, 6,24, 2, 6,12,24,48, 2,-1,-1, 3,84, 1, 0, 2,
  0, 3, 1, 0, 3, 2, 6, 1, 3, 6,12,48,48, 1,-1,-1]
[ 1, 0, 2, 0, 3, 1, 0, 3, 2, 6, 1, 3, 6,12,48,48, 1,-1,-1, 3, 3, 1, 0, 0,
  1, 3, 1, 2, 0, 2, 6, 1, 6, 6,12,48,48, 2,-1,-1]
[ 1, 0, 1, 0, 3, 1, 2, 0, 2, 6, 1, 6, 6,12,48,48, 6,-1,-1, 3,12, 1, 0, 6,
  0, 3, 1, 1, 0, 2, 6, 3, 6, 6,12,48,48, 2,-1,-1]
[  1,  0,  6,  0,  3,  1,  1,  0,  2,  6,  3,  6,  6, 12, 48, 48,  2, -1,
  -1,  0,243,  1,  6,  0,  2,  3,  1,  1,  0,  2,  6,  3,  6,  6, 12, 96,
   0,  2, -1, -1]
[ 1, 6, 0, 2, 3, 1, 1, 0, 2, 6, 3, 6, 6,12,96, 0, 2,-1,-1, 2, 0, 0, 1, 6,
  2, 0, 3, 1, 1, 2, 6, 3, 6, 2, 6,12,96, 3,-1,-1]
[ 0, 1, 6, 2, 0, 3, 1, 1, 2, 6, 3, 6, 2, 6,12,96, 3,-1,-1, 3,15, 0, 3, 6,
  0, 0, 1, 1, 3, 2, 3, 3, 6, 2,12,12,96, 3,-1,-1]
[ 0, 3, 6, 0, 0, 1, 1, 3, 2, 3, 3, 6, 2,12,12,96, 3,-1,-1, 0,33, 3, 6, 0,
  3, 1, 1, 3, 0, 2, 6, 6, 0, 2,24,96, 0, 1,-1,-1]
[ 3, 6, 0, 3, 1, 1, 3, 0, 2, 6, 6, 0, 2,24,96, 0, 1,-1,-1, 2, 0, 0, 3, 6,
  3, 0, 1, 1, 3, 0, 2, 6, 6, 1, 2,24,96, 2,-1,-1]
[ 0, 3, 6, 3, 0, 1, 1, 3, 0, 2, 6, 6, 1, 2,24,96, 2,-1,-1, 2,12, 0, 3, 6,
  3, 0, 1, 1, 3, 0, 0, 2,12, 2, 3,24,96, 3,-1,-1]
[ 0, 3, 6, 3, 0, 1, 1, 3, 0, 0, 2,12, 2, 3,24,96, 3,-1,-1, 3, 9, 0, 0, 3,
  0, 0, 3, 6, 6, 0, 1, 3,12, 2, 3,24,96, 3,-1,-1]
[ 0, 0, 3, 0, 0, 3, 6, 6, 0, 1, 3,12, 2, 3,24,96, 3,-1,-1, 2,12, 3, 0, 0,
  3, 0, 0, 3,12, 0, 1, 3,12, 2, 3,24,96, 1,-1,-1]
[ 3, 0, 0, 3, 0, 0, 3,12, 0, 1, 3,12, 2, 3,24,96, 1,-1,-1, 3,30, 0, 0, 0,
  1, 3, 0, 0, 3, 0, 1, 6,24, 2, 3,24,96, 2,-1,-1]
[ 0, 0, 0, 1, 3, 0, 0, 3, 0, 1, 6,24, 2, 3,24,96, 2,-1,-1, 2, 0, 0, 0, 0,
  1, 2, 3, 0, 3, 0, 1, 6,24, 2, 3,24,96, 2,-1,-1]
[ 0, 0, 0, 1, 2, 3, 0, 3, 0, 1, 6,24, 2, 3,24,96, 2,-1,-1, 2, 0, 0, 0, 0,
  1, 2, 2, 3, 3, 0, 1, 6,24, 2, 3,24,96, 1,-1,-1]
[ 0, 0, 0, 1, 2, 2, 3, 3, 0, 1, 6,24, 2, 3,24,96, 1,-1,-1, 3, 3, 1, 0, 0,
  1, 0, 0, 3, 3, 2, 3, 6,24, 2, 3,24,96, 2,-1,-1]
[ 1, 0, 0, 1, 0, 0, 3, 3, 2, 3, 6,24, 2, 3,24,96, 2,-1,-1, 3, 3, 0, 2, 0,
  1, 1, 0, 3, 3, 2, 0, 6,24, 2, 6,24,96, 1,-1,-1]
[ 2, 0, 0, 1, 1, 0, 3, 3, 2, 0, 6,24, 2, 6,24,96, 6,12,-1, 3,12, 6, 0, 0,
  1, 2, 0, 3, 3, 3, 0, 6,24, 2, 6,24,96, 1,-1,-1]
[ 6, 0, 0, 1, 2, 0, 3, 3, 3, 0, 6,24, 2, 6,24,96, 1,-1,-1, 2, 3, 1, 6, 0,
  1, 0, 2, 0, 6, 0, 3, 6,24, 2, 6,24,96, 3,-1,-1]
[ 0, 6, 0, 1, 0, 2, 0, 6, 1, 3, 6,24, 2, 6,24,96, 3,-1,-1, 2, 3, 0, 0, 6,
  1, 3, 0, 2, 6, 1, 3, 6,24, 2, 6,24,96, 2,-1,-1]
[ 0, 0, 6, 1, 3, 0, 2, 6, 1, 3, 6,24, 2, 6,24,96, 2,-1,-1, 3, 3, 2, 0, 6,
  1, 0, 0, 2, 6, 3, 3, 6,24, 3, 6,24,96, 3,-1,-1]
[ 2, 0, 6, 1, 0, 0, 2, 6, 3, 3, 6,24, 3, 6,24,96, 3,-1,-1, 2, 6, 0, 2, 6,
  1, 0, 0, 2, 6, 3, 6, 6,24, 3, 6,24,96, 3,-1,-1]
[ 0, 2, 6, 1, 0, 0, 2, 6, 3, 6, 6,24, 3, 6,24,96, 3,-1,-1, 3,15, 3, 0, 6,
  1, 0, 2, 2, 6, 0, 0, 6,24, 6,12,24,96, 1,-1,-1]
[ 3, 0, 6, 1, 0, 2, 2, 6, 0, 0, 6,24, 6,12,24,96, 1,-1,-1, 3, 0, 0, 1, 6,
  1, 3, 0, 2, 6, 0, 2, 6,24, 6,12,24,96, 1,-1,-1]
[ 0, 1, 6, 1, 3, 0, 2, 6, 0, 2, 6,24, 6,12,24,96, 1,-1,-1, 3, 0, 1, 0, 6,
  1, 0, 1, 2, 6, 3, 2, 6,24, 6,12,24,96, 2,-1,-1]
[ 1, 0, 6, 1, 0, 1, 2, 6, 3, 2, 6,24, 6,12,24,96, 2,-1,-1, 3, 3, 0, 2, 6,
  1, 1, 0, 2, 6, 3, 3, 6,24, 6,12,24,96, 3,-1,-1]
[ 2, 0, 6, 1, 1, 0, 2, 6, 3, 3, 6,24, 6,12,24,96, 3,-1,-1, 2, 6, 0, 2, 6,
  1, 0, 1, 2, 6, 3, 6, 6,24, 6,12,24,96, 2,-1,-1]
[ 0, 2, 6, 1, 0, 1, 2, 6, 3, 6, 6,24, 6,12,24,96, 2,-1,-1, 2,12, 0, 2, 6,
  1, 2, 0, 3, 6, 0, 3,12,24, 6,12,24,96, 1,-1,-1]
[ 0, 2, 6, 1, 2, 0, 3, 6, 0, 3,12,24, 6,12,24,96, 1,-1,-1, 2, 0, 0, 2, 6,
  1, 1, 2, 3, 6, 0, 3,12,24, 6,12,24,96, 1,-1,-1]
[ 0, 2, 6, 1, 1, 2, 3, 6, 0, 3,12,24, 6,12,24,96, 1,-1,-1, 2, 3, 0, 2, 6,
  1, 1, 3, 3, 6, 0, 3,12,24, 6,12,24,96, 2,-1,-1]
[ 0, 2, 6, 1, 1, 3, 3, 6, 0, 3,12,24, 6,12,24,96, 2,-1,-1, 2, 3, 0, 2, 6,
  1, 2, 1, 6, 6, 0, 3,12,24, 6,12,24,96, 3,-1,-1]
[ 0, 2, 6, 1, 2, 1, 6, 6, 0, 3,12,24, 6,12,24,96, 3,-1,-1, 3,15, 0, 3, 0,
  1, 0, 3,12, 6, 2, 3,12,24, 6,12,24,96, 6,12,-1]
[ 0, 0, 3, 1, 0, 3,12, 6, 2, 3,12,24, 6,12,24,96, 3,-1,-1, 3,33, 0, 3, 0,
  1, 0, 0, 3, 6, 2, 6,24,24, 6,12,24,96, 2,-1,-1]
[ 0, 3, 0, 1, 0, 0, 3, 6, 2, 6,24,24, 6,12,24,96, 2,-1,-1, 3,81, 0, 2, 0,
  1, 0, 3, 0, 6, 2, 6, 3,24, 6,12,48,96, 1,-1,-1]
[ 0, 0, 2, 1, 0, 3, 0, 6, 2, 6, 3,24, 6,12,48,96, 1,-1,-1, 2, 3, 1, 0, 0,
  3, 0, 0, 3, 6, 2, 6, 3,24, 6,12,48,96, 1,-1,-1]
[ 1, 0, 0, 3, 0, 0, 3, 6, 2, 6, 3,24, 6,12,48,96, 1,-1,-1, 3, 3, 0, 0, 1,
  3, 1, 0, 0, 6, 2, 6, 6,24, 6,12,48,96, 1,-1,-1]
[ 1, 0, 0, 3, 1, 0, 0, 6, 2, 6, 6,24, 6,12,48,96, 1,-1,-1, 3, 3, 1, 0, 0,
  3, 1, 0, 0, 6, 3, 6, 6,24, 6,12,48,96, 2,-1,-1]
[ 1, 0, 0, 3, 1, 0, 0, 6, 3, 6, 6,24, 6,12,48,96, 2,-1,-1, 2, 9, 0, 1, 0,
  3, 2, 1, 0, 6, 0, 3,12,24, 6,12,48,96, 3,-1,-1]
[ 2, 1, 0, 3, 0, 1, 0, 6, 0, 3,12,24, 6,12,48,96, 3,-1,-1, 0, 6, 3, 0, 3,
  0, 1, 0, 6, 0, 3,12,24, 3, 6,12,48,96, 2,-1,-1]
[ 3, 0, 3, 0, 1, 0, 6, 0, 3,12,24, 3, 6,12,48,96, 2,-1,-1, 3,27, 3, 2, 3,
  0, 1, 0, 6, 0, 3, 0,24, 3, 6,24,48,96, 1,-1,-1]
[ 3, 2, 3, 0, 1, 0, 6, 0, 3, 0,24, 3, 6,24,48,96, 1,-1,-1, 2, 0, 1, 3, 2,
  3, 0, 1, 0, 6, 0, 3,24, 3, 6,24,48,96, 3,-1,-1]
[ 0, 3, 2, 3, 0, 1, 0, 6, 1, 3,24, 3, 6,24,48,96, 3,-1,-1, 3, 3, 0, 3, 3,
  3, 0, 1, 2, 6, 1, 3,24, 3, 6,24,48,96, 2,-1,-1]
[ 0, 3, 3, 3, 0, 1, 2, 6, 1, 3,24, 3, 6,24,48,96, 2,-1,-1, 2, 6, 0, 0, 3,
  6, 2, 0, 3, 6, 1, 3,24, 3, 6,24,48,96, 3,-1,-1]
[ 0, 0, 3, 6, 2, 0, 3, 6, 1, 3,24, 3, 6,24,48,96, 3,-1,-1, 3,18, 0, 0, 3,
  0, 0, 0, 6,12, 3, 3,24, 3, 6,24,48,96, 1,-1,-1]
[ 3, 0, 0, 0, 0, 0, 6,12, 3, 3,24, 3, 6,24,48,96, 1,-1,-1, 3, 0, 1, 0, 0,
  0, 3, 0, 6,12, 3, 3,24, 3, 6,24,48,96, 1,-1,-1]
[ 1, 0, 0, 0, 3, 0, 6,12, 3, 3,24, 3, 6,24,48,96, 1,-1,-1, 3, 3, 1, 0, 0,
  0, 1, 0, 6,12, 6, 3,24, 3, 6,24,48,96, 2,-1,-1]
[ 1, 0, 0, 0, 1, 0, 6,12, 6, 3,24, 3, 6,24,48,96, 2,-1,-1, 2, 0, 2, 1, 0,
  0, 0, 1, 6,12, 6, 3,24, 3, 6,24,48,96, 6,12,-1]
[ 0, 1, 0, 0, 2, 1, 6,12, 6, 3,24, 3, 6,24,48,96, 3,-1,-1, 3,12, 3, 1, 0,
  0, 0, 1, 6,12, 2, 3,24, 3,12,24,48,96, 2,-1,-1]
[ 3, 1, 0, 0, 0, 1, 6,12, 2, 3,24, 3,12,24,48,96, 2,-1,-1, 0, 0, 3, 1, 0,
  0, 1, 6,12, 2, 2, 3,24, 3,12,24,48,96, 3,-1,-1]
[ 3, 1, 0, 0, 1, 6,12, 2, 2, 3,24, 3,12,24,48,96, 3,-1,-1, 3, 6, 3, 1, 0,
  0, 3, 6,12, 2, 3, 3,24, 3,12,24,48,96, 2,-1,-1]
[ 3, 1, 0, 0, 3, 6,12, 2, 3, 3,24, 3,12,24,48,96, 2,-1,-1, 2, 3, 0, 3, 1,
  0, 3, 6,12, 2, 2, 6,24, 3,12,24,48,96, 3,-1,-1]
[ 2, 3, 1, 0, 3, 6,12, 2, 0, 6,24, 3,12,24,48,96, 3,-1,-1, 3,12, 0, 3, 1,
  0, 2, 3,12, 2, 3,12,24, 3,12,24,48,96, 1,-1,-1]
[ 0, 3, 1, 0, 2, 3,12, 2, 3,12,24, 3,12,24,48,96, 1,-1,-1, 2, 0, 1, 0, 3,
  1, 2, 3,12, 2, 3,12,24, 3,12,24,48,96, 6,12,-1]
[ 1, 0, 3, 1, 2, 3,12, 2, 3,12,24, 3,12,24,48,96, 2,-1,-1, 3, 6, 0, 0, 3,
  2, 3, 3,12, 3, 3,12,24, 3,12,24,48,96, 1,-1,-1]
[ 0, 0, 3, 2, 3, 3,12, 3, 3,12,24, 3,12,24,48,96, 6,12,-1, 2,12, 0, 0, 3,
  2, 6, 6,12, 3, 3,12,24, 3,12,24,48,96, 1,-1,-1]
[ 0, 0, 3, 2, 6, 6,12, 3, 3,12,24, 3,12,24,48,96, 1,-1,-1, 2, 9, 0, 0, 3,
  2, 1,12,12, 3, 3,12,24, 3,12,24,48,96, 3,-1,-1]
[ 0, 0, 3, 2, 1,12,12, 3, 3,12,24, 3,12,24,48,96, 3,-1,-1, 3,33, 0, 0, 3,
  3, 1, 0,12, 2, 3,24,24, 6,12,24,48,96, 3,-1,-1]
[ 0, 3, 3, 0, 1, 0,12, 2, 3,24,24, 6,12,24,48,96, 3,-1,-1, 3,84, 0, 3, 3,
  0, 1, 3,12, 2, 3, 0,24, 6,12,48,48,96, 2,-1,-1]
[ 0, 3, 3, 0, 1, 3,12, 2, 3, 0,24, 6,12,48,48,96, 2,-1,-1, 3, 0, 0, 2, 3,
  0, 1, 3,12, 2, 3, 3,24, 6,12,48,48,96, 1,-1,-1]
[ 0, 2, 3, 0, 1, 3,12, 2, 3, 3,24, 6,12,48,48,96, 1,-1,-1, 3, 3, 0, 1, 3,
  0, 1, 2,12, 2, 3, 6,24, 6,12,48,48,96, 2,-1,-1]
[ 0, 1, 3, 0, 1, 2,12, 2, 3, 6,24, 6,12,48,48,96, 2,-1,-1, 3, 3, 0, 2, 3,
  0, 1, 3,12, 2, 3, 6,24, 6,12,48,48,96, 1,-1,-1]
[  0,  2,  3,  0,  1,  3, 12,  2,  3,  6, 24,  6, 12, 48, 48, 96,  1, -1,
  -1,  0,243,  2,  3,  0,  0,  1,  3, 12,  2,  3,  6, 24,  6, 12, 96, 96,
   1,  6, 12, -1]
[ 2, 3, 0, 0, 1, 3,12, 2, 3, 6,24, 6,12,96,96, 1, 1,-1,-1, 1, 6, 3, 6,12,
  2, 3, 6,24, 6,12,96,96, 1, 1, 0, 0, 0, 1,-1,-1]
[ 3, 6,12, 2, 3, 6,24, 6,12,96,96, 1, 0, 1, 0, 0, 1,-1,-1, 3, 9, 0, 0, 1,
  0, 3,12,12, 2, 3,96,24, 6,12, 1,96, 1, 3,-1,-1]
[ 0, 0, 0, 1, 3,12,12, 2, 3,96,24, 6,12, 1,96, 1, 3,-1,-1, 3, 9, 3, 0, 0,
  0, 0,12,12, 3, 6,96,24, 6,12, 1,96, 1, 3,-1,-1]
[ 0, 0, 0, 3, 0,12,12, 3, 6,96,24, 6,12, 1,96, 1, 3,-1,-1, 2,30, 0, 0, 0,
  3, 3, 0,24, 3, 6,96,24, 6,12, 1,96, 1, 2,-1,-1]
[ 0, 0, 0, 3, 3, 0,24, 3, 6,96,24, 6,12, 1,96, 1, 2,-1,-1, 3,84, 0, 0, 2,
  0, 3, 0, 0, 6, 6,96,48, 6,12, 1,96, 1, 6,12,-1]
[ 0, 0, 2, 0, 3, 0, 0, 6, 6,96,48, 6,12, 1,96, 1, 3,-1,-1, 3,12, 0, 0, 0,
  3, 3, 0, 2, 0, 6,96,48,12,12, 1,96, 1, 6,12,-1]
[ 0, 0, 3, 0, 3, 0, 2, 0, 6,96,48,12,12, 1,96, 1, 6,12,-1, 0, 9, 0, 3, 0,
  0, 3, 2, 0, 6, 6,96,48,12,12, 1,96, 1, 2,-1,-1]
[ 0, 3, 0, 6, 3, 2, 0, 0, 6,96,48,12,12, 1,96, 1, 2,-1,-1, 3, 0, 0, 3, 0,
  2, 3, 2, 0, 6, 6,96,48,12,12, 1,96, 1, 1,-1,-1]
[ 0, 3, 0, 2, 3, 2, 0, 6, 6,96,48,12,12, 1,96, 1, 1,-1,-1, 0, 0, 3, 0, 2,
  0, 3, 2, 6, 1, 6,96,48,12,12, 1,96, 1, 2,-1,-1]
[ 3, 0, 2, 1, 3, 2, 6, 0, 6,96,48,12,12, 1,96, 1, 2,-1,-1, 2, 3, 2, 3, 0,
  3, 0, 3, 2, 6, 6,96,48,12,12, 1,96, 1, 3,-1,-1]
[ 2, 3, 0, 3, 0, 3, 2, 6, 6,96,48,12,12, 1,96, 1, 3,-1,-1, 3, 6, 0, 3, 0,
  3, 2, 6, 2, 6, 6,96,48,12,12, 1,96, 1, 3,-1,-1]
[ 0, 3, 0, 3, 2, 6, 2, 6, 6,96,48,12,12, 1,96, 1, 3,-1,-1, 0, 3, 3, 0, 3,
  3, 2, 6, 2, 6, 6,96,48,12,12, 1,96, 1, 1,-1,-1]
[ 3, 0, 3, 3, 2, 6, 2, 6, 6,96,48,12,12, 1,96, 1, 1,-1,-1, 2, 3, 1, 3, 0,
  6, 2, 6, 2, 6, 6,96,48,12,12, 1,96, 1, 3,-1,-1]
[ 1, 3, 0, 6, 2, 6, 2, 6, 6,96,48,12,12, 1,96, 1, 3,-1,-1, 3,15, 0, 3, 0,
  3, 3, 6, 2,12, 6,96,48,12,12, 1,96, 1, 2,-1,-1]
[ 3, 3, 0, 0, 3, 6, 2,12, 6,96,48,12,12, 1,96, 1, 2,-1,-1, 3,30, 2, 3, 0,
  0, 6, 6, 2, 0, 6,96,48,24,12, 1,96, 1, 1,-1,-1]
[ 0, 3, 0, 2, 6, 6, 2, 0, 6,96,48,24,12, 1,96, 1, 1,-1,-1, 3, 9, 1, 3, 0,
  0, 0, 6, 2, 2,12,96,48,24,12, 1,96, 1, 2,-1,-1]
[ 0, 3, 0, 1, 0, 6, 2, 2,12,96,48,24,12, 1,96, 1, 2,-1,-1, 3,30, 2, 3, 0,
  0, 0, 6, 2, 3, 0,96,48,24,24, 1,96, 1, 1,-1,-1]
[ 0, 3, 0, 2, 0, 6, 2, 3, 0,96,48,24,24, 1,96, 1, 1,-1,-1, 0, 0, 3, 0, 2,
  0, 6, 2, 3, 1,96,48,24, 0,24, 1,96, 1, 2,-1,-1]
[ 3, 0, 2, 1, 6, 2, 3, 0,96,48,24, 0,24, 1,96, 1, 2,-1,-1, 2, 3, 0, 3, 0,
  3, 0, 6, 2, 3, 2,96,48,24,24, 1,96, 1, 3,-1,-1]
[ 0, 3, 0, 3, 2, 6, 2, 3, 0,96,48,24,24, 1,96, 1, 3,-1,-1, 3, 6, 3, 3, 0,
  0, 0, 6, 2, 6, 2,96,48,24,24, 1,96, 1, 3,-1,-1]
[ 3, 3, 0, 0, 0, 6, 2, 6, 2,96,48,24,24, 1,96, 1, 3,-1,-1, 3, 3, 3, 3, 0,
  0, 3, 6, 2, 6, 2,96,48,24,24, 1,96, 1, 6,12,-1]
[ 3, 3, 0, 0, 3, 6, 2, 6, 2,96,48,24,24, 1,96, 1, 2,-1,-1, 3, 3, 2, 3, 0,
  0, 6, 6, 2, 6, 2,96,48,24,24, 1,96, 1, 1,-1,-1]
[ 2, 3, 0, 0, 6, 6, 2, 6, 2,96,48,24,24, 1,96, 1, 1,-1,-1, 2, 9, 0, 2, 3,
  0, 1,12, 2, 6, 2,96,48,24,24, 1,96, 1, 3,-1,-1]
[ 1, 2, 3, 0, 0,12, 2, 6, 2,96,48,24,24, 1,96, 1, 3,-1,-1, 2, 3, 3, 1, 2,
  3, 0,12, 2, 6, 2,96,48,24,24, 1,96, 1, 2,-1,-1]
[ 3, 1, 2, 3, 0,12, 2, 6, 2,96,48,24,24, 1,96, 1, 2,-1,-1, 2, 3, 2, 3, 3,
  3, 0,12, 2, 6, 2,96,48,24,24, 1,96, 1, 2,-1,-1]
[ 2, 3, 3, 3, 0,12, 2, 6, 2,96,48,24,24, 1,96, 1, 2,-1,-1, 2, 3, 2, 2, 3,
  6, 0,12, 2, 6, 2,96,48,24,24, 1,96, 1, 2,-1,-1]
[ 2, 2, 3, 6, 0,12, 2, 6, 2,96,48,24,24, 1,96, 1, 2,-1,-1, 3, 9, 0, 2, 3,
  2, 2,12, 2,12, 2,96,48,24,24, 1,96, 1, 1,-1,-1]
[ 0, 2, 3, 2, 2,12, 2,12, 2,96,48,24,24, 1,96, 1, 1,-1,-1, 0, 0, 2, 3, 2,
  1, 2,12, 2,12, 2,96,48,24,24, 1,96, 1, 3,-1,-1]
[ 2, 3, 2, 1, 2,12, 2,12, 2,96,48,24,24, 1,96, 1, 3,-1,-1, 2, 6, 3, 2, 3,
  3, 2,12, 2,12, 2,96,48,24,24, 1,96, 1, 3,-1,-1]
[ 3, 2, 3, 3, 2,12, 2,12, 2,96,48,24,24, 1,96, 1, 3,-1,-1, 2, 6, 3, 3, 2,
  6, 2,12, 2,12, 2,96,48,24,24, 1,96, 1, 1,-1,-1]
[ 3, 3, 2, 6, 2,12, 2,12, 2,96,48,24,24, 1,96, 1, 1,-1,-1, 2, 3, 1, 6, 2,
  6, 2,12, 2,12, 2,96,48,24,24, 1,96, 1, 1,-1,-1]
[ 1, 6, 2, 6, 2,12, 2,12, 2,96,48,24,24, 1,96, 1, 1,-1,-1, 1, 3, 3, 6, 2,
  6, 2,12, 2,12,24,96,48,24, 1, 1,96, 1, 6,12,-1]
