1516196197
[ 0, 9, 2,-1,-1, 3, 3, 0, 0, 0, 2, 0, 1, 0, 2, 1, 0, 1, 3, 1, 0, 2]
[ 1, 9, 3,-1,-1, 0, 3, 3, 0, 0, 0, 2, 1, 0, 0, 2, 1, 2, 1, 3, 1, 2]
[ 2,21, 2,-1,-1, 0, 0, 3, 3, 0, 0, 0, 3, 3, 0, 0, 3, 0, 3, 3, 1, 0]
[ 3,21, 1,-1,-1, 0, 3, 3, 0, 0, 0, 3, 0, 3, 0, 3, 0, 3, 3, 1, 2, 2]
[ 4,24, 3,-1,-1, 1, 0, 3, 3, 0, 0, 0, 3, 0, 3, 0, 3, 0, 3, 3, 3, 3]
[ 5,33, 2,-1,-1, 0, 0, 3, 0, 1, 0, 3, 3, 0, 0, 0, 3, 0, 6, 3, 6, 2]
[ 6,36, 1,-1,-1, 2, 0, 0, 3, 0, 1, 0, 6, 0, 0, 0, 3, 0, 6, 3, 6, 3]
[ 7,36, 2,-1,-1, 0, 1, 0, 3, 2, 0, 0, 6, 0, 1, 0, 3, 0, 6, 3, 6, 3]
[ 8,36, 3,-1,-1, 0, 2, 0, 3, 0, 1, 0, 6, 2, 1, 0, 3, 0, 6, 3, 6, 2]
[ 9,39, 1,-1,-1, 3, 0, 2, 3, 0, 0, 1, 6, 0, 2, 1, 3, 0, 6, 3, 6, 3]
[10,42, 2,-1,-1, 1, 0, 0, 3, 3, 0, 3, 6, 0, 2, 1, 3, 0, 6, 3, 6, 2]
[11,45, 1,-1,-1, 0, 1, 0, 3, 2, 3, 3, 6, 0, 0, 3, 3, 0, 6, 3, 6, 2]
[12,51, 3,-1,-1, 1, 0, 1, 3, 0, 2, 6, 6, 0, 0, 0, 6, 0, 6, 3, 6, 3]
[13,63, 2,-1,-1, 3, 0, 0, 0, 1, 0, 1, 3, 0, 2, 6, 6, 0, 6, 3,12, 2]
[14,72, 3,-1,-1, 0, 3, 0, 0, 0, 1, 1, 3, 2, 0, 2,12, 0, 6, 3,12, 3]
[ 15,105,  2, -1, -1,  0,  3,  0,  0,  0,  3,  0,  0,  0,  1,  3,  3,  2,
   6,  3, 24,  0]
[ 16,105,  3, -1, -1,  3,  0,  0,  2,  3,  0,  0,  0,  1,  3,  3,  0,  2,
   6,  3, 24,  3]
[ 17,114,  1, -1, -1,  0,  0,  0,  3,  3,  0,  0,  2,  3,  3,  0,  0,  3,
   6,  6, 24,  2]
[ 18,123,  2, -1, -1,  0,  0,  0,  3,  1,  3,  0,  2,  0,  3,  3,  0,  0,
   3, 12, 24,  2]
[ 19,123,  2, -1, -1,  0,  0,  0,  3,  0,  1,  3,  2,  2,  0,  3,  3,  0,
   3, 12, 24,  2]
[ 20,126,  3, -1, -1,  0,  0,  0,  3,  0,  1,  3,  2,  2,  2,  0,  6,  0,
   3, 12, 24,  3]
[ 21,132,  1, -1, -1,  3,  0,  0,  3,  0,  0,  0,  2,  0,  3,  3,  6,  2,
   3, 12, 24,  2]
[ 22,135,  1, -1, -1,  0,  3,  0,  3,  0,  0,  0,  2,  1,  0,  6,  6,  2,
   3, 12, 24,  2]
[ 23,144,  3, -1, -1,  1,  0,  3,  3,  0,  0,  0,  2,  0,  1,  0, 12,  2,
   3, 12, 24,  3]
[ 24,147,  3, -1, -1,  0,  0,  3,  3,  1,  0,  3,  2,  0,  1,  0, 12,  2,
   3, 12, 24,  3]
[ 25,150,  1, -1, -1,  3,  0,  0,  3,  0,  0,  3,  2,  1,  1,  3, 12,  2,
   3, 12, 24,  3]
[ 26,156,  2, -1, -1,  0,  0,  1,  3,  3,  0,  0,  2,  0,  1,  6, 12,  3,
   3, 12, 24,  3]
[ 27,156,  2, -1, -1,  0,  0,  2,  3,  0,  0,  1,  2,  3,  1,  6, 12,  3,
   3, 12, 24,  2]
[ 28,162,  3, -1, -1,  0,  0,  2,  3,  0,  0,  0,  3,  3,  1,  6, 12,  2,
   6, 12, 24,  3]
[ 29,168,  3, -1, -1,  0,  0,  3,  0,  0,  0,  2,  6,  3,  1,  6, 12,  2,
   6, 12, 24,  0]
[ 30,171,  2, -1, -1,  0,  3,  0,  3,  0,  2,  6,  0,  3,  1,  6, 12,  2,
   6, 12, 24,  3]
[ 31,183,  2, -1, -1,  0,  0,  2,  0,  0,  3,  0,  3,  3,  3, 12, 12,  2,
   6, 12, 24,  3]
[ 32,213,  1, -1, -1,  0,  2,  0,  0,  0,  0,  2,  3,  3,  6,  0, 12,  2,
   6, 24, 24,  2]
[ 33,294,  1, -1, -1,  0,  0,  2,  0,  0,  0,  2,  3,  0,  3,  6, 12,  1,
   2,  6, 48,  2]
[ 34,297,  3, -1, -1,  0,  0,  0,  2,  0,  0,  2,  3,  0,  3,  6, 12,  1,
   3,  6, 48,  3]
[ 35,312,  3, -1, -1,  0,  3,  0,  2,  0,  0,  0,  3,  0,  0,  2, 12,  1,
   6, 12, 48,  3]
[ 36,315,  2, -1, -1,  0,  3,  0,  2,  0,  3,  0,  3,  0,  0,  2, 12,  1,
   6, 12, 48,  3]
[ 37,315,  6, -1, -1,  0,  2,  0,  2,  0,  3,  0,  3,  0,  3,  2, 12,  1,
   6, 12, 48,  3]
[ 38,327,  1, -1, -1,  0,  6,  0,  2,  0,  2,  0,  3,  0,  6,  2, 12,  1,
   6, 12, 48,  3]
[ 39,336,  1, -1, -1,  0,  1,  0,  2,  0,  6,  0,  3,  0,  2,  2, 12,  1,
  12, 12, 48,  2]
[ 40,363,  2, -1, -1,  0,  0,  1,  2,  0,  0,  6,  3,  0,  2,  2, 12,  1,
   1, 24, 48,  3]
[ 41,366,  3, -1, -1,  0,  2,  1,  2,  0,  0,  6,  3,  0,  0,  2, 12,  1,
   3, 24, 48,  2]
[ 42,372,  1, -1, -1,  3,  0,  2,  3,  0,  0,  6,  3,  0,  0,  2, 12,  1,
   3, 24, 48,  3]
[ 43,375,  1, -1, -1,  1,  0,  2,  0,  3,  0,  6,  6,  0,  0,  2, 12,  1,
   3, 24, 48,  3]
[ 44,375,  2, -1, -1,  1,  0,  2,  0,  1,  0,  6,  6,  3,  0,  2, 12,  1,
   3, 24, 48,  2]
[ 45,384,  2, -1, -1,  0,  1,  0,  2,  2,  1,  0, 12,  0,  3,  2, 12,  1,
   3, 24, 48,  3]
[ 46,414,  2, -1, -1,  0,  2,  0,  0,  0,  1,  0,  2,  2,  1,  2, 24,  1,
   6, 24, 48,  3]
[ 47,420,  1, -1, -1,  0,  2,  0,  0,  0,  3,  0,  2,  0,  1,  2, 24,  3,
   6, 24, 48,  2]
[ 48,423,  3, -1, -1,  0,  0,  2,  0,  0,  0,  3,  2,  1,  0,  3, 24,  3,
   6, 24, 48,  3]
[ 49,429,  1, -1, -1,  0,  0,  3,  0,  0,  0,  2,  2,  1,  0,  6, 24,  3,
   6, 24, 48,  0]
[ 50,429,  3, -1, -1,  0,  3,  0,  1,  0,  2,  2,  0,  1,  6, 24,  0,  3,
   6, 24, 48,  3]
[ 51,522,  3, -1, -1,  0,  3,  0,  0,  0,  3,  0,  1,  1,  2,  2,  0,  3,
  12, 48, 48,  2]
[ 52,768,  1, -1, -1,  3,  0,  3,  0,  0,  0,  3,  1,  0,  1,  2,  2,  0,
   3, 12, 96,  3]
[ 53,774,  2, -1, -1,  1,  0,  0,  0,  3,  0,  6,  0,  0,  1,  2,  3,  0,
   3, 12, 96,  2]
[ 54,777,  2, -1, -1,  0,  1,  0,  0,  2,  3,  0,  6,  0,  0,  3,  3,  0,
   3, 12, 96,  2]
[ 55,780,  1, -1, -1,  2,  0,  1,  0,  0,  2,  3,  6,  0,  0,  0,  6,  0,
   3, 12, 96,  3]
[ 56,789,  1, -1, -1,  0,  1,  0,  0,  2,  0,  1,  0,  0,  2,  3, 12,  0,
   3, 12, 96,  3]
[ 57,789,  3, -1, -1,  1,  0,  0,  0,  0,  1,  1,  0,  2,  2,  3, 12,  0,
   3, 12, 96,  2]
[ 58,792,  2, -1, -1,  3,  1,  0,  0,  0,  0,  1,  1,  2,  2,  3, 12,  0,
   3, 12, 96,  3]
[ 59,792,  6, 12, -1,  2,  0,  0,  0,  3,  1,  1,  1,  0,  2,  3, 12,  2,
   3, 12, 96,  3]
[ 60,804,  3, -1, -1,  6,  0,  0,  0,  2,  0,  1,  1,  3,  3,  3, 12,  2,
   3, 12, 96,  2]
[ 61,810,  1, -1, -1,  0,  6,  0,  0,  3,  2,  1,  1,  0,  3,  6, 12,  2,
   3, 12, 96,  2]
[ 62,813,  3, -1, -1,  0,  0,  6,  0,  1,  3,  3,  1,  0,  3,  6, 12,  2,
   3, 12, 96,  3]
[ 63,819,  2, -1, -1,  0,  3,  6,  0,  0,  0,  3,  1,  1,  3,  6, 12,  2,
   6, 12, 96,  3]
[ 64,822,  3, -1, -1,  2,  0,  6,  0,  0,  3,  3,  1,  0,  3,  6, 12,  3,
   6, 12, 96,  2]
[ 65,828,  1, -1, -1,  3,  2,  0,  6,  0,  0,  6,  1,  0,  3,  6, 12,  3,
   6, 12, 96,  3]
[ 66,837,  1, -1, -1,  1,  0,  0,  6,  3,  2,  0,  1,  0,  3, 12, 12,  3,
   6, 12, 96,  2]
[ 67,864,  3, -1, -1,  0,  1,  0,  6,  1,  3,  2,  1,  0,  0,  3, 24,  3,
   6, 12, 96,  2]
[ 68,870,  2, -1, -1,  0,  0,  1,  6,  3,  1,  3,  3,  0,  0,  3, 24,  3,
   6, 12, 96,  3]
[ 69,873,  2, -1, -1,  2,  0,  0,  6,  0,  0,  1,  3,  3,  1,  6, 24,  3,
   6, 12, 96,  3]
[ 70,876,  1, -1, -1,  2,  0,  0,  6,  2,  0,  1,  3,  0,  1,  6, 24,  6,
   6, 12, 96,  2]
[ 71,885,  2, -1, -1,  1,  2,  0,  6,  0,  2,  1,  3,  0,  1,  6, 24,  0,
  12, 12, 96,  3]
[ 72,888,  3, -1, -1,  2,  0,  0,  6,  1,  2,  1,  3,  0,  3,  6, 24,  0,
  12, 12, 96,  2]
[ 73,921,  2, -1, -1,  0,  2,  0,  6,  0,  1,  3,  3,  0,  3,  6, 24,  3,
   0, 24, 96,  2]
[ 74,924,  1, -1, -1,  0,  0,  2,  6,  0,  0,  1,  6,  0,  3,  6, 24,  2,
   3, 24, 96,  3]
[ 75,939,  3, -1, -1,  0,  0,  0,  1,  0,  0,  3, 12,  0,  0,  6, 24,  2,
   6, 24, 96,  0]
[ 76,942,  3, -1, -1,  0,  0,  1,  3,  0,  3, 12,  0,  0,  6, 24,  0,  2,
   6, 24, 96,  3]
[  77,1035,   6,  12,  -1,   0,   3,   0,   0,   0,   0,   1,   3,   0,
    3,  12,   0,   2,  12,  48,  96,   2]
[  78,1044,   1,  -1,  -1,   6,   0,   3,   0,   0,   0,   1,   3,   0,
    0,   3,  12,   2,  12,  48,  96,   2]
[  79,1044,   1,  -1,  -1,   1,   6,   0,   3,   0,   0,   1,   3,   0,
    0,   3,  12,   2,  12,  48,  96,   2]
[  80,1044,   3,  -1,  -1,   1,   1,   6,   3,   0,   0,   1,   3,   0,
    0,   3,  12,   2,  12,  48,  96,   3]
[  81,1050,   3,  -1,  -1,   3,   0,   6,   0,   1,   1,   1,   6,   0,
    0,   3,  12,   2,  12,  48,  96,   3]
[  82,1053,   1,  -1,  -1,   3,   0,   6,   0,   3,   0,   1,   6,   1,
    1,   3,  12,   2,  12,  48,  96,   3]
[  83,1056,   1,  -1,  -1,   1,   0,   6,   0,   3,   0,   1,   6,   3,
    1,   3,  12,   3,  12,  48,  96,   3]
[  84,1059,   2,  -1,  -1,   1,   0,   6,   0,   1,   0,   1,   6,   3,
    1,   3,  12,   6,  12,  48,  96,   2]
[  85,1059,   2,  -1,  -1,   2,   1,   0,   6,   0,   1,   1,   6,   3,
    1,   3,  12,   6,  12,  48,  96,   3]
[  86,1068,   3,  -1,  -1,   0,   1,   0,   2,   2,   1,   1,  12,   3,
    1,   3,  12,   6,  12,  48,  96,   3]
[  87,1098,   3,  -1,  -1,   0,   1,   0,   3,   2,   1,   1,   2,   3,
    1,   3,  24,   6,  12,  48,  96,   2]
[  88,1104,   2,  -1,  -1,   3,   0,   1,   3,   0,   2,   1,   3,   3,
    1,   3,  24,   6,  12,  48,  96,   3]
[  89,1110,   2,  -1,  -1,   0,   0,   1,   2,   3,   0,   1,   6,   3,
    3,   3,  24,   6,  12,  48,  96,   2]
[  90,1116,   1,  -1,  -1,   2,   0,   0,   3,   0,   3,   1,   6,   0,
    3,   6,  24,   6,  12,  48,  96,   3]
[  91,1119,   3,  -1,  -1,   0,   1,   0,   3,   2,   0,   1,   6,   0,
    6,   6,  24,   6,  12,  48,  96,   2]
[  92,1131,   2,  -1,  -1,   0,   0,   1,   3,   3,   2,   1,   6,   0,
    0,  12,  24,   6,  12,  48,  96,   2]
[  93,1134,   3,  -1,  -1,   0,   0,   1,   3,   2,   3,   3,   6,   0,
    0,  12,  24,   6,  12,  48,  96,   2]
[  94,1140,   2,  -1,  -1,   0,   0,   1,   3,   3,   2,   6,   6,   0,
    0,  12,  24,   6,  12,  48,  96,   2]
[  95,1149,   2,  -1,  -1,   0,   0,   1,   3,   2,   3,   2,  12,   0,
    0,  12,  24,   6,  12,  48,  96,   3]
[  96,1152,   6,  12,  -1,   0,   0,   2,   3,   0,   0,   3,  12,   2,
    3,  12,  24,   6,  12,  48,  96,   0]
[  97,1161,   3,  -1,  -1,   0,   2,   3,   6,   0,   3,  12,   0,   2,
    3,  12,  24,   6,  12,  48,  96,   3]
[  98,1194,   6,  12,  -1,   0,   3,   0,   0,   0,   2,   3,   6,   2,
    6,  24,  24,   6,  12,  48,  96,   2]
[  99,1284,   1,  -1,  -1,   6,   0,   3,   0,   0,   2,   3,   6,   0,
    2,   6,  48,   6,  12,  48,  96,   3]
[ 100,1287,   1,  -1,  -1,   0,   0,   1,   0,   6,   2,   6,   6,   0,
    2,   6,  48,   6,  12,  48,  96,   3]
[ 101,1296,   3,  -1,  -1,   1,   0,   0,   0,   0,   2,   1,   6,   6,
    2,  12,  48,   6,  12,  48,  96,   3]
[ 102,1308,   1,  -1,  -1,   3,   0,   0,   0,   1,   2,   1,   6,   0,
    2,  12,  48,  12,  12,  48,  96,   2]
[ 103,1338,   2,  -1,  -1,   0,   3,   0,   0,   0,   1,   3,   6,   0,
    2,  12,  48,   1,  24,  48,  96,   3]
[ 104,1341,   1,  -1,  -1,   0,   2,   0,   0,   0,   3,   3,   6,   0,
    3,  12,  48,   1,  24,  48,  96,   3]
[ 105,1344,   3,  -1,  -1,   0,   1,   0,   0,   0,   2,   3,   6,   0,
    6,  12,  48,   1,  24,  48,  96,   3]
[ 106,1350,   2,  -1,  -1,   0,   3,   0,   0,   0,   3,   3,   6,   0,
    6,  12,  48,   1,  24,  48,  96,   2]
[ 107,1353,   6,  12,  -1,   0,   0,   3,   0,   2,   0,   6,   6,   0,
    6,  12,  48,   1,  24,  48,  96,   2]
[ 108,1371,   2,  -1,  -1,   0,   0,   0,   3,   6,   2,   0,  12,   0,
    6,  12,  48,   1,  24,  48,  96,   3]
[ 109,1371,   2,  -1,  -1,   2,   0,   0,   3,   0,   2,   0,  12,   6,
    6,  12,  48,   1,  24,  48,  96,   2]
[ 110,1380,   6,  12,  -1,   0,   2,   0,   3,   2,   0,   2,  12,   0,
   12,  12,  48,   1,  24,  48,  96,   3]
[ 111,1407,   3,  -1,  -1,   0,  12,   0,   3,   0,   2,   2,  12,   2,
   12,  12,  48,   1,  24,  48,  96,   3]
[ 112,1413,   1,  -1,  -1,   3,  12,   0,   3,   0,   2,   2,  12,   0,
   12,  12,  48,   3,  24,  48,  96,   2]
[ 113,1440,   3,  -1,  -1,   0,   3,  12,   3,   0,   2,   2,  12,   1,
    0,  24,  48,   3,  24,  48,  96,   0]
[ 114,1443,   1,  -1,  -1,   3,  12,   3,   0,   2,   2,  12,   0,   1,
   24,  48,   3,   3,  24,  48,  96,   3]
[ 115,1770,   3,  -1,  -1,   1,   0,   0,   0,   3,  12,   3,   0,   3,
    2,  12,   3,   3,  48,  96,  96,   2]
[ 116,2502,   1,  -1,  -1,   0,   1,   0,   0,   0,   3,  12,   3,   3,
    2,  12,   3,   3,   3,  48, 192,   3]
[ 117,2535,   2,  -1,  -1,   0,   1,   1,   0,   0,   3,   0,   0,   0,
    2,  24,   6,   6,   3,  48, 192,   2]
[ 118,2535,   1,  -1,  -1,   0,   0,   1,   1,   2,   0,   3,   0,   0,
    2,  24,   6,   6,   3,  48, 192,   2]
[ 119,2535,   2,  -1,  -1,   0,   0,   1,   1,   1,   2,   0,   3,   0,
    2,  24,   6,   6,   3,  48, 192,   2]
[ 120,2535,   1,  -1,  -1,   0,   0,   1,   1,   2,   1,   2,   3,   0,
    2,  24,   6,   6,   3,  48, 192,   3]
[ 121,2541,   2,  -1,  -1,   0,   0,   1,   1,   0,   0,   3,   3,   2,
    3,  24,   6,   6,   3,  48, 192,   2]
[ 122,2544,   3,  -1,  -1,   0,   0,   1,   1,   2,   0,   0,   6,   2,
    3,  24,   6,   6,   3,  48, 192,   2]
[ 123,2547,   6,  12,  24,   0,   0,   1,   1,   3,   2,   0,   6,   2,
    3,  24,   6,   6,   3,  48, 192,   2]
[ 124,2628,   1,  -1,  -1,   0,   0,   1,   1,  24,   3,   2,   6,   2,
    3,  24,   6,   6,   3,  48, 192,   3]
[ 125,2643,   3,  -1,  -1,   0,   0,   1,   0,  24,   0,   3,   1,   2,
    3,  24,  12,   6,   6,  48, 192,   2]
[ 126,2655,   2,  -1,  -1,   0,   0,   0,   1,   3,  24,   3,   1,   2,
    3,  24,  12,   0,  12,  48, 192,   3]
[ 127,2655,   3,  -1,  -1,   2,   0,   0,   1,   0,  24,   3,   1,   3,
    3,  24,  12,   2,  12,  48, 192,   2]
[ 128,2661,   2,  -1,  -1,   0,   2,   0,   1,   0,  24,   3,   1,   3,
    6,  24,  12,   2,  12,  48, 192,   2]
[ 129,2661,   1,  -1,  -1,   2,   0,   2,   1,   0,  24,   3,   1,   3,
    6,  24,  12,   2,  12,  48, 192,   0]
[ 130,2661,   3,  -1,  -1,   2,   2,   1,   0,  24,   3,   1,   1,   3,
    6,  24,  12,   2,  12,  48, 192,   2]
[ 131,2664,   2,  -1,  -1,   3,   2,   2,   1,  24,   3,   1,   1,   3,
    6,  24,  12,   2,  12,  48, 192,   2]
[ 132,2667,   2,  -1,  -1,   2,   3,   2,   3,  24,   3,   1,   1,   3,
    6,  24,  12,   2,  12,  48, 192,   3]
[ 133,2673,   1,  -1,  -1,   2,   0,   2,   3,  24,   6,   3,   1,   3,
    6,  24,  12,   2,  12,  48, 192,   3]
[ 134,2682,   3,  -1,  -1,   2,   1,   2,   3,  24,   0,   3,   1,   3,
   12,  24,  12,   2,  12,  48, 192,   2]
[ 135,2688,   2,  -1,  -1,   3,   2,   3,   3,   0,  24,   3,   1,   3,
   12,  24,  12,   2,  12,  48, 192,   3]
[ 136,2718,   2,  -1,  -1,   2,   0,   0,   3,   3,   2,   6,   1,   3,
   24,  24,  12,   2,  24,  48, 192,   2]
[ 137,2799,   3,  -1,  -1,   0,   2,   0,   3,   3,   2,   6,   1,   2,
    3,  48,  12,   2,  24,  48, 192,   3]
[ 138,3045,   1,  -1,  -1,   0,   2,   3,   3,   3,   2,   0,   1,   2,
    3,   6,  12,   2,  24,  96, 192,   2]
[ 139,3048,   3,  -1,  -1,   0,   0,   2,   6,   1,   3,   2,   1,   2,
    3,   6,  12,   2,  24,  96, 192,   3]
[ 140,3057,   1,  -1,  -1,   3,   0,   2,   6,   0,   0,   2,   1,   3,
    6,   6,  12,   2,  24,  96, 192,   2]
[ 141,3069,   3,  -1,  -1,   0,   3,   2,   6,   0,   0,   0,   3,   1,
    3,  12,  12,   2,  24,  96, 192,   3]
[ 142,3075,   1,  -1,  -1,   0,   3,   0,   6,   0,   3,   2,   3,   0,
    3,  12,  12,   3,  24,  96, 192,   3]
[ 143,3078,   1,  -1,  -1,   0,   1,   0,   6,   0,   3,   2,   3,   0,
    6,  12,  12,   3,  24,  96, 192,   2]
[ 144,3105,   2,  -1,  -1,   1,   0,   1,   6,   0,   3,   2,   3,   0,
    0,   6,  24,   3,  24,  96, 192,   3]
[ 145,3108,   2,  -1,  -1,   0,   2,   0,   6,   1,   0,   3,   3,   0,
    3,   6,  24,   3,  24,  96, 192,   3]
[ 146,3108,   1,  -1,  -1,   2,   0,   0,   6,   0,   2,   3,   3,   1,
    3,   6,  24,   3,  24,  96, 192,   0]
[ 147,3108,   1,  -1,  -1,   2,   0,   6,   0,   2,   3,   3,   1,   1,
    3,   6,  24,   3,  24,  96, 192,   3]
[ 148,3114,   2,  -1,  -1,   0,   1,   6,   0,   2,   0,   3,   1,   3,
    6,   6,  24,   3,  24,  96, 192,   0]
[ 149,3123,   3,  -1,  -1,   1,   6,   0,   0,   2,   3,   1,   2,   3,
   12,  24,   0,   3,  24,  96, 192,   2]
[ 150,3129,   3,  -1,  -1,   0,   1,   6,   0,   3,   2,   3,   3,   0,
    3,  12,  24,   3,  24,  96, 192,   2]
[ 151,3135,   1,  -1,  -1,   0,   0,   1,   6,   3,   3,   2,   6,   0,
    3,  12,  24,   3,  24,  96, 192,   3]
[ 152,3150,   3,  -1,  -1,   0,   0,   1,   0,   0,   0,   3,  12,   3,
    6,  12,  24,   3,  24,  96, 192,   0]
[ 153,3153,   3,  -1,  -1,   0,   1,   0,   0,   0,   3,  12,   3,   3,
    6,  12,  24,   3,  24,  96, 192,   3]
[ 154,3186,   2,  -1,  -1,   3,   1,   0,   0,   0,   3,   0,   3,   0,
    6,  24,  24,   6,  24,  96, 192,   3]
[ 155,3186,   6,  12,  24,   2,   1,   0,   0,   3,   3,   0,   3,   0,
    6,  24,  24,   6,  24,  96, 192,   2]
[ 156,3294,   3,  -1,  -1,   0,   2,   1,   0,   0,   3,   3,   3,  12,
    0,   6,  48,   6,  24,  96, 192,   2]
[ 157,3300,   1,  -1,  -1,   3,   0,   2,   1,   0,   0,   3,   6,   0,
   12,   6,  48,   6,  24,  96, 192,   2]
[ 158,3303,   1,  -1,  -1,   1,   3,   0,   3,   0,   0,   3,   6,   0,
   12,   6,  48,   6,  24,  96, 192,   3]
[ 159,3303,   2,  -1,  -1,   0,   1,   0,   3,   1,   3,   3,   6,   0,
   12,   6,  48,   6,  24,  96, 192,   2]
[ 160,3306,   2,  -1,  -1,   0,   0,   1,   3,   2,   1,   6,   6,   0,
   12,   6,  48,   6,  24,  96, 192,   2]
[ 161,3315,   3,  -1,  -1,   0,   0,   1,   3,   2,   2,   1,  12,   0,
   12,   6,  48,   6,  24,  96, 192,   2]
[ 162,3321,   2,  -1,  -1,   0,   0,   1,   3,   3,   2,   3,  12,   0,
   12,   6,  48,   6,  24,  96, 192,   3]
[ 163,3321,   2,  -1,  -1,   2,   0,   1,   3,   0,   2,   3,  12,   3,
   12,   6,  48,   6,  24,  96, 192,   0]
[ 164,3321,   6,  12,  24,   2,   1,   3,   2,   2,   3,  12,   0,   3,
   12,   6,  48,   6,  24,  96, 192,   2]
[ 165,3405,   6,  12,  24,   0,   3,   3,   2,  24,   2,   3,  12,   3,
   12,   6,  48,   6,  24,  96, 192,   3]
[ 166,3435,   3,  -1,  -1,   0,   3,  12,   2,  24,   2,   6,  12,   3,
   12,   6,  48,   6,  24,  96, 192,   3]
[ 167,3447,   1,  -1,  -1,   0,   3,   3,   2,  24,   2,  12,  12,   3,
   12,  12,  48,   6,  24,  96, 192,   2]
[ 168,3504,   1,  -1,  -1,   0,   0,   6,   2,   1,  24,   2,  24,   0,
    3,  24,  48,   6,  24,  96, 192,   0]
[ 169,3504,   3,  -1,  -1,   0,   6,   2,   0,   1,  24,   2,  24,   3,
   24,  48,   1,   6,  24,  96, 192,   3]
[ 170,3588,   1,  -1,  -1,   0,   3,   2,   0,   1,   6,   2,  24,   3,
   24,  48,   1,   6,  48,  96, 192,   0]
[ 171,3588,   1,  -1,  -1,   3,   2,   0,   1,   1,   6,   2,  24,   3,
   24,  48,   1,   6,  48,  96, 192,   2]
[ 172,3588,   1,  -1,  -1,   1,   3,   2,   1,   1,   6,   2,  24,   3,
   24,  48,   1,   6,  48,  96, 192,   0]
[ 173,3591,   2,  -1,  -1,   1,   3,   3,   1,   1,   6,   2,  24,   3,
   24,  48,   1,   6,  48,  96, 192,   2]
[ 174,3594,   3,  -1,  -1,   2,   1,   6,   1,   1,   6,   2,  24,   3,
   24,  48,   1,   6,  48,  96, 192,   3]
[ 175,3600,   1,  -1,  -1,   3,   1,   6,   1,   3,   6,   2,  24,   3,
   24,  48,   1,   6,  48,  96, 192,   3]
[ 176,3603,   3,  -1,  -1,   1,   1,   6,   1,   3,   6,   2,  24,   6,
   24,  48,   1,   6,  48,  96, 192,   3]
