1515862853
[ 0, 9, 2,-1,-1, 0, 3, 1, 0, 2, 0, 1, 3, 0, 2, 3, 2, 1, 0, 0, 0, 3]
[ 1, 9, 3,-1,-1, 0, 0, 0, 2, 0, 3, 1, 0, 2, 0, 1, 3, 1, 2, 3, 2, 2]
[ 2,15, 1,-1,-1, 0, 0, 0, 2, 0, 0, 3, 1, 0, 2, 1, 3, 3, 3, 3, 2, 2]
[ 3,21, 1,-1,-1, 0, 0, 0, 2, 0, 0, 3, 1, 1, 0, 3, 3, 0, 3, 6, 2, 1]
[ 4,24, 3,-1,-1, 0, 0, 3, 3, 1, 0, 3, 3, 0, 3, 6, 2, 0, 0, 0, 1, 3]
[ 5,30, 3,-1,-1, 3, 0, 0, 0, 0, 0, 3, 3, 1, 0, 3, 3, 0, 3, 6, 3, 3]
[ 6,39, 3,-1,-1, 3, 0, 0, 0, 3, 0, 0, 0, 0, 0, 6, 3, 1, 3, 6, 6, 3]
[ 7,51, 3,-1,-1, 3, 0, 0, 0, 3, 0, 0, 0, 3, 0, 0, 3, 1, 3,12, 6, 2]
[ 8,54, 2,-1,-1, 0, 3, 0, 0, 3, 3, 0, 0, 0, 3, 0, 3, 1, 3,12, 6, 2]
[ 9,54, 1,-1,-1, 0, 0, 3, 0, 0, 3, 3, 0, 2, 0, 3, 3, 1, 3,12, 6, 2]
[10,57, 2,-1,-1, 1, 0, 0, 3, 0, 0, 3, 3, 0, 2, 0, 6, 1, 3,12, 6, 3]
[11,66, 2,-1,-1, 0, 0, 0, 2, 1, 0, 0, 3, 0, 2, 3, 3, 1, 3,12,12, 2]
[12,96, 2,-1,-1, 0, 0, 0, 2, 2, 1, 0, 3, 0, 0, 2, 6, 0, 1, 3,24, 2]
[13,96, 1,-1,-1, 0, 0, 0, 2, 2, 2, 1, 3, 0, 0, 2, 6, 0, 1, 3,24, 3]
[14,99, 1,-1,-1, 0, 1, 0, 2, 0, 0, 0, 3, 2, 2, 3, 6, 0, 1, 3,24, 3]
[ 15,105,  3, -1, -1,  1,  0,  0,  2,  0,  1,  0,  3,  0,  0,  0,  6,  2,
   3,  6, 24,  3]
[ 16,108,  1, -1, -1,  3,  0,  0,  2,  1,  0,  0,  3,  0,  1,  0,  6,  2,
   3,  6, 24,  3]
[ 17,108,  3, -1, -1,  1,  0,  0,  2,  3,  0,  0,  3,  1,  1,  0,  6,  2,
   3,  6, 24,  3]
[ 18,114,  1, -1, -1,  3,  0,  0,  2,  1,  0,  0,  3,  3,  1,  0,  6,  3,
   3,  6, 24,  2]
[ 19,117,  1, -1, -1,  0,  3,  0,  2,  0,  1,  0,  3,  0,  3,  1,  6,  1,
   6,  6, 24,  2]
[ 20,126,  2, -1, -1,  1,  0,  3,  2,  0,  0,  1,  3,  0,  3,  1,  6,  0,
   1, 12, 24,  1]
[ 21,126,  3, -1, -1,  1,  0,  3,  2,  0,  3,  1,  3,  0,  1,  1,  6,  0,
   2, 12, 24,  1]
[ 22,129,  3, -1, -1,  1,  3,  3,  2,  0,  1,  1,  3,  0,  2,  1,  6,  0,
   3, 12, 24,  2]
[ 23,138,  2, -1, -1,  3,  1,  6,  2,  0,  1,  1,  3,  0,  0,  3,  6,  0,
   3, 12, 24,  3]
[ 24,138,  1, -1, -1,  2,  0,  6,  2,  3,  1,  1,  3,  0,  1,  3,  6,  0,
   3, 12, 24,  3]
[ 25,138,  2, -1, -1,  1,  0,  6,  2,  2,  1,  1,  3,  3,  1,  3,  6,  0,
   3, 12, 24,  3]
[ 26,138,  2, -1, -1,  2,  0,  6,  2,  1,  1,  1,  3,  2,  1,  3,  6,  3,
   3, 12, 24,  2]
[ 27,144,  3, -1, -1,  0,  2,  6,  2,  1,  1,  1,  3,  0,  3,  3,  6,  2,
   6, 12, 24,  3]
[ 28,150,  2, -1, -1,  3,  0,  6,  2,  0,  3,  1,  3,  1,  3,  3,  6,  2,
   6, 12, 24,  2]
[ 29,153,  1, -1, -1,  0,  3,  6,  2,  0,  3,  1,  3,  2,  1,  6,  6,  2,
   6, 12, 24,  2]
[ 30,162,  2, -1, -1,  0,  3,  6,  2,  0,  3,  1,  3,  1,  2,  1, 12,  2,
   6, 12, 24,  2]
[ 31,165,  2, -1, -1,  0,  3,  6,  2,  0,  3,  1,  3,  2,  1,  3, 12,  2,
   6, 12, 24,  2]
[ 32,168,  1, -1, -1,  0,  3,  6,  2,  0,  3,  1,  3,  2,  3,  3, 12,  2,
   6, 12, 24,  3]
[ 33,171,  3, -1, -1,  0,  1,  6,  2,  0,  3,  1,  3,  2,  6,  3, 12,  2,
   6, 12, 24,  3]
[ 34,183,  3, -1, -1,  0,  3,  6,  2,  0,  1,  1,  3,  2,  3,  3, 12,  2,
  12, 12, 24,  2]
[ 35,216,  1, -1, -1,  0,  3,  6,  2,  0,  1,  1,  3,  3,  2,  6, 12,  0,
   2, 24, 24,  3]
[ 36,219,  1, -1, -1,  1,  0,  6,  2,  0,  3,  1,  3,  0,  3,  6, 12,  3,
   2, 24, 24,  3]
[ 37,222,  2, -1, -1,  1,  0,  6,  2,  1,  0,  1,  3,  0,  6,  6, 12,  3,
   2, 24, 24,  2]
[ 38,312,  3, -1, -1,  0,  1,  6,  2,  0,  1,  1,  3,  2,  0, 12, 12,  0,
   3,  2, 48,  2]
[ 39,342,  2, -1, -1,  0,  1,  6,  2,  0,  1,  1,  3,  3,  2,  0, 24,  0,
   3,  2, 48,  3]
[ 40,345,  1, -1, -1,  2,  0,  0,  2,  0,  1,  6,  3,  0,  3,  1, 24,  3,
   3,  2, 48,  3]
[ 41,351,  3, -1, -1,  1,  0,  0,  2,  2,  0,  0,  3,  0,  1,  6, 24,  3,
   6,  3, 48,  2]
[ 42,354,  3, -1, -1,  0,  1,  0,  2,  3,  2,  0,  3,  0,  1,  6, 24,  3,
   6,  3, 48,  3]
[ 43,360,  2, -1, -1,  3,  0,  0,  2,  0,  1,  0,  3,  3,  3,  6, 24,  3,
   6,  3, 48,  2]
[ 44,363,  6, -1, -1,  2,  3,  0,  2,  0,  0,  1,  3,  0,  6,  6, 24,  3,
   6,  3, 48,  2]
[ 45,381,  2, -1, -1,  6,  2,  3,  2,  0,  0,  1,  3,  0,  0, 12, 24,  3,
   6,  3, 48,  3]
[ 46,381,  3, -1, -1,  0,  2,  3,  2,  6,  2,  1,  3,  0,  0, 12, 24,  3,
   6,  3, 48,  2]
[ 47,387,  3, -1, -1,  0,  2,  3,  2,  3,  6,  3,  3,  0,  0, 12, 24,  3,
   6,  3, 48,  2]
[ 48,393,  2, -1, -1,  0,  2,  3,  2,  3,  3,  6,  6,  0,  0, 12, 24,  3,
   6,  3, 48,  2]
[ 49,402,  1, -1, -1,  0,  2,  3,  2,  2,  3,  3, 12,  0,  0, 12, 24,  3,
   6,  3, 48,  3]
[ 50,405,  1, -1, -1,  0,  1,  0,  2,  0,  2,  6, 12,  2,  3, 12, 24,  3,
   6,  3, 48,  3]
[ 51,408,  1, -1, -1,  0,  1,  0,  2,  0,  3,  6, 12,  2,  3, 12, 24,  3,
   6,  3, 48,  3]
[ 52,411,  3, -1, -1,  0,  1,  0,  2,  0,  1,  6, 12,  2,  6, 12, 24,  3,
   6,  3, 48,  0]
[ 53,414,  6, -1, -1,  1,  0,  2,  0,  1,  6, 12,  3,  2,  6, 12, 24,  3,
   6,  3, 48,  3]
[ 54,462,  2, -1, -1,  0,  6,  0,  0,  1,  0,  2,  3,  3,  6, 24, 24,  3,
  12,  3, 48,  2]
[ 55,543,  3, -1, -1,  0,  0,  6,  0,  2,  1,  2,  3,  0,  3,  6, 48,  3,
  12,  3, 48,  2]
[ 56,549,  1, -1, -1,  3,  0,  0,  6,  0,  2,  3,  3,  0,  3,  6, 48,  3,
  12,  3, 48,  2]
[ 57,552,  6, -1, -1,  0,  3,  0,  6,  1,  0,  2,  6,  0,  3,  6, 48,  3,
  12,  3, 48,  2]
[ 58,561,  2, -1, -1,  0,  0,  3,  6,  6,  1,  2,  6,  0,  3,  6, 48,  3,
  12,  3, 48,  2]
[ 59,564,  6, -1, -1,  0,  0,  3,  6,  2,  6,  3,  6,  0,  3,  6, 48,  3,
  12,  3, 48,  3]
[ 60,819,  3, -1, -1,  0,  0,  6,  0,  0,  6,  6,  6,  2,  3,  6,  6,  3,
  12,  3, 96,  3]
[ 61,840,  1, -1, -1,  0,  0,  0,  3,  0,  6,  6,  0,  2,  3, 12, 12,  3,
  12,  3, 96,  2]
[ 62,867,  3, -1, -1,  0,  0,  0,  3,  1,  0,  6,  6,  0,  2,  3, 24,  3,
  12,  3, 96,  3]
[ 63,873,  1, -1, -1,  0,  0,  3,  3,  0,  0,  0,  6,  1,  2,  6, 24,  3,
  12,  6, 96,  3]
[ 64,882,  1, -1, -1,  0,  0,  1,  3,  0,  0,  3,  6,  1,  2,  0, 24,  3,
  12, 12, 96,  2]
[ 65,909,  2, -1, -1,  0,  0,  1,  3,  0,  0,  3,  6,  1,  1,  2, 24,  0,
   3, 24, 96,  2]
[ 66,912,  2, -1, -1,  0,  0,  1,  3,  0,  0,  3,  6,  2,  1,  3, 24,  0,
   3, 24, 96,  2]
[ 67,915,  3, -1, -1,  0,  0,  1,  3,  0,  0,  3,  6,  2,  3,  3, 24,  0,
   3, 24, 96,  3]
[ 68,924,  3, -1, -1,  0,  0,  3,  3,  0,  0,  1,  6,  0,  0,  6, 24,  2,
   6, 24, 96,  1]
[ 69,927,  2, -1, -1,  0,  0,  3,  3,  0,  0,  1,  6,  2,  6,  6, 24,  0,
   3, 24, 96,  2]
[ 70,939,  3, -1, -1,  2,  0,  0,  6,  0,  0,  1,  6,  0,  2, 12, 24,  0,
   3, 24, 96,  1]
[ 71,951,  1, -1, -1,  2,  0,  1, 12,  0,  2, 12, 24,  0,  3, 24, 96,  0,
   0,  3,  0,  3]
[ 72,951,  2, -1, -1,  1,  0,  1,  0,  2,  0, 12, 12,  0,  2, 24, 24,  0,
   3,  3, 96,  2]
[  73,1062,   1,  -1,  -1,   0,   1,   0,   1,   0,   2,   0,  24,   2,
    0,   2,  48,   0,   0,   6,  96,   2]
[  74,1062,   2,  -1,  -1,   0,   0,   1,   1,   0,   0,   2,  24,   1,
    2,   2,  48,   0,   0,   6,  96,   2]
[  75,1065,   2,  -1,  -1,   0,   0,   1,   1,   0,   0,   2,  24,   2,
    3,   2,  48,   0,   0,   6,  96,   3]
[  76,1068,   1,  -1,  -1,   2,   0,   0,   1,   0,   0,   3,  24,   0,
    0,   2,  48,   2,   3,   6,  96,   3]
[  77,1068,   1,  -1,  -1,   1,   0,   0,   1,   2,   0,   3,  24,   0,
    0,   2,  48,   2,   3,   6,  96,   3]
[  78,1068,   3,  -1,  -1,   1,   0,   0,   1,   1,   0,   3,  24,   2,
    0,   2,  48,   2,   3,   6,  96,   3]
[  79,1074,   2,  -1,  -1,   3,   0,   0,   1,   1,   0,   3,  24,   3,
    0,   2,  48,   2,   3,   6,  96,   2]
[  80,1074,   1,  -1,  -1,   0,   3,   0,   1,   0,   1,   3,  24,   2,
    3,   2,  48,   2,   3,   6,  96,   3]
[  81,1077,   2,  -1,  -1,   0,   1,   0,   1,   0,   3,   3,  24,   2,
    1,   2,  48,   2,   6,   6,  96,   2]
[  82,1092,   1,  -1,  -1,   0,   0,   1,   1,   0,   0,   6,  24,   2,
    2,   3,  48,   0,   2,  12,  96,   1]
[  83,1092,   6,  12,  -1,   0,   0,   1,   1,   2,   2,   6,  24,   0,
    2,   3,  48,   0,   1,  12,  96,   1]
[  84,1119,   3,  -1,  -1,   2,   2,   1,   1,   0,   2,   6,  24,   0,
    1,   3,  48,   0,  12,  12,  96,   3]
[  85,1125,   3,  -1,  -1,   3,   0,   1,   1,   2,   2,   6,  24,   0,
    3,   3,  48,   0,  12,  12,  96,   2]
[  86,1158,   1,  -1,  -1,   0,   3,   1,   1,   2,   2,   6,  24,   3,
    0,   6,  48,   0,   0,  24,  96,   2]
[  87,1158,   2,  -1,  -1,   0,   3,   1,   1,   2,   2,   6,  24,   1,
    3,   6,  48,   0,   0,  24,  96,   3]
[  88,1167,   1,  -1,  -1,   0,   2,   0,   1,   0,   3,   1,  24,   2,
    2,  12,  48,   1,   3,  24,  96,   2]
[  89,1167,   2,  -1,  -1,   1,   0,   2,   1,   0,   3,   1,  24,   2,
    2,  12,  48,   1,   3,  24,  96,   3]
[  90,1173,   3,  -1,  -1,   2,   0,   0,   1,   1,   3,   3,  24,   0,
    2,  12,  48,   3,   3,  24,  96,   2]
[  91,1182,   3,  -1,  -1,   3,   2,   0,   1,   0,   1,   6,  24,   0,
    2,  12,  48,   0,   6,  24,  96,   2]
[  92,1185,   3,  -1,  -1,   3,   3,   2,   1,   0,   1,   6,  24,   0,
    2,  12,  48,   0,   6,  24,  96,   2]
[  93,1191,   2,  -1,  -1,   3,   3,   3,   3,   0,   1,   6,  24,   0,
    2,  12,  48,   0,   6,  24,  96,   2]
[  94,1194,   2,  -1,  -1,   2,   3,   3,   6,   0,   1,   6,  24,   0,
    2,  12,  48,   0,   6,  24,  96,   3]
[  95,1197,   1,  -1,  -1,   0,   2,   3,   6,   2,   3,   6,  24,   0,
    3,  12,  48,   0,   6,  24,  96,   3]
[  96,1200,   2,  -1,  -1,   1,   0,   3,   6,   0,   2,   6,  24,   2,
    6,  12,  48,   0,   6,  24,  96,   2]
[  97,1200,   6,  12,  -1,   2,   1,   3,   6,   0,   2,   6,  24,   2,
    6,  12,  48,   0,   6,  24,  96,   3]
[  98,1218,   3,  -1,  -1,   6,   0,   3,   6,   2,   1,   6,  24,   0,
    2,  12,  48,   2,  12,  24,  96,   3]
[  99,1224,   3,  -1,  -1,   0,   3,   3,   6,   6,   0,   6,  24,   2,
    3,  12,  48,   2,  12,  24,  96,   2]
[ 100,1230,   1,  -1,  -1,   0,   0,   6,   6,   3,   6,   6,  24,   2,
    3,  12,  48,   2,  12,  24,  96,   2]
[ 101,1248,   3,  -1,  -1,   1,   0,   0,  12,   0,   3,  12,  24,   2,
    3,  12,  48,   2,  12,  24,  96,   3]
[ 102,1281,   6,  12,  -1,   0,   3,   0,  12,   1,   0,   0,  24,   2,
    6,  24,  48,   2,  12,  24,  96,   3]
[ 103,1392,   2,  -1,  -1,   0,   0,  12,  12,   0,   3,   0,  24,   3,
    6,   0,  48,   2,  12,  48,  96,   0]
[ 104,1392,   6,  12,  -1,   0,  12,  12,   0,   3,   0,  24,   2,   3,
    6,  48,   0,   2,  12,  48,  96,   3]
[ 105,1647,   1,  -1,  -1,   0,   0,   0,   6,   0,  12,  12,   0,   6,
    6,  24,   2,   2,  12,  96,  96,   2]
[ 106,2385,   1,  -1,  -1,   0,   0,   0,   6,   0,   0,  12,  12,   0,
   12,  24,   2,   1,   2,  12, 192,   2]
[ 107,2415,   3,  -1,  -1,   0,   0,   0,   6,   1,   0,   0,  24,   0,
   12,  24,   2,   0,   3,  12, 192,   3]
[ 108,2418,   2,  -1,  -1,   3,   0,   0,   6,   0,   0,   0,  24,   1,
   12,  24,   2,   0,   3,  12, 192,   3]
[ 109,2418,   2,  -1,  -1,   2,   0,   0,   6,   3,   0,   0,  24,   0,
   12,  24,   2,   1,   3,  12, 192,   2]
[ 110,2418,   2,  -1,  -1,   0,   2,   0,   6,   2,   3,   0,  24,   0,
   12,  24,   2,   1,   3,  12, 192,   3]
[ 111,2418,   1,  -1,  -1,   2,   2,   0,   6,   0,   3,   0,  24,   2,
   12,  24,   2,   1,   3,  12, 192,   3]
[ 112,2421,   1,  -1,  -1,   1,   2,   0,   6,   2,   3,   0,  24,   0,
   12,  24,   2,   3,   3,  12, 192,   3]
[ 113,2421,   3,  -1,  -1,   1,   2,   0,   6,   1,   3,   0,  24,   2,
   12,  24,   2,   3,   3,  12, 192,   3]
[ 114,2427,   2,  -1,  -1,   3,   2,   0,   6,   1,   3,   0,  24,   3,
   12,  24,   2,   3,   3,  12, 192,   2]
[ 115,2430,   1,  -1,  -1,   0,   3,   2,   6,   0,   1,   3,  24,   3,
   12,  24,   2,   2,   6,  12, 192,   1]
[ 116,2430,   6,  12,  24,   0,   3,   2,   6,   3,   1,   3,  24,   2,
   12,  24,   2,   1,   6,  12, 192,   3]
[ 117,2514,   3,  -1,  -1,  24,   3,   2,   6,   0,   1,   3,  24,   3,
   12,  24,   2,   3,   6,  12, 192,   3]
[ 118,2520,   3,  -1,  -1,   3,   3,   2,   6,  24,   1,   3,  24,   0,
   12,  24,   2,   6,   6,  12, 192,   3]
[ 119,2523,   1,  -1,  -1,   3,   3,   2,   6,   3,   1,   3,  24,  24,
   12,  24,   2,   6,   6,  12, 192,   2]
[ 120,2535,   2,  -1,  -1,   1,   6,   2,   6,   3,   1,   3,  24,  24,
   12,  24,   2,   0,  12,  12, 192,   2]
[ 121,2562,   1,  -1,  -1,   1,   6,   2,   6,   3,   1,   3,  24,  24,
   12,  24,   2,   2,   0,  24, 192,   3]
[ 122,2643,   2,  -1,  -1,   1,   1,   0,   6,   3,   6,   2,  24,  24,
    1,   3,   2,   2,  12,  48, 192,   2]
[ 123,2643,   2,  -1,  -1,   2,   1,   1,   6,   3,   6,   2,  24,  24,
    1,   3,   2,   2,  12,  48, 192,   2]
[ 124,2646,   3,  -1,  -1,   2,   3,   1,   6,   3,   6,   2,  24,  24,
    1,   3,   2,   2,  12,  48, 192,   3]
[ 125,2652,   1,  -1,  -1,   2,   3,   3,   6,   3,   6,   3,  24,  24,
    1,   3,   2,   2,  12,  48, 192,   2]
[ 126,2655,   1,  -1,  -1,   1,   2,   6,   6,   3,   6,   3,  24,  24,
    1,   3,   2,   2,  12,  48, 192,   3]
[ 127,2658,   3,  -1,  -1,   1,   2,   1,   6,   3,   6,   6,  24,  24,
    1,   6,   2,   2,  12,  48, 192,   3]
[ 128,2670,   3,  -1,  -1,   1,   2,   3,   6,   3,   6,   1,  24,  24,
    1,  12,   2,   2,  12,  48, 192,   0]
[ 129,2676,   3,  -1,  -1,   3,   3,   6,   3,   3,   6,   1,  24,  24,
    1,  12,   2,   2,  12,  48, 192,   3]
[ 130,2682,   1,  -1,  -1,   3,   3,   6,   3,   6,   6,   1,  24,  24,
    1,  12,   2,   2,  12,  48, 192,   0]
[ 131,2694,   2,  -1,  -1,   6,   6,   3,   0,  12,   1,  24,   1,  24,
    1,  12,   2,   2,  12,  48, 192,   3]
[ 132,2697,   2,  -1,  -1,   6,   6,   3,   2,  12,   1,  24,   0,  24,
    1,  12,   3,   2,  12,  48, 192,   0]
[ 133,2706,   1,  -1,  -1,  12,   3,   2,   2,  12,   1,  24,   0,  24,
    1,  12,   3,   2,  12,  48, 192,   3]
[ 134,2733,   3,  -1,  -1,   0,   3,   2,   1,  24,   1,  24,   2,  24,
    1,  12,   3,   2,  12,  48, 192,   3]
[ 135,2820,   2,  -1,  -1,   0,   3,   2,   3,   0,   1,  24,   3,  48,
    1,  12,   3,   2,  12,  48, 192,   3]
[ 136,2823,   1,  -1,  -1,   0,   3,   2,   2,   0,   1,  24,   3,  48,
    1,  12,   6,   2,  12,  48, 192,   0]
[ 137,2823,   3,  -1,  -1,   3,   2,   2,   1,   1,  24,   3,   0,  48,
    1,  12,   6,   2,  12,  48, 192,   2]
[ 138,2829,   3,  -1,  -1,   0,   3,   2,   3,   3,   1,  24,   3,  48,
    1,  12,   6,   2,  12,  48, 192,   3]
[ 139,2835,   2,  -1,  -1,   0,   3,   2,   3,   3,   1,  24,   6,  48,
    1,  12,   6,   2,  12,  48, 192,   3]
[ 140,2844,   6,  12,  24,   0,   3,   2,   2,   3,   1,  24,   3,  48,
    1,  12,  12,   2,  12,  48, 192,   0]
[ 141,2898,   3,  -1,  -1,   3,   2,   2,   0,   3,   1,  24,   3,  48,
    1,  24,  12,   2,  12,  48, 192,   3]
[ 142,2988,   2,  -1,  -1,   0,   3,   0,   0,   6,   3,   2,   3,  48,
    1,  48,  12,   2,  12,  48, 192,   3]
[ 143,3234,   1,  -1,  -1,   0,   2,   0,   0,   6,   6,   0,   3,  48,
    1,   2,  12,   2,  12,  96, 192,   2]
[ 144,3237,   1,  -1,  -1,   0,   0,   2,   0,   1,   6,   6,   3,   0,
   48,   3,  12,   2,  12,  96, 192,   3]
[ 145,3237,   3,  -1,  -1,   1,   0,   2,   0,   0,   6,   6,   3,   1,
   48,   3,  12,   2,  12,  96, 192,   3]
[ 146,3243,   2,  -1,  -1,   3,   0,   2,   0,   1,   6,   6,   3,   0,
   48,   3,  12,   3,  12,  96, 192,   2]
[ 147,3252,   2,  -1,  -1,   0,   3,   0,   2,   2,   1,  12,   3,   0,
   48,   3,  12,   3,  12,  96, 192,   2]
[ 148,3255,   2,  -1,  -1,   0,   0,   3,   2,   2,   3,  12,   3,   0,
   48,   3,  12,   3,  12,  96, 192,   1]
[ 149,3255,   3,  -1,  -1,   2,   3,   3,   2,   0,  48,  12,   3,   3,
   12,   3,  12,   0,   2,  96, 192,   1]
[ 150,3258,   1,  -1,  -1,   2,   3,   3,   2,   3,  48,  12,   3,   0,
   12,   3,  12,   3,   2,  96, 192,   1]
[ 151,3258,   2,  -1,  -1,   2,   3,   3,   2,   3,  48,  12,   3,   3,
   12,   3,  12,   1,   2,  96, 192,   2]
[ 152,3264,   1,  -1,  -1,   2,   2,   6,   2,   3,  48,  12,   3,   3,
   12,   3,  12,   0,   3,  96, 192,   3]
[ 153,3264,   3,  -1,  -1,   1,   2,   6,   2,   2,  48,  12,   3,   3,
   12,   3,  12,   3,   3,  96, 192,   2]
[ 154,3273,   3,  -1,  -1,   0,   3,   6,   2,   2,  48,  12,   3,   3,
   12,   3,  12,   3,   6,  96, 192,   3]
[ 155,3279,   1,  -1,  -1,   3,   3,   6,   2,   0,  48,  12,   3,   2,
   12,   3,  12,   6,   6,  96, 192,   2]
[ 156,3291,   1,  -1,  -1,   0,   6,   6,   2,   0,  48,  12,   3,   2,
   12,   3,  12,   1,  12,  96, 192,   3]
[ 157,3321,   1,  -1,  -1,   0,   1,   6,   2,   0,   6,  12,   3,   0,
   48,   3,  12,   3,  24,  96, 192,   0]
[ 158,3321,   3,  -1,  -1,   1,   6,   2,   0,   6,  12,   3,   0,  48,
    3,  12,   1,   3,  24,  96, 192,   2]
[ 159,3324,   2,  -1,  -1,   0,   1,   6,   2,   3,   6,  12,   3,  48,
    3,  12,   1,   3,  24,  96, 192,   1]
[ 160,3351,   3,  -1,  -1,   3,   1,   6,   2,  48,   6,  24,   3,   3,
    3,  96,   1,   2,  24,   0, 192,   2]
[ 161,3357,   2,  -1,  -1,   3,   1,   6,   2,  48,   6,  24,   3,   0,
    6,  96,   1,   3,   2,  24, 192,   3]
[ 162,3366,   3,  -1,  -1,   2,   0,   6,   2,   3,   1,  24,   3,  48,
   12,  96,   1,   3,   2,  24, 192,   2]
[ 163,3369,   1,  -1,  -1,   3,   2,   6,   2,   3,   1,  24,   3,  48,
   12,  96,   1,   3,   2,  24, 192,   1]
[ 164,3375,   1,  -1,  -1,   6,   3,   6,   2,  48,  12,  24,   3,   3,
    2,  96,   1,   0,   1,  24, 192,   1]
[ 165,3378,   3,  -1,  -1,   6,   3,   6,   2,  48,  12,  24,   3,   3,
    3,  96,   1,   0,   1,  24, 192,   3]
[ 166,3381,   1,  -1,  -1,   3,   3,   6,   2,   6,  12,  24,   3,  48,
    3,  96,   1,   3,   1,  24, 192,   2]
[ 167,3384,   2,  -1,  -1,   1,   6,   6,   2,   6,  12,  24,   3,  48,
    3,  96,   1,   3,   1,  24, 192,   2]
[ 168,3393,   6,  12,  24,   2,   1,  12,   2,   6,  12,  24,   3,  48,
    3,  96,   1,   3,   1,  24, 192,   0]
[ 169,3405,   2,  -1,  -1,   3,  12,   2,   6,   6,  12,  24,   3,  48,
    3,  96,   1,   3,   1,  24, 192,   3]
[ 170,3432,   2,  -1,  -1,   3,   2,   2,   6,   6,  24,  24,   3,  48,
    3,  96,   1,   3,   1,  24, 192,   2]
