1516446193
[ 0, 3, 3,-1,-1, 0, 0, 2, 2, 1, 1, 3, 2, 0, 1, 2, 0, 0, 0, 0, 1, 2]
[ 1, 6, 3,-1,-1, 0, 0, 2, 2, 1, 1, 3, 2, 3, 0, 1, 2, 0, 0, 0, 1, 3]
[ 2,12, 3,-1,-1, 0, 3, 0, 0, 0, 0, 2, 2, 1, 1, 3, 2, 3, 0, 1, 3, 3]
[ 3,15, 3,-1,-1, 0, 3, 0, 0, 0, 3, 2, 2, 1, 0, 3, 2, 3, 1, 1, 3, 0]
[ 4,18, 2,-1,-1, 3, 0, 0, 0, 3, 2, 2, 3, 1, 3, 2, 0, 3, 1, 1, 3, 3]
[ 5,24, 2,-1,-1, 2, 0, 0, 0, 6, 2, 0, 0, 1, 3, 2, 3, 3, 1, 3, 3, 2]
[ 6,27, 1,-1,-1, 0, 2, 0, 0, 0, 6, 2, 0, 1, 3, 2, 3, 2, 3, 1, 6, 3]
[ 7,36, 2,-1,-1, 0, 0, 1, 0, 0, 2, 0, 0, 0, 6, 2, 3, 3, 6, 3, 6, 2]
[ 8,36, 1,-1,-1, 0, 0, 0, 1, 2, 0, 2, 0, 0, 6, 2, 3, 3, 6, 3, 6, 3]
[ 9,45, 3,-1,-1, 0, 0, 0, 1, 0, 0, 2, 1, 2, 0, 2, 3, 3,12, 3, 6, 2]
[10,51, 1,-1,-1, 0, 0, 0, 1, 3, 0, 0, 3, 0, 2, 2, 3, 3,12, 3, 6, 3]
[11,54, 1,-1,-1, 0, 0, 0, 1, 0, 0, 0, 1, 3, 2, 2, 6, 3,12, 3, 6, 3]
[12,66, 3,-1,-1, 0, 0, 0, 1, 0, 0, 0, 1, 0, 2, 2, 1, 6,12, 3,12, 2]
[13,72, 2,-1,-1, 0, 0, 0, 1, 0, 0, 0, 1, 3, 0, 2, 3, 6,12, 3,12, 2]
[14,72, 3,-1,-1, 0, 0, 0, 1, 0, 0, 0, 1, 2, 3, 2, 3, 6,12, 3,12, 0]
[15,75, 1,-1,-1, 0, 0, 1, 0, 0, 0, 1, 3, 2, 3, 2, 3, 6,12, 3,12, 3]
[16,81, 3,-1,-1, 0, 0, 0, 1, 0, 0, 1, 0, 2, 3, 3, 6, 6,12, 3,12, 3]
[17,87, 2,-1,-1, 0, 0, 0, 3, 0, 0, 0, 1, 2, 3, 1, 6, 6,12, 6,12, 0]
[18,87, 3,-1,-1, 0, 0, 3, 2, 0, 0, 1, 0, 2, 3, 1, 6, 6,12, 6,12, 3]
[19,90, 2,-1,-1, 0, 0, 3, 3, 0, 0, 1, 2, 2, 3, 1, 6, 6,12, 6,12, 2]
[20,96, 2,-1,-1, 0, 0, 0, 6, 2, 0, 0, 3, 2, 3, 1, 6, 6,12, 6,12, 2]
[21,96, 2,-1,-1, 0, 0, 0, 6, 2, 2, 0, 3, 2, 3, 1, 6, 6,12, 6,12, 2]
[22,96, 1,-1,-1, 0, 0, 0, 6, 2, 2, 2, 3, 2, 3, 1, 6, 6,12, 6,12, 3]
[23,99, 1,-1,-1, 0, 0, 1, 6, 2, 2, 0, 3, 2, 3, 3, 6, 6,12, 6,12, 2]
[ 24,102,  1, -1, -1,  0,  0,  1,  6,  1,  2,  2,  3,  0,  2,  6,  6,  6,
  12,  6, 12,  3]
[ 25,111,  3, -1, -1,  0,  0,  1,  6,  0,  2,  1,  3,  1,  2,  2,  6,  6,
  12, 12, 12,  3]
[ 26,117,  3, -1, -1,  0,  0,  3,  6,  0,  2,  1,  3,  1,  2,  3,  6,  6,
  12, 12, 12,  2]
[ 27,153,  2, -1, -1,  0,  0,  3,  6,  0,  0,  3,  3,  0,  3,  3,  6,  3,
   6, 12, 24,  2]
[ 28,159,  3, -1, -1,  0,  0,  3,  6,  2,  0,  0,  6,  0,  0,  6,  6,  3,
   6, 12, 24,  2]
[ 29,171,  1, -1, -1,  0,  0,  3,  6,  3,  2,  0,  6,  0,  0,  0, 12,  3,
   6, 12, 24,  0]
[ 30,171,  1, -1, -1,  0,  3,  6,  0,  3,  2,  6,  1,  0,  0, 12,  0,  3,
   6, 12, 24,  3]
[ 31,198,  1, -1, -1,  0,  0,  1,  0,  0,  3,  6,  0,  3,  2,  6,  1,  3,
   6, 24, 24,  2]
[ 32,279,  1, -1, -1,  0,  0,  0,  1,  0,  0,  3,  6,  3,  2,  6,  1,  1,
   3,  6, 48,  3]
[ 33,288,  6, -1, -1,  0,  0,  1,  1,  0,  0,  0,  6,  3,  2,  3,  1,  1,
   3, 12, 48,  0]
[ 34,297,  6, -1, -1,  0,  1,  1,  0,  0,  0,  6,  6,  3,  2,  3,  1,  1,
   3, 12, 48,  3]
[ 35,306,  2, -1, -1,  0,  6,  1,  0,  0,  1,  6,  6,  3,  2,  3,  1,  1,
   3, 12, 48,  3]
[ 36,309,  2, -1, -1,  0,  2,  1,  0,  0,  6,  6,  6,  3,  3,  3,  1,  1,
   3, 12, 48,  2]
[ 37,321,  3, -1, -1,  0,  0,  2,  1,  0,  0,  6, 12,  2,  3,  6,  1,  1,
   3, 12, 48,  3]
[ 38,339,  3, -1, -1,  3,  0,  0,  1,  0,  0,  2, 12,  0,  0, 12,  1,  3,
   6, 12, 48,  3]
[ 39,369,  2, -1, -1,  3,  0,  0,  1,  3,  0,  0, 12,  0,  0,  2,  1,  3,
   6, 24, 48,  2]
[ 40,372,  3, -1, -1,  2,  3,  0,  1,  0,  3,  0, 12,  0,  0,  0,  3,  3,
   6, 24, 48,  3]
[ 41,375,  2, -1, -1,  0,  3,  0,  1,  2,  3,  0, 12,  0,  3,  0,  3,  3,
   6, 24, 48,  2]
[ 42,375,  2, -1, -1,  2,  0,  3,  1,  0,  2,  3, 12,  0,  0,  3,  3,  3,
   6, 24, 48,  2]
[ 43,378,  3, -1, -1,  2,  2,  3,  1,  0,  2,  3, 12,  0,  0,  0,  6,  3,
   6, 24, 48,  3]
[ 44,381,  3, -1, -1,  0,  3,  0,  1,  2,  2,  3, 12,  0,  2,  3,  6,  3,
   6, 24, 48,  3]
[ 45,387,  1, -1, -1,  0,  3,  3,  1,  0,  2,  0, 12,  2,  2,  6,  6,  3,
   6, 24, 48,  2]
[ 46,399,  2, -1, -1,  1,  0,  6,  1,  0,  0,  2, 12,  0,  2,  2, 12,  3,
   6, 24, 48,  3]
[ 47,426,  1, -1, -1,  0,  0,  6,  2,  1,  0,  2,  1,  0,  2,  2, 24,  3,
   6, 24, 48,  3]
[ 48,429,  1, -1, -1,  0,  0,  6,  1,  0,  0,  2,  3,  1,  2,  2, 24,  3,
   6, 24, 48,  2]
[ 49,432,  3, -1, -1,  0,  0,  6,  1,  0,  0,  2,  3,  1,  3,  2, 24,  3,
   6, 24, 48,  0]
[ 50,435,  1, -1, -1,  0,  6,  1,  0,  0,  2,  3,  3,  1,  3,  2, 24,  3,
   6, 24, 48,  2]
[ 51,438,  2, -1, -1,  0,  0,  6,  1,  1,  0,  2,  6,  1,  3,  2, 24,  3,
   6, 24, 48,  2]
[ 52,438,  3, -1, -1,  0,  0,  6,  1,  2,  1,  2,  6,  1,  3,  2, 24,  3,
   6, 24, 48,  2]
[ 53,444,  6, -1, -1,  0,  0,  6,  1,  3,  2,  3,  6,  1,  3,  2, 24,  3,
   6, 24, 48,  0]
[ 54,453,  1, -1, -1,  0,  6,  1,  6,  3,  2,  3,  6,  1,  3,  2, 24,  3,
   6, 24, 48,  0]
[ 55,453,  3, -1, -1,  6,  1,  6,  1,  3,  2,  3,  6,  1,  3,  2, 24,  3,
   6, 24, 48,  3]
[ 56,459,  3, -1, -1,  6,  3,  6,  1,  3,  3,  3,  6,  1,  3,  2, 24,  3,
   6, 24, 48,  2]
[ 57,465,  2, -1, -1,  6,  3,  6,  1,  3,  3,  6,  6,  1,  3,  2, 24,  3,
   6, 24, 48,  3]
[ 58,477,  2, -1, -1,  6,  2,  0,  1,  3,  3, 12,  6,  1,  6,  2, 24,  3,
   6, 24, 48,  3]
[ 59,486,  1, -1, -1,  6,  2,  0,  1,  3,  2, 12,  6,  1,  3,  2, 24,  3,
  12, 24, 48,  2]
[ 60,486,  2, -1, -1,  1,  6,  2,  1,  3,  2, 12,  6,  1,  3,  2, 24,  3,
  12, 24, 48,  2]
[ 61,489,  1, -1, -1,  2,  1,  6,  3,  3,  2, 12,  6,  1,  3,  2, 24,  3,
  12, 24, 48,  3]
[ 62,492,  1, -1, -1,  2,  1,  6,  3,  3,  3, 12,  6,  1,  3,  2, 24,  3,
  12, 24, 48,  2]
[ 63,498,  3, -1, -1,  0,  3,  6,  3,  1,  6, 12,  6,  1,  3,  2, 24,  3,
  12, 24, 48,  1]
[ 64,501,  2, -1, -1,  1,  3,  6,  3,  1,  6, 12,  6,  3,  3,  2, 24,  3,
  12, 24, 48,  2]
[ 65,504,  3, -1, -1,  1,  3,  6,  3,  1,  6, 12,  6,  2,  6,  2, 24,  3,
  12, 24, 48,  3]
[ 66,519,  3, -1, -1,  3,  0,  6,  3,  1,  3, 12,  6,  3, 12,  2, 24,  3,
  12, 24, 48,  3]
[ 67,552,  3, -1, -1,  0,  3,  6,  3,  3,  0, 12,  6,  1,  3,  2, 24,  6,
  24, 24, 48,  2]
[ 68,636,  3, -1, -1,  0,  3,  6,  3,  0,  3, 12,  6,  1,  3,  2, 24,  3,
   6, 48, 48,  3]
[ 69,642,  2, -1, -1,  0,  3,  6,  3,  0,  3, 12,  6,  1,  6,  2, 24,  3,
   6, 48, 48,  3]
[ 70,651,  2, -1, -1,  0,  2,  6,  3,  0,  3, 12,  6,  1,  3,  2, 24,  3,
  12, 48, 48,  3]
[ 71,654,  2, -1, -1,  0,  2,  6,  3,  0,  2, 12,  6,  1,  6,  2, 24,  3,
  12, 48, 48,  1]
[ 72,654,  3, -1, -1,  0,  2,  6,  3,  1,  2, 12,  6,  3,  6,  2, 24,  2,
  12, 48, 48,  2]
[ 73,903,  1, -1, -1,  0,  2,  6,  3,  3,  3, 12,  6,  3,  6,  2, 24,  0,
   2, 12, 96,  2]
[ 74,906,  1, -1, -1,  0,  2,  6,  3,  1,  6, 12,  6,  3,  6,  2, 24,  0,
   2, 12, 96,  3]
[ 75,915,  1, -1, -1,  0,  1,  6,  3,  0,  2, 12,  6,  1, 12,  2, 24,  3,
   2, 12, 96,  3]
[ 76,918,  2, -1, -1,  0,  1,  6,  3,  0,  3, 12,  6,  1, 12,  2, 24,  3,
   2, 12, 96,  1]
[ 77,918,  1, -1, -1,  0,  1,  6,  3,  1,  3, 12,  6,  3, 12,  2, 24,  2,
   2, 12, 96,  1]
[ 78,918,  3, -1, -1,  1,  1,  6,  3,  3,  3, 12,  6,  2, 12,  2, 24,  1,
   2, 12, 96,  2]
[ 79,927,  6, 12, -1,  1,  1,  6,  3,  3,  6, 12,  6,  2, 12,  2, 24,  0,
   3, 12, 96,  0]
[ 80,936,  3, -1, -1,  1,  1,  6,  3,  3,  6, 12,  6,  2, 12,  2, 24,  3,
  12, 96,  6,  3]
