1516445651
[ 0, 9, 1,-1,-1, 0, 3, 0, 0, 0, 2, 2, 1, 2, 3, 1, 0, 3, 2, 0, 0, 3]
[ 1, 9, 1,-1,-1, 0, 3, 1, 0, 0, 2, 0, 0, 2, 3, 2, 1, 3, 2, 1, 0, 2]
[ 2,12, 3,-1,-1, 0, 0, 3, 1, 0, 0, 2, 0, 1, 2, 3, 3, 0, 3, 2, 1, 2]
[ 3,21, 3,-1,-1, 0, 0, 3, 1, 0, 0, 0, 2, 0, 1, 2, 6, 3, 0, 3, 3, 2]
[ 4,30, 2,-1,-1, 0, 0, 3, 1, 0, 0, 0, 2, 0, 0, 3, 6, 3, 3, 0, 6, 3]
[ 5,39, 1,-1,-1, 0, 0, 0, 2, 0, 0, 3, 1, 0, 0, 0, 2, 3, 3, 3,12, 3]
[ 6,42, 3,-1,-1, 0, 0, 1, 0, 0, 0, 0, 2, 0, 0, 3, 3, 3, 3, 3,12, 3]
[ 7,48, 1,-1,-1, 0, 0, 3, 0, 0, 0, 1, 2, 0, 0, 0, 3, 3, 3, 6,12, 2]
[ 8,54, 2,-1,-1, 0, 0, 0, 3, 0, 0, 0, 3, 0, 0, 0, 3, 1, 6, 6,12, 2]
[ 9,63, 2,-1,-1, 0, 0, 0, 3, 0, 0, 0, 3, 0, 0, 0, 3, 2, 1,12,12, 2]
[10,90, 2,-1,-1, 0, 0, 0, 3, 0, 0, 0, 3, 0, 0, 0, 3, 2, 2, 1,24, 2]
[11,93, 1,-1,-1, 0, 0, 0, 3, 0, 0, 0, 3, 0, 0, 0, 3, 2, 2, 3,24, 3]
[12,96, 3,-1,-1, 0, 0, 0, 1, 0, 0, 0, 3, 0, 0, 0, 6, 2, 2, 3,24, 0]
[13,99, 3,-1,-1, 0, 0, 1, 0, 0, 0, 3, 3, 0, 0, 6, 0, 2, 2, 3,24, 2]
[ 14,105,  1, -1, -1,  3,  0,  0,  1,  0,  0,  0,  6,  0,  0,  0,  6,  2,
   2,  3, 24,  3]
[ 15,114,  3, -1, -1,  0,  0,  0,  1,  3,  0,  0,  1,  0,  0,  0, 12,  2,
   2,  3, 24,  2]
[ 16,117,  2, -1, -1,  0,  0,  0,  1,  3,  3,  0,  1,  0,  0,  0, 12,  2,
   2,  3, 24,  2]
[ 17,117,  2, -1, -1,  0,  0,  0,  1,  2,  3,  3,  1,  0,  0,  0, 12,  2,
   2,  3, 24,  3]
[ 18,117,  2, -1, -1,  0,  2,  0,  1,  0,  0,  0,  1,  2,  3,  3, 12,  2,
   2,  3, 24,  2]
[ 19,120,  3, -1, -1,  0,  0,  2,  1,  0,  0,  0,  1,  2,  2,  6, 12,  2,
   2,  3, 24,  3]
[ 20,123,  2, -1, -1,  0,  0,  3,  1,  0,  0,  2,  1,  2,  2,  6, 12,  2,
   2,  3, 24,  2]
[ 21,126,  3, -1, -1,  0,  0,  3,  1,  2,  0,  0,  3,  2,  2,  6, 12,  2,
   2,  3, 24,  3]
[ 22,129,  1, -1, -1,  0,  0,  3,  1,  2,  0,  3,  3,  2,  2,  6, 12,  2,
   2,  3, 24,  3]
[ 23,132,  1, -1, -1,  0,  0,  1,  1,  2,  0,  6,  3,  2,  2,  6, 12,  2,
   2,  3, 24,  3]
[ 24,141,  1, -1, -1,  0,  0,  1,  1,  2,  0,  1,  3,  2,  2, 12, 12,  2,
   2,  3, 24,  2]
[ 25,168,  3, -1, -1,  0,  0,  1,  1,  1,  2,  1,  3,  0,  2,  2, 24,  2,
   2,  3, 24,  2]
[ 26,174,  1, -1, -1,  0,  0,  1,  1,  3,  1,  3,  3,  0,  2,  2, 24,  2,
   2,  3, 24,  3]
[ 27,258,  1, -1, -1,  1,  0,  1,  0,  0,  0,  3,  1,  3,  3,  2,  3,  2,
   2,  3, 48,  0]
[ 28,261,  2, -1, -1,  1,  1,  0,  0,  0,  3,  1,  0,  6,  2,  3,  1,  2,
   2,  3, 48,  0]
[ 29,261,  2, -1, -1,  1,  1,  0,  0,  3,  1,  0,  2,  6,  2,  3,  1,  2,
   2,  3, 48,  3]
[ 30,270,  3, -1, -1,  1,  0,  2,  0,  3,  1,  0,  0,  6,  3,  0,  3,  2,
   2,  6, 48,  2]
[ 31,273,  2, -1, -1,  3,  1,  0,  2,  0,  3,  1,  0,  0,  6,  3,  3,  2,
   2,  6, 48,  2]
[ 32,276,  1, -1, -1,  0,  3,  1,  2,  2,  0,  3,  1,  0,  0,  6,  6,  2,
   2,  6, 48,  3]
[ 33,288,  1, -1, -1,  1,  0,  0,  0,  0,  3,  1,  3,  2,  0,  3,  6,  2,
   2, 12, 48,  3]
[ 34,288,  3, -1, -1,  0,  1,  0,  0,  1,  0,  1,  3,  2,  3,  3,  6,  2,
   2, 12, 48,  3]
[ 35,294,  2, -1, -1,  0,  3,  0,  0,  0,  1,  1,  3,  3,  3,  3,  6,  2,
   2, 12, 48,  2]
[ 36,297,  3, -1, -1,  2,  0,  3,  0,  0,  1,  1,  3,  0,  3,  6,  6,  2,
   2, 12, 48,  3]
[ 37,300,  3, -1, -1,  3,  0,  3,  0,  2,  1,  1,  3,  0,  3,  6,  6,  2,
   2, 12, 48,  2]
[ 38,315,  1, -1, -1,  3,  3,  0,  3,  0,  3,  1,  3,  0,  0,  3, 12,  2,
   2, 12, 48,  3]
[ 39,318,  1, -1, -1,  1,  0,  0,  0,  3,  3,  1,  6,  0,  3,  3, 12,  2,
   2, 12, 48,  2]
[ 40,324,  1, -1, -1,  1,  1,  0,  0,  0,  6,  1,  6,  0,  0,  6, 12,  2,
   2, 12, 48,  3]
[ 41,324,  2, -1, -1,  1,  0,  0,  0,  1,  1,  1,  6,  0,  6,  6, 12,  2,
   2, 12, 48,  2]
[ 42,333,  2, -1, -1,  0,  1,  0,  0,  1,  1,  1,  6,  2,  0, 12, 12,  2,
   2, 12, 48,  3]
[ 43,363,  3, -1, -1,  0,  2,  0,  0,  0,  1,  0,  6,  3,  1,  1, 12,  2,
   2, 24, 48,  3]
[ 44,369,  3, -1, -1,  0,  3,  0,  0,  0,  2,  0,  6,  3,  1,  1, 12,  2,
   3, 24, 48,  3]
[ 45,375,  3, -1, -1,  0,  3,  0,  0,  0,  3,  0,  6,  3,  3,  1, 12,  2,
   3, 24, 48,  3]
[ 46,381,  2, -1, -1,  0,  3,  0,  0,  0,  3,  0,  6,  3,  3,  1, 12,  2,
   6, 24, 48,  2]
[ 47,384,  2, -1, -1,  2,  0,  3,  0,  0,  0,  3,  6,  0,  6,  1, 12,  2,
   6, 24, 48,  3]
[ 48,396,  1, -1, -1,  0,  2,  0,  0,  2,  0,  6,  6,  0,  0,  1, 12,  2,
  12, 24, 48,  2]
[ 49,405,  3, -1, -1,  0,  0,  2,  0,  1,  2,  0, 12,  0,  0,  1, 12,  2,
  12, 24, 48,  3]
[ 50,435,  1, -1, -1,  0,  0,  3,  0,  0,  0,  2,  0,  1,  2,  1, 24,  2,
  12, 24, 48,  3]
[ 51,441,  1, -1, -1,  1,  0,  0,  0,  0,  0,  3,  0,  0,  2,  3, 24,  3,
  12, 24, 48,  2]
[ 52,441,  2, -1, -1,  1,  1,  0,  0,  0,  0,  0,  3,  0,  2,  3, 24,  3,
  12, 24, 48,  3]
[ 53,441,  1, -1, -1,  0,  2,  0,  0,  1,  1,  0,  3,  0,  2,  3, 24,  3,
  12, 24, 48,  3]
[ 54,444,  2, -1, -1,  0,  1,  0,  0,  0,  2,  0,  3,  1,  3,  3, 24,  3,
  12, 24, 48,  2]
[ 55,447,  2, -1, -1,  0,  0,  1,  0,  0,  0,  2,  3,  2,  1,  6, 24,  3,
  12, 24, 48,  3]
[ 56,450,  3, -1, -1,  0,  0,  2,  0,  0,  0,  3,  3,  2,  1,  6, 24,  3,
  12, 24, 48,  2]
[ 57,459,  3, -1, -1,  3,  0,  0,  2,  0,  0,  0,  6,  0,  3,  6, 24,  3,
  12, 24, 48,  3]
[ 58,462,  6, -1, -1,  3,  0,  0,  2,  3,  0,  0,  6,  0,  3,  6, 24,  3,
  12, 24, 48,  3]
[ 59,471,  1, -1, -1,  6,  0,  0,  2,  3,  0,  0,  6,  3,  3,  6, 24,  3,
  12, 24, 48,  2]
[ 60,474,  3, -1, -1,  0,  6,  0,  2,  0,  3,  0,  6,  1,  6,  6, 24,  3,
  12, 24, 48,  2]
[ 61,486,  3, -1, -1,  3,  0,  6,  2,  0,  0,  3,  6,  0,  1, 12, 24,  3,
  12, 24, 48,  3]
[ 62,489,  1, -1, -1,  3,  0,  6,  2,  3,  0,  3,  6,  0,  1, 12, 24,  3,
  12, 24, 48,  2]
[ 63,489,  2, -1, -1,  1,  3,  6,  2,  0,  3,  3,  6,  0,  1, 12, 24,  3,
  12, 24, 48,  2]
[ 64,492,  3, -1, -1,  1,  3,  6,  2,  2,  0,  6,  6,  0,  1, 12, 24,  3,
  12, 24, 48,  3]
[ 65,504,  1, -1, -1,  3,  0,  0,  2,  1,  3, 12,  6,  2,  1, 12, 24,  3,
  12, 24, 48,  3]
[ 66,534,  1, -1, -1,  0,  0,  1,  2,  3,  3,  0,  6,  3,  1, 24, 24,  3,
  12, 24, 48,  2]
[ 67,618,  2, -1, -1,  1,  0,  0,  3,  0,  3,  3,  6,  0,  3,  1, 48,  3,
  12, 24, 48,  2]
[ 68,621,  3, -1, -1,  0,  1,  0,  3,  2,  0,  6,  6,  0,  3,  1, 48,  3,
  12, 24, 48,  2]
[ 69,633,  1, -1, -1,  3,  0,  1,  3,  0,  2,  0, 12,  0,  3,  1, 48,  3,
  12, 24, 48,  3]
[ 70,876,  3, -1, -1,  0,  0,  1,  0,  3,  2,  1,  3,  0,  3,  1, 12,  3,
  12, 24, 96,  3]
[ 71,879,  2, -1, -1,  3,  0,  1,  0,  0,  2,  1,  3,  3,  3,  1, 12,  3,
  12, 24, 96,  2]
[ 72,885,  2, -1, -1,  0,  3,  0,  1,  0,  0,  3,  3,  2,  6,  1, 12,  3,
  12, 24, 96,  2]
[ 73,888,  1, -1, -1,  0,  0,  3,  1,  2,  0,  0,  6,  2,  6,  1, 12,  3,
  12, 24, 96,  2]
[ 74,888,  3, -1, -1,  0,  0,  3,  1,  1,  2,  0,  6,  2,  6,  1, 12,  3,
  12, 24, 96,  2]
[ 75,891,  2, -1, -1,  0,  0,  3,  1,  3,  1,  2,  6,  2,  6,  1, 12,  3,
  12, 24, 96,  3]
[ 76,894,  1, -1, -1,  0,  0,  2,  1,  3,  1,  3,  6,  2,  6,  3, 12,  3,
  12, 24, 96,  3]
[ 77,897,  1, -1, -1,  0,  0,  1,  1,  3,  1,  2,  6,  2,  6,  6, 12,  3,
  12, 24, 96,  2]
[ 78,909,  6, 12, -1,  0,  0,  1,  1,  1,  3,  3,  6,  0,  2, 12, 12,  3,
  12, 24, 96,  2]
[ 79,966,  2, -1, -1,  0,  0,  1,  1,  0,  1,  6,  6, 12,  0,  2, 24,  3,
  12, 24, 96,  3]
[ 80,966,  1, -1, -1,  0,  2,  1,  1,  0,  0,  6,  6, 12,  1,  2, 24,  3,
  12, 24, 96,  2]
[ 81,981,  2, -1, -1,  1,  0,  3,  1,  0,  0,  0, 12,  0, 12,  3, 24,  3,
  12, 24, 96,  3]
[  82,1008,   1,  -1,  -1,   2,   0,   0,   1,   1,   0,   3,  12,   0,
    0,   3,  24,   3,  24,  24,  96,   3]
[  83,1011,   2,  -1,  -1,   1,   0,   0,   1,   2,   0,   0,  12,   1,
    0,   6,  24,   3,  24,  24,  96,   3]
[  84,1014,   3,  -1,  -1,   2,   0,   0,   1,   1,   0,   0,  12,   3,
    0,   6,  24,   3,  24,  24,  96,   3]
[  85,1020,   3,  -1,  -1,   3,   0,   0,   1,   2,   0,   0,  12,   1,
    0,   6,  24,   6,  24,  24,  96,   3]
[  86,1026,   2,  -1,  -1,   3,   0,   0,   1,   3,   0,   0,  12,   3,
    0,   6,  24,   6,  24,  24,  96,   3]
[  87,1029,   3,  -1,  -1,   2,   0,   0,   1,   3,   0,   0,  12,   6,
    0,   6,  24,   6,  24,  24,  96,   2]
[  88,1113,   3,  -1,  -1,   0,   2,   0,   1,   3,   3,   0,  12,   0,
    6,   6,  24,   0,   6,  48,  96,   2]
[  89,1125,   3,  -1,  -1,   0,   0,   2,   1,   0,   3,   3,  12,   3,
    0,  12,  24,   0,   6,  48,  96,   2]
[  90,1134,   1,  -1,  -1,   0,   0,   0,   3,   0,   0,   6,  12,   3,
    3,  12,  24,   0,   6,  48,  96,   3]
[  91,1134,   3,  -1,  -1,   1,   0,   0,   3,   0,   0,   6,  12,   0,
    3,  12,  24,   3,   6,  48,  96,   0]
[  92,1137,   2,  -1,  -1,   1,   0,   3,   3,   0,   6,  12,   0,   3,
   12,  24,   0,   3,   6,  48,  96,   3]
[  93,1140,   6,  12,  -1,   0,   0,   3,   2,   1,   6,  12,   3,   0,
   12,  24,   0,   6,   6,  48,  96,   2]
[  94,1158,   2,  -1,  -1,   0,   0,   3,   2,   1,   6,  12,   3,   0,
    0,  12,  24,   6,  12,  48,  96,   3]
[  95,1185,   1,  -1,  -1,   0,   0,   2,   2,   0,   0,   3,   3,   1,
    6,  24,  24,   6,  12,  48,  96,   0]
[  96,1266,   2,  -1,  -1,   0,   2,   2,   1,   0,   3,   3,   0,   1,
    6,  48,   0,   6,  12,  48,  96,   3]
[  97,1509,   1,  -1,  -1,   0,   2,   0,   2,   0,   3,   2,   1,   1,
    6,   3,   0,   6,  12,  96,  96,   2]
[  98,2241,   2,  -1,  -1,   0,   0,   2,   2,   0,   0,   3,   3,   0,
    1,   6,   3,   1,   6,  12, 192,   3]
[  99,2244,   3,  -1,  -1,   0,   0,   2,   2,   0,   0,   3,   2,   0,
    1,   6,   6,   1,   6,  12, 192,   2]
[ 100,2256,   3,  -1,  -1,   0,   0,   2,   2,   0,   0,   3,   2,   3,
    0,   1,  12,   1,   6,  12, 192,   2]
[ 101,2259,   1,  -1,  -1,   0,   0,   2,   2,   0,   0,   3,   2,   3,
    3,   1,  12,   1,   6,  12, 192,   2]
[ 102,2262,   2,  -1,  -1,   0,   0,   2,   2,   0,   0,   3,   2,   1,
    6,   1,  12,   1,   6,  12, 192,   3]
[ 103,2271,   3,  -1,  -1,   0,   2,   2,   2,   0,   0,   3,   2,   1,
    0,   1,  12,   1,  12,  12, 192,   3]
[ 104,2274,   1,  -1,  -1,   0,   3,   2,   2,   0,   2,   3,   2,   1,
    0,   1,  12,   1,  12,  12, 192,   3]
[ 105,2274,   3,  -1,  -1,   0,   1,   2,   2,   0,   3,   3,   2,   1,
    2,   1,  12,   1,  12,  12, 192,   2]
[ 106,2313,   3,  -1,  -1,   0,   0,   3,   2,   0,   0,   6,   2,   0,
    1,   3,  12,   3,   1,  24, 192,   1]
[ 107,2316,   1,  -1,  -1,   0,   0,   3,   2,   0,   1,   6,   2,   3,
    1,   3,  12,   3,   0,  24, 192,   2]
[ 108,2316,   1,  -1,  -1,   0,   0,   3,   2,   0,   1,   6,   2,   3,
    1,   3,  12,   1,   3,  24, 192,   0]
[ 109,2316,   2,  -1,  -1,   0,   3,   2,   0,   1,   6,   2,   1,   3,
    1,   3,  12,   1,   3,  24, 192,   2]
[ 110,2319,   2,  -1,  -1,   0,   0,   3,   2,   2,   1,   6,   3,   3,
    1,   3,  12,   1,   3,  24, 192,   2]
[ 111,2322,   2,  -1,  -1,   0,   0,   3,   2,   2,   3,   6,   3,   3,
    1,   3,  12,   1,   3,  24, 192,   1]
[ 112,2322,   1,  -1,  -1,   2,   3,   3,   2,   3,   1,   6,   3,   1,
    3,   3,  12,   0,   2,  24, 192,   3]
[ 113,2322,   3,  -1,  -1,   1,   3,   3,   2,   2,   1,   6,   3,   3,
    3,   3,  12,   1,   2,  24, 192,   2]
[ 114,2337,   1,  -1,  -1,   0,   1,   6,   2,   0,   3,   6,   3,   0,
    3,   6,  12,   3,   3,  24, 192,   3]
[ 115,2349,   1,  -1,  -1,   0,   1,   0,   2,   0,   1,   6,   3,   0,
    3,  12,  12,   3,   6,  24, 192,   2]
[ 116,2376,   3,  -1,  -1,   0,   0,   1,   2,   0,   1,   6,   3,   1,
    0,   3,  24,   3,   6,  24, 192,   0]
[ 117,2379,   3,  -1,  -1,   0,   1,   2,   0,   1,   6,   3,   3,   1,
    3,  24,   0,   3,   6,  24, 192,   3]
[ 118,2463,   1,  -1,  -1,   0,   1,   0,   3,   1,   6,   2,   0,   1,
    3,   3,   3,   3,   6,  48, 192,   2]
[ 119,2466,   2,  -1,  -1,   0,   0,   1,   3,   1,   1,   6,   2,   0,
    1,   3,   6,   3,   6,  48, 192,   3]
[ 120,2466,   1,  -1,  -1,   2,   0,   1,   3,   0,   1,   6,   2,   1,
    1,   3,   6,   3,   6,  48, 192,   3]
[ 121,2466,   3,  -1,  -1,   1,   0,   1,   3,   2,   1,   6,   2,   1,
    1,   3,   6,   3,   6,  48, 192,   3]
[ 122,2472,   2,  -1,  -1,   3,   0,   1,   3,   1,   1,   6,   2,   3,
    1,   3,   6,   3,   6,  48, 192,   3]
[ 123,2475,   3,  -1,  -1,   2,   0,   1,   3,   3,   1,   6,   2,   1,
    1,   3,   6,   6,   6,  48, 192,   2]
[ 124,2487,   2,  -1,  -1,   0,   2,   1,   3,   3,   1,   6,   2,   1,
    1,   3,   6,   3,  12,  48, 192,   2]
[ 125,2490,   2,  -1,  -1,   2,   0,   3,   3,   3,   1,   6,   2,   1,
    1,   3,   6,   3,  12,  48, 192,   2]
[ 126,2493,   1,  -1,  -1,   2,   2,   0,   6,   3,   1,   6,   2,   1,
    1,   3,   6,   3,  12,  48, 192,   3]
[ 127,2496,   2,  -1,  -1,   2,   1,   0,   6,   3,   3,   6,   2,   1,
    1,   3,   6,   3,  12,  48, 192,   2]
[ 128,2499,   2,  -1,  -1,   2,   2,   1,   6,   0,   6,   6,   2,   1,
    1,   3,   6,   3,  12,  48, 192,   2]
[ 129,2511,   2,  -1,  -1,   0,   2,   3,   6,   2,   0,  12,   2,   1,
    1,   3,   6,   3,  12,  48, 192,   3]
[ 130,2514,   3,  -1,  -1,   2,   0,   3,   6,   0,   2,  12,   2,   3,
    1,   3,   6,   3,  12,  48, 192,   3]
[ 131,2523,   2,  -1,  -1,   3,   0,   3,   6,   2,   0,  12,   2,   0,
    3,   3,   6,   6,  12,  48, 192,   2]
[ 132,2526,   3,  -1,  -1,   0,   3,   3,   6,   0,   2,  12,   2,   2,
    0,   6,   6,   6,  12,  48, 192,   2]
[ 133,2541,   1,  -1,  -1,   3,   0,   6,   6,   0,   2,  12,   2,   0,
    2,   0,  12,   6,  12,  48, 192,   3]
[ 134,2541,   1,  -1,  -1,   0,   0,   1,   6,   3,   2,   6,   2,   0,
    2,  12,  12,   6,  12,  48, 192,   2]
[ 135,2568,   1,  -1,  -1,   0,   0,   1,   6,   3,   2,   6,   2,   1,
    0,   2,  24,   6,  12,  48, 192,   2]
[ 136,2568,   3,  -1,  -1,   0,   0,   1,   6,   3,   2,   6,   2,   1,
    1,   2,  24,   6,  12,  48, 192,   2]
[ 137,2574,   3,  -1,  -1,   0,   0,   1,   6,   3,   2,   6,   2,   3,
    1,   3,  24,   6,  12,  48, 192,   3]
[ 138,2583,   1,  -1,  -1,   3,   0,   1,   6,   0,   0,   6,   2,   6,
    3,   3,  24,   6,  12,  48, 192,   2]
[ 139,2586,   2,  -1,  -1,   0,   3,   1,   6,   0,   0,   6,   2,   1,
    6,   6,  24,   6,  12,  48, 192,   3]
[ 140,2595,   1,  -1,  -1,   0,   0,   2,   6,   0,   3,   1,   2,   1,
    6,  12,  24,   6,  12,  48, 192,   2]
[ 141,2598,   2,  -1,  -1,   0,   0,   2,   6,   1,   0,   3,   3,   1,
    6,  12,  24,   6,  12,  48, 192,   2]
[ 142,2601,   1,  -1,  -1,   0,   0,   2,   6,   2,   1,   0,   6,   1,
    6,  12,  24,   6,  12,  48, 192,   2]
[ 143,2601,   6,  12,  24,   0,   0,   2,   6,   1,   2,   1,   6,   1,
    6,  12,  24,   6,  12,  48, 192,   3]
[ 144,2694,   1,  -1,  -1,   0,   0,   0,  24,   1,   2,   3,  12,   1,
    6,  12,  24,   6,  12,  48, 192,   2]
[ 145,2697,   3,  -1,  -1,   0,   0,   0,  24,   1,   3,   3,  12,   1,
    6,  12,  24,   6,  12,  48, 192,   2]
[ 146,2703,   3,  -1,  -1,   0,   0,   0,  24,   3,   1,   6,  12,   1,
    6,  12,  24,   6,  12,  48, 192,   0]
[ 147,2706,   3,  -1,  -1,   0,   0,  24,   3,   3,   1,   6,  12,   1,
    6,  12,  24,   6,  12,  48, 192,   0]
[ 148,2709,   3,  -1,  -1,   0,  24,   3,   3,   3,   1,   6,  12,   1,
    6,  12,  24,   6,  12,  48, 192,   2]
[ 149,2715,   2,  -1,  -1,   3,   0,  24,   6,   3,   1,   6,  12,   1,
    6,  12,  24,   6,  12,  48, 192,   3]
[ 150,2718,   2,  -1,  -1,   2,   0,  24,   6,   6,   1,   6,  12,   1,
    6,  12,  24,   6,  12,  48, 192,   2]
[ 151,2718,   3,  -1,  -1,   2,   2,  24,   6,   6,   1,   6,  12,   1,
    6,  12,  24,   6,  12,  48, 192,   3]
[ 152,2724,   1,  -1,  -1,   2,   3,  24,   6,   6,   3,   6,  12,   1,
    6,  12,  24,   6,  12,  48, 192,   3]
[ 153,2727,   1,  -1,  -1,   2,   1,  24,   6,   6,   6,   6,  12,   1,
    6,  12,  24,   6,  12,  48, 192,   2]
[ 154,2739,   2,  -1,  -1,   1,   3,  24,   6,   0,   6,  12,  12,   1,
    6,  12,  24,   6,  12,  48, 192,   3]
[ 155,2775,   1,  -1,  -1,   0,   0,   2,   6,   1,   3,  24,  12,   1,
   12,  24,  24,   6,  12,  48, 192,   3]
[ 156,2883,   3,  -1,  -1,   0,   0,   1,   6,   1,   0,   2,  12,   1,
    3,  48,  24,   6,  24,  48, 192,   2]
[ 157,2886,   2,  -1,  -1,   0,   0,   1,   6,   3,   1,   2,  12,   1,
    3,  48,  24,   6,  24,  48, 192,   2]
[ 158,2889,   1,  -1,  -1,   0,   0,   1,   6,   2,   3,   3,  12,   1,
    3,  48,  24,   6,  24,  48, 192,   3]
[ 159,3138,   2,  -1,  -1,   0,   1,   0,   6,   0,   0,   1,  12,   3,
    6,   3,  24,   6,  24,  96, 192,   3]
[ 160,3138,   2,  -1,  -1,   0,   2,   0,   6,   0,   1,   1,  12,   3,
    6,   3,  24,   6,  24,  96, 192,   3]
[ 161,3141,   3,  -1,  -1,   0,   2,   0,   6,   0,   3,   1,  12,   3,
    6,   3,  24,   6,  24,  96, 192,   2]
[ 162,3144,   3,  -1,  -1,   3,   0,   2,   6,   0,   3,   1,  12,   3,
    6,   3,  24,   6,  24,  96, 192,   3]
[ 163,3150,   3,  -1,  -1,   0,   0,   3,   6,   3,   3,   3,  12,   3,
    6,   3,  24,   6,  24,  96, 192,   3]
[ 164,3159,   6,  12,  24,   0,   0,   3,   6,   0,   3,   3,  12,   6,
    6,   6,  24,   6,  24,  96, 192,   2]
[ 165,3180,   1,  -1,  -1,   0,   0,   3,   6,   6,   0,   6,  12,   0,
    6,  12,  24,   6,  24,  96, 192,   3]
[ 166,3180,   2,  -1,  -1,   1,   0,   3,   6,   0,   0,   6,  12,   6,
    6,  12,  24,   6,  24,  96, 192,   2]
[ 167,3189,   1,  -1,  -1,   2,   1,   3,   6,   0,   0,   6,  12,   0,
   12,  12,  24,   6,  24,  96, 192,   2]
[ 168,3219,   2,  -1,  -1,   0,   3,   3,   6,   0,   0,   6,  12,   1,
    0,  24,  24,   6,  24,  96, 192,   2]
[ 169,3303,   3,  -1,  -1,   2,   0,   6,   6,   0,   0,   6,  12,   0,
    1,   0,  48,   6,  24,  96, 192,   3]
[ 170,3306,   3,  -1,  -1,   3,   0,   0,   6,   2,   0,   6,  12,   0,
    1,   6,  48,   6,  24,  96, 192,   3]
[ 171,3318,   2,  -1,  -1,   3,   0,   0,   6,   3,   0,   0,  12,   2,
    1,  12,  48,   6,  24,  96, 192,   2]
[ 172,3321,   2,  -1,  -1,   0,   3,   0,   6,   0,   3,   0,  12,   2,
    3,  12,  48,   6,  24,  96, 192,   2]
[ 173,3321,   3,  -1,  -1,   2,   0,   3,   6,   0,   0,   3,  12,   2,
    3,  12,  48,   6,  24,  96, 192,   3]
[ 174,3327,   1,  -1,  -1,   0,   0,   3,   6,   2,   0,   6,  12,   2,
    3,  12,  48,   6,  24,  96, 192,   2]
[ 175,3327,   1,  -1,  -1,   0,   0,   3,   6,   1,   2,   6,  12,   2,
    3,  12,  48,   6,  24,  96, 192,   2]
[ 176,3330,   3,  -1,  -1,   0,   0,   3,   6,   1,   3,   6,  12,   2,
    3,  12,  48,   6,  24,  96, 192,   3]
[ 177,3339,   2,  -1,  -1,   3,   0,   3,   6,   0,   0,   6,  12,   3,
    6,  12,  48,   6,  24,  96, 192,   3]
[ 178,3339,   2,  -1,  -1,   2,   0,   3,   6,   3,   0,   6,  12,   3,
    6,  12,  48,   6,  24,  96, 192,   3]
[ 179,3342,   1,  -1,  -1,   2,   0,   3,   6,   2,   0,   6,  12,   6,
    6,  12,  48,   6,  24,  96, 192,   2]
[ 180,3351,   1,  -1,  -1,   0,   2,   3,   6,   1,   2,   6,  12,   0,
   12,  12,  48,   6,  24,  96, 192,   2]
[ 181,3381,   6,  12,  24,   0,   2,   3,   6,   1,   3,   6,  12,   0,
    0,  24,  48,   6,  24,  96, 192,   3]
[ 182,3462,   3,  -1,  -1,   0,  24,   3,   6,   0,   2,   6,  12,   1,
    3,  24,  48,   6,  24,  96, 192,   0]
[ 183,3465,   1,  -1,  -1,  24,   3,   6,   3,   2,   6,  12,   0,   1,
    3,  24,  48,   6,  24,  96, 192,   3]
[ 184,3468,   1,  -1,  -1,   1,   3,   6,   0,  24,   6,  12,   3,   3,
    3,  24,  48,   6,  24,  96, 192,   2]
[ 185,3471,   2,  -1,  -1,   1,   1,   3,   6,  24,   6,  12,   3,   0,
    6,  24,  48,   6,  24,  96, 192,   3]
[ 186,3480,   3,  -1,  -1,   2,   0,   3,   6,   1,   1,  12,   3,  24,
   12,  24,  48,   6,  24,  96, 192,   2]
[ 187,3483,   2,  -1,  -1,   3,   2,   3,   6,   1,   1,  12,   3,  24,
   12,  24,  48,   6,  24,  96, 192,   3]
