1516195988
[ 0, 6, 2,-1,-1, 1, 2, 2, 2, 0, 3, 0, 0, 1, 0, 0, 1, 1, 3, 0, 0, 3]
[ 1, 6, 3,-1,-1, 0, 0, 2, 0, 1, 2, 2, 2, 1, 3, 0, 0, 1, 3, 0, 1, 2]
[ 2,12, 3,-1,-1, 0, 0, 0, 2, 0, 3, 2, 2, 3, 1, 3, 0, 0, 1, 3, 1, 3]
[ 3,18, 1,-1,-1, 0, 0, 3, 0, 0, 3, 0, 2, 0, 1, 2, 2, 3, 1, 6, 1, 3]
[ 4,21, 3,-1,-1, 0, 0, 0, 1, 0, 3, 3, 0, 0, 1, 2, 2, 3, 1, 6, 3, 2]
[ 5,27, 3,-1,-1, 0, 0, 0, 1, 0, 0, 3, 3, 3, 0, 3, 2, 3, 1, 6, 3, 3]
[ 6,36, 3,-1,-1, 3, 0, 0, 1, 0, 0, 0, 3, 0, 0, 6, 2, 6, 1, 6, 3, 3]
[ 7,48, 2,-1,-1, 3, 0, 0, 1, 3, 0, 0, 3, 0, 0, 0, 2, 6, 1,12, 3, 2]
[ 8,48, 2,-1,-1, 0, 3, 0, 1, 2, 3, 0, 3, 0, 0, 0, 2, 6, 1,12, 3, 2]
[ 9,48, 2,-1,-1, 0, 0, 3, 1, 2, 2, 3, 3, 0, 0, 0, 2, 6, 1,12, 3, 3]
[10,48, 1,-1,-1, 0, 2, 0, 1, 0, 0, 3, 3, 2, 2, 3, 2, 6, 1,12, 3, 3]
[11,54, 3,-1,-1, 0, 1, 0, 1, 0, 2, 0, 3, 2, 0, 6, 2, 6, 3,12, 3, 3]
[12,57, 1,-1,-1, 0, 3, 0, 1, 0, 1, 0, 3, 2, 2, 6, 2, 6, 3,12, 3, 3]
[13,60, 2,-1,-1, 0, 1, 0, 1, 0, 3, 0, 3, 2, 3, 6, 2, 6, 3,12, 3, 3]
[14,63, 1,-1,-1, 0, 2, 0, 1, 0, 1, 0, 3, 2, 3, 6, 2, 6, 6,12, 3, 2]
[15,72, 3,-1,-1, 0, 0, 2, 1, 0, 0, 1, 3, 2, 3, 6, 2, 1,12,12, 3, 2]
[ 16,105,  2, -1, -1,  3,  0,  0,  3,  0,  0,  1,  3,  2,  3,  6,  2,  0,
   1, 24,  3,  3]
[ 17,108,  1, -1, -1,  0,  0,  0,  2,  3,  0,  1,  6,  0,  3,  6,  2,  2,
   1, 24,  3,  2]
[ 18,111,  1, -1, -1,  0,  0,  0,  2,  0,  3,  1,  6,  0,  3,  6,  2,  1,
   3, 24,  3,  0]
[ 19,111,  3, -1, -1,  0,  0,  2,  0,  3,  1,  6,  0,  3,  6,  2,  1,  1,
   3, 24,  3,  2]
[ 20,117,  3, -1, -1,  3,  0,  0,  2,  0,  3,  1,  6,  0,  3,  6,  3,  1,
   3, 24,  3,  3]
[ 21,126,  1, -1, -1,  3,  0,  0,  0,  3,  0,  1,  2,  0,  3,  6,  6,  1,
   6, 24,  6,  3]
[ 22,135,  2, -1, -1,  1,  0,  0,  0,  3,  0,  1,  0,  3,  3,  6,  2,  1,
   6, 24, 12,  2]
[ 23,138,  2, -1, -1,  0,  1,  0,  0,  2,  3,  0,  1,  0,  6,  6,  2,  1,
   6, 24, 12,  3]
[ 24,150,  1, -1, -1,  2,  0,  0,  0,  0,  1,  0,  0,  2,  3,  6,  3,  1,
  12, 24, 12,  3]
[ 25,153,  2, -1, -1,  1,  0,  0,  0,  2,  1,  0,  0,  0,  3,  6,  3,  3,
  12, 24, 12,  2]
[ 26,153,  3, -1, -1,  0,  1,  0,  0,  2,  2,  1,  0,  0,  3,  6,  3,  3,
  12, 24, 12,  2]
[ 27,156,  2, -1, -1,  0,  0,  1,  0,  3,  2,  2,  1,  0,  3,  6,  3,  3,
  12, 24, 12,  2]
[ 28,159,  1, -1, -1,  2,  0,  0,  1,  0,  3,  2,  3,  0,  3,  6,  3,  3,
  12, 24, 12,  3]
[ 29,165,  2, -1, -1,  0,  1,  0,  0,  2,  0,  2,  1,  0,  6,  6,  6,  3,
  12, 24, 12,  2]
[ 30,177,  3, -1, -1,  2,  0,  1,  0,  0,  2,  0,  3,  0,  0,  6, 12,  3,
  12, 24, 12,  2]
[ 31,180,  3, -1, -1,  3,  2,  0,  1,  0,  0,  2,  3,  0,  0,  6, 12,  3,
  12, 24, 12,  3]
[ 32,210,  1, -1, -1,  3,  0,  0,  0,  3,  2,  2,  1,  0,  0,  6,  3,  3,
  12, 24, 24,  2]
[ 33,294,  1, -1, -1,  0,  3,  0,  0,  1,  3,  2,  3,  0,  0,  6,  3,  0,
   3, 12, 48,  3]
[ 34,297,  2, -1, -1,  1,  0,  0,  0,  0,  3,  2,  0,  1,  3,  6,  6,  0,
   3, 12, 48,  3]
[ 35,300,  3, -1, -1,  2,  0,  0,  0,  1,  0,  2,  0,  0,  3,  6,  6,  1,
   6, 12, 48,  2]
[ 36,312,  2, -1, -1,  0,  2,  0,  0,  3,  1,  0,  2,  0,  0,  3, 12,  1,
   6, 12, 48,  2]
[ 37,312,  1, -1, -1,  2,  0,  2,  0,  0,  3,  1,  2,  0,  0,  3, 12,  1,
   6, 12, 48,  2]
[ 38,315,  3, -1, -1,  0,  2,  0,  2,  1,  0,  3,  3,  0,  0,  3, 12,  1,
   6, 12, 48,  3]
[ 39,321,  1, -1, -1,  0,  0,  3,  2,  0,  2,  0,  3,  1,  0,  6, 12,  1,
   6, 12, 48,  3]
[ 40,321,  2, -1, -1,  0,  1,  0,  2,  0,  0,  3,  3,  1,  2,  6, 12,  1,
   6, 12, 48,  2]
[ 41,327,  2, -1, -1,  0,  0,  1,  2,  2,  0,  0,  6,  0,  3,  6, 12,  1,
   6, 12, 48,  2]
[ 42,330,  3, -1, -1,  0,  0,  0,  3,  2,  2,  0,  6,  0,  3,  6, 12,  1,
   6, 12, 48,  3]
[ 43,333,  1, -1, -1,  3,  0,  0,  3,  0,  2,  0,  6,  2,  3,  6, 12,  1,
   6, 12, 48,  3]
[ 44,336,  1, -1, -1,  1,  0,  0,  3,  3,  2,  0,  6,  0,  3,  6, 12,  3,
   6, 12, 48,  3]
[ 45,336,  3, -1, -1,  1,  0,  0,  3,  1,  2,  0,  6,  3,  3,  6, 12,  3,
   6, 12, 48,  2]
[ 46,342,  1, -1, -1,  0,  1,  0,  3,  3,  1,  2,  6,  0,  6,  6, 12,  3,
   6, 12, 48,  2]
[ 47,354,  3, -1, -1,  0,  0,  1,  3,  1,  3,  3,  6,  0,  0, 12, 12,  3,
   6, 12, 48,  2]
[ 48,387,  2, -1, -1,  0,  0,  1,  3,  0,  1,  6,  6,  3,  0,  0, 24,  3,
   6, 12, 48,  2]
[ 49,396,  2, -1, -1,  0,  0,  1,  3,  0,  0,  1, 12,  2,  3,  0, 24,  3,
   6, 12, 48,  2]
[ 50,396,  3, -1, -1,  0,  0,  1,  3,  0,  0,  1, 12,  2,  2,  3, 24,  3,
   6, 12, 48,  0]
[ 51,399,  1, -1, -1,  0,  1,  3,  3,  0,  1, 12,  0,  2,  2,  3, 24,  3,
   6, 12, 48,  3]
[ 52,402,  1, -1, -1,  0,  0,  3,  1,  0,  1, 12,  3,  2,  3,  3, 24,  3,
   6, 12, 48,  2]
[ 53,405,  6, -1, -1,  0,  0,  3,  1,  0,  1, 12,  3,  1,  2,  6, 24,  3,
   6, 12, 48,  2]
[ 54,417,  1, -1, -1,  0,  0,  3,  1,  0,  1, 12,  3,  6,  3,  6, 24,  3,
   6, 12, 48,  0]
[ 55,417,  3, -1, -1,  0,  3,  1,  1,  1, 12,  3,  0,  6,  3,  6, 24,  3,
   6, 12, 48,  0]
[ 56,420,  3, -1, -1,  3,  1,  1,  3,  1, 12,  3,  0,  6,  3,  6, 24,  3,
   6, 12, 48,  3]
[ 57,423,  3, -1, -1,  3,  1,  1,  3,  1, 12,  3,  3,  6,  3,  6, 24,  3,
   6, 12, 48,  2]
[ 58,429,  1, -1, -1,  3,  1,  1,  3,  3,  1, 12,  6,  6,  3,  6, 24,  3,
   6, 12, 48,  3]
[ 59,432,  3, -1, -1,  1,  1,  1,  3,  6,  1, 12,  6,  6,  3,  6, 24,  3,
   6, 12, 48,  1]
[ 60,444,  2, -1, -1,  1,  1,  1,  3, 12,  1, 12,  6,  3,  3,  6, 24,  3,
   6, 12, 48,  2]
[ 61,447,  6, -1, -1,  1,  1,  1,  3, 12,  1, 12,  6,  2,  6,  6, 24,  3,
   6, 12, 48,  2]
[ 62,465,  2, -1, -1,  1,  1,  1,  3, 12,  1, 12,  6,  6,  2, 12, 24,  3,
   6, 12, 48,  3]
[ 63,495,  2, -1, -1,  1,  2,  0,  3, 12,  1,  1,  6,  6,  3, 12, 24,  3,
   6, 24, 48,  2]
[ 64,495,  2, -1, -1,  2,  1,  2,  3, 12,  1,  1,  6,  6,  3, 12, 24,  3,
   6, 24, 48,  3]
[ 65,498,  1, -1, -1,  2,  1,  2,  3, 12,  1,  3,  6,  6,  3, 12, 24,  3,
   6, 24, 48,  2]
[ 66,501,  3, -1, -1,  1,  2,  3,  3, 12,  1,  3,  6,  6,  3, 12, 24,  3,
   6, 24, 48,  3]
[ 67,510,  2, -1, -1,  1,  0,  3,  3, 12,  3,  6,  6,  6,  3, 12, 24,  3,
   6, 24, 48,  3]
[ 68,513,  3, -1, -1,  1,  2,  3,  3, 12,  0,  6,  6,  6,  6, 12, 24,  3,
   6, 24, 48,  3]
[ 69,525,  6, -1, -1,  1,  3,  3,  3, 12,  2,  6,  6,  6,  0, 12, 24,  3,
  12, 24, 48,  2]
[ 70,546,  2, -1, -1,  0,  1,  3,  6,  6, 12,  2, 12,  0,  6, 12, 24,  3,
  12, 24, 48,  3]
[ 71,546,  3, -1, -1,  2,  1,  3,  6,  0, 12,  2, 12,  6,  6, 12, 24,  3,
  12, 24, 48,  2]
[ 72,561,  1, -1, -1,  0,  3,  3,  6,  0, 12,  2, 12,  3, 12, 12, 24,  3,
  12, 24, 48,  3]
[ 73,591,  1, -1, -1,  1,  0,  3,  6,  0,  3,  2, 12,  0, 12, 12, 24,  6,
  24, 24, 48,  2]
[ 74,699,  2, -1, -1,  0,  1,  3,  6,  0,  3,  2, 12,  1,  0, 24, 24,  0,
   6, 48, 48,  2]
[  75,1023,   1,  -1,  -1,   0,   1,   3,   6,   0,   3,   2,  12,   0,
    1,   0,  48,   2,   0,   6,  96,   2]
[  76,1023,   3,  -1,  -1,   0,   1,   3,   6,   0,   3,   2,  12,   1,
    0,   1,  48,   0,   2,   6,  96,   3]
[  77,1029,   2,  -1,  -1,   0,   3,   0,   6,   0,   1,   3,  12,   0,
    3,   3,  48,   1,   2,   6,  96,   2]
[  78,1035,   2,  -1,  -1,   2,   0,   3,   6,   0,   1,   3,  12,   0,
    0,   6,  48,   0,   3,   6,  96,   3]
[  79,1044,   1,  -1,  -1,   0,   0,   2,   6,   2,   0,   3,  12,   0,
    1,   3,  48,   0,   3,  12,  96,   2]
[  80,1044,   1,  -1,  -1,   0,   0,   2,   6,   1,   2,   3,  12,   0,
    1,   3,  48,   0,   3,  12,  96,   3]
[  81,1050,   2,  -1,  -1,   1,   0,   0,   6,   0,   0,   2,  12,   1,
    3,   6,  48,   0,   3,  12,  96,   3]
[  82,1053,   1,  -1,  -1,   0,   2,   0,   6,   1,   0,   2,  12,   0,
    0,   6,  48,   1,   6,  12,  96,   3]
[  83,1053,   1,  -1,  -1,   1,   0,   0,   6,   0,   2,   2,  12,   1,
    0,   6,  48,   1,   6,  12,  96,   3]
[  84,1053,   3,  -1,  -1,   0,   1,   0,   6,   1,   0,   2,  12,   1,
    2,   6,  48,   1,   6,  12,  96,   2]
[  85,1059,   2,  -1,  -1,   0,   0,   1,   6,   3,   1,   2,  12,   0,
    3,   6,  48,   1,   6,  12,  96,   3]
[  86,1062,   3,  -1,  -1,   2,   0,   0,   6,   0,   1,   3,  12,   3,
    3,   6,  48,   1,   6,  12,  96,   2]
[  87,1068,   3,  -1,  -1,   3,   2,   0,   6,   0,   1,   3,  12,   0,
    6,   6,  48,   1,   6,  12,  96,   3]
[  88,1080,   2,  -1,  -1,   0,   3,   0,   6,   3,   2,   3,  12,   0,
    1,   6,  48,   1,  12,  12,  96,   3]
[  89,1083,   3,  -1,  -1,   0,   2,   0,   6,   0,   3,   3,  12,   3,
    3,   6,  48,   1,  12,  12,  96,   2]
[  90,1119,   1,  -1,  -1,   0,   0,   2,   6,   0,   0,   6,  12,   3,
    6,   6,  48,   0,   1,  24,  96,   2]
[  91,1128,   6,  12,  -1,   0,   0,   2,   6,   0,   0,   6,  12,   1,
    3,  12,  48,   0,   1,  24,  96,   3]
[  92,1155,   1,  -1,  -1,  12,   0,   2,   6,   0,   0,   6,  12,   0,
    3,  12,  48,   1,   1,  24,  96,   3]
[  93,1155,   2,  -1,  -1,   1,   0,   2,   6,  12,   0,   6,  12,   0,
    3,  12,  48,   1,   1,  24,  96,   2]
[  94,1155,   2,  -1,  -1,   2,   1,   2,   6,   0,  12,   6,  12,   0,
    3,  12,  48,   1,   1,  24,  96,   1]
[  95,1155,   3,  -1,  -1,   2,   1,   2,   6,   0,  12,   6,  12,   1,
    3,  12,  48,   2,   1,  24,  96,   2]
[  96,1164,   2,  -1,  -1,   3,   2,   3,   6,   0,  12,   6,  12,   1,
    3,  12,  48,   0,   3,  24,  96,   3]
[  97,1167,   1,  -1,  -1,   2,   0,   3,   6,   3,   2,   6,  12,   0,
   12,  12,  48,   1,   6,  24,  96,   3]
[  98,1167,   1,  -1,  -1,   1,   0,   3,   6,   2,   2,   6,  12,   3,
   12,  12,  48,   1,   6,  24,  96,   2]
[  99,1194,   3,  -1,  -1,   1,   1,   3,   6,   2,   2,   6,  12,   0,
    3,  24,  48,   1,   6,  24,  96,   3]
[ 100,1281,   6,  12,  -1,   0,   0,   3,   6,   1,   3,   3,  12,   2,
    3,   6,  48,   1,   6,  48,  96,   3]
[ 101,1299,   3,  -1,  -1,   0,   0,   6,   6,   0,   0,   6,  12,   1,
    6,   6,  48,   3,   6,  48,  96,   2]
[ 102,1320,   3,  -1,  -1,   0,   0,   0,  12,   0,   0,   6,  12,   3,
    1,  12,  48,   3,   6,  48,  96,   3]
[ 103,1353,   2,  -1,  -1,   0,   0,   0,   3,   0,   0,   6,  24,   0,
    1,  12,  48,   6,   6,  48,  96,   2]
[ 104,1362,   3,  -1,  -1,   0,   0,   0,   3,   0,   0,   6,  24,   0,
    1,  12,  48,   2,  12,  48,  96,   0]
[ 105,1365,   1,  -1,  -1,   0,   0,   3,   3,   0,   6,  24,   0,   1,
   12,  48,   0,   2,  12,  48,  96,   3]
[ 106,1638,   2,  -1,  -1,   1,   0,   0,   0,   0,   0,   3,   3,   0,
    6,  24,   0,   3,  24,  96,  96,   2]
[ 107,2370,   3,  -1,  -1,   0,   1,   0,   0,   0,   0,   0,   6,   2,
    0,   6,  24,   0,   3,  24, 192,   3]
[ 108,2373,   2,  -1,  -1,   0,   3,   0,   0,   0,   1,   0,   6,   0,
    0,   6,  24,   2,   3,  24, 192,   3]
[ 109,2373,   1,  -1,  -1,   0,   2,   0,   0,   0,   3,   0,   6,   0,
    1,   6,  24,   2,   3,  24, 192,   2]
[ 110,2373,   3,  -1,  -1,   0,   0,   2,   0,   1,   0,   3,   6,   0,
    1,   6,  24,   2,   3,  24, 192,   2]
[ 111,2376,   3,  -1,  -1,   3,   0,   0,   2,   0,   1,   3,   6,   0,
    1,   6,  24,   2,   3,  24, 192,   0]
[ 112,2379,   1,  -1,  -1,   3,   0,   2,   0,   1,   3,   6,   0,   1,
    6,  24,   3,   2,   3,  24, 192,   3]
[ 113,2463,   1,  -1,  -1,   1,   0,   0,   0,   3,   3,   2,   0,   1,
    6,   6,   3,   3,   3,  48, 192,   2]
[ 114,2475,   2,  -1,  -1,   0,   1,   0,   0,   0,   3,   3,   2,   0,
    1,  12,   3,   1,   6,  48, 192,   2]
[ 115,2478,   6,  12,  24,   0,   0,   1,   0,   2,   0,   6,   2,   0,
    1,  12,   3,   1,   6,  48, 192,   3]
[ 116,2505,   2,  -1,  -1,  12,   0,   1,   0,   0,   0,   6,   2,   2,
    1,  12,   3,   1,   6,  48, 192,   2]
[ 117,2508,   3,  -1,  -1,   2,  12,   0,   1,   0,   0,   6,   2,   0,
    3,  12,   3,   1,   6,  48, 192,   3]
[ 118,2514,   2,  -1,  -1,   0,   0,   0,   3,   2,  12,   6,   3,   0,
    3,  12,   3,   1,   6,  48, 192,   3]
[ 119,2517,   1,  -1,  -1,   2,   0,   0,   0,   0,  12,   6,   3,   2,
    3,  12,   6,   1,   6,  48, 192,   3]
[ 120,2520,   2,  -1,  -1,   1,   0,   0,   0,   2,  12,   6,   3,   0,
    3,  12,   6,   3,   6,  48, 192,   3]
[ 121,2520,   1,  -1,  -1,   2,   0,   0,   0,   1,  12,   6,   3,   2,
    3,  12,   6,   3,   6,  48, 192,   3]
[ 122,2523,   3,  -1,  -1,   1,   0,   0,   0,   2,  12,   6,   3,   3,
    3,  12,   6,   3,   6,  48, 192,   3]
[ 123,2529,   2,  -1,  -1,   3,   0,   0,   0,   1,  12,   6,   3,   2,
    3,  12,   6,   6,   6,  48, 192,   3]
[ 124,2532,   1,  -1,  -1,   2,   0,   0,   0,   3,  12,   6,   3,   3,
    3,  12,   6,   6,   6,  48, 192,   2]
[ 125,2544,   2,  -1,  -1,   1,   2,   0,   0,   3,  12,   6,   3,   0,
    6,  12,   6,   0,  12,  48, 192,   2]
[ 126,2544,   1,  -1,  -1,   2,   1,   2,   0,   3,  12,   6,   3,   0,
    6,  12,   6,   0,  12,  48, 192,   2]
[ 127,2544,   3,  -1,  -1,   1,   2,   1,   2,   3,  12,   6,   3,   0,
    6,  12,   6,   0,  12,  48, 192,   2]
[ 128,2550,   3,  -1,  -1,   3,   1,   2,   3,   3,  12,   6,   3,   0,
    6,  12,   6,   0,  12,  48, 192,   2]
[ 129,2556,   1,  -1,  -1,   3,   3,   3,   3,   3,  12,   6,   3,   0,
    6,  12,   6,   0,  12,  48, 192,   3]
[ 130,2559,   2,  -1,  -1,   0,   3,   3,   1,   3,  12,   6,   6,   3,
    6,  12,   6,   0,  12,  48, 192,   2]
[ 131,2571,   2,  -1,  -1,   0,   0,   6,   1,   2,   3,  12,  12,   3,
    6,  12,   6,   0,  12,  48, 192,   3]
[ 132,2598,   3,  -1,  -1,   0,   0,   2,   1,   0,   3,   6,  12,   2,
    6,  24,   6,   3,  12,  48, 192,   2]
[ 133,2604,   1,  -1,  -1,   3,   0,   0,   3,   0,   3,   6,  12,   2,
    6,  24,   6,   3,  12,  48, 192,   2]
[ 134,2604,   3,  -1,  -1,   1,   3,   0,   3,   0,   3,   6,  12,   2,
    6,  24,   6,   3,  12,  48, 192,   3]
[ 135,2610,   1,  -1,  -1,   3,   0,   0,   3,   1,   6,   6,  12,   2,
    6,  24,   6,   3,  12,  48, 192,   3]
[ 136,2622,   2,  -1,  -1,   1,   0,   0,   3,   3,   0,   6,  12,   3,
   12,  24,   6,   3,  12,  48, 192,   3]
[ 137,2652,   6,  12,  24,   2,   0,   0,   3,   1,   0,   6,  12,   3,
    0,  24,   6,   6,  24,  48, 192,   3]
[ 138,2736,   3,  -1,  -1,  24,   0,   0,   3,   3,   0,   6,  12,   3,
    0,  24,   6,   6,  24,  48, 192,   3]
[ 139,2742,   6,  12,  24,   3,   0,   0,   3,  24,   0,   6,  12,   6,
    0,  24,   6,   6,  24,  48, 192,   3]
[ 140,2760,   3,  -1,  -1,   6,   0,   0,   3,   3,   0,   6,  12,  24,
    0,  24,   6,  12,  24,  48, 192,   0]
[ 141,2763,   1,  -1,  -1,   6,   0,   3,   0,   3,   6,  12,   3,  24,
   24,   6,   0,  12,  24,  48, 192,   3]
[ 142,2844,   2,  -1,  -1,   6,   0,   3,   1,   3,   0,  12,   0,  24,
    6,   6,   3,  12,  48,  48, 192,   2]
[ 143,3096,   2,  -1,  -1,   0,   6,   3,   1,   2,   3,   0,  12,   0,
   24,  12,   3,   0,  12,  96, 192,   3]
[ 144,3096,   1,  -1,  -1,   2,   6,   0,   1,   0,   3,   3,  12,   2,
   24,  12,   3,   0,  12,  96, 192,   2]
[ 145,3099,   3,  -1,  -1,   1,   2,   6,   1,   0,   0,   6,  12,   2,
   24,  12,   3,   0,  12,  96, 192,   2]
[ 146,3105,   3,  -1,  -1,   3,   3,   6,   1,   0,   0,   6,  12,   2,
   24,  12,   3,   0,  12,  96, 192,   2]
[ 147,3111,   3,  -1,  -1,   3,   6,   6,   1,   0,   0,   6,  12,   2,
   24,  12,   3,   0,  12,  96, 192,   3]
[ 148,3123,   2,  -1,  -1,   0,   3,   0,   1,   3,   6,  12,  12,   0,
   24,  12,   3,   2,  12,  96, 192,   2]
[ 149,3150,   2,  -1,  -1,   2,   0,   3,   1,   0,   3,   6,  24,   0,
   24,  12,   3,   2,  12,  96, 192,   0]
[ 150,3150,   1,  -1,  -1,   2,   3,   1,   0,   3,   6,  24,   0,  24,
   12,   3,   2,   2,  12,  96, 192,   2]
[ 151,3150,   1,  -1,  -1,   1,   2,   3,   1,   0,   3,   6,  24,  24,
   12,   3,   2,   2,  12,  96, 192,   0]
[ 152,3153,   2,  -1,  -1,   3,   3,   1,   1,   3,   6,  24,   0,  24,
   12,   3,   2,   2,  12,  96, 192,   3]
[ 153,3183,   3,  -1,  -1,   0,   0,   1,   2,   6,   3,  24,   1,  24,
    6,   3,   2,   2,  24,  96, 192,   2]
[ 154,3189,   1,  -1,  -1,   3,   0,   0,   3,   6,   3,  24,   1,  24,
    6,   3,   2,   2,  24,  96, 192,   3]
[ 155,3192,   1,  -1,  -1,   3,   0,   0,   1,   6,   3,  24,   3,  24,
    6,   3,   3,   2,  24,  96, 192,   2]
[ 156,3195,   3,  -1,  -1,   0,   3,   0,   1,   6,   3,  24,   3,   1,
   24,   6,   6,   2,  24,  96, 192,   3]
[ 157,3282,   2,  -1,  -1,   0,   3,   0,   1,   0,   3,  24,   3,   6,
    3,   6,   6,   3,  48,  96, 192,   2]
[ 158,3291,   2,  -1,  -1,   2,   0,   3,   1,   0,   3,  24,   3,   0,
    6,   3,  12,   3,  48,  96, 192,   0]
[ 159,3291,   1,  -1,  -1,   2,   3,   1,   2,   3,  24,   3,   0,   6,
    3,  12,   0,   3,  48,  96, 192,   2]
[ 160,3294,   1,  -1,  -1,   1,   2,   3,   3,   0,   3,  24,   3,   0,
    6,   3,  12,   3,  48,  96, 192,   3]
[ 161,3297,   1,  -1,  -1,   0,   2,   3,   1,   1,   3,  24,   6,   0,
    6,   3,  12,   3,  48,  96, 192,   3]
[ 162,3297,   2,  -1,  -1,   1,   2,   3,   1,   0,   3,  24,   6,   1,
    6,   3,  12,   3,  48,  96, 192,   2]
[ 163,3300,   3,  -1,  -1,   2,   3,   3,   1,   0,   3,  24,   6,   1,
    6,   3,  12,   3,  48,  96, 192,   3]
[ 164,3306,   3,  -1,  -1,   3,   0,   3,   1,   2,   6,  24,   6,   1,
    6,   3,  12,   3,  48,  96, 192,   3]
[ 165,3321,   3,  -1,  -1,   3,   0,   3,   1,   3,   0,  24,   6,   3,
   12,   3,  12,   3,  48,  96, 192,   2]
[ 166,3324,   2,  -1,  -1,   0,   3,   3,   1,   3,   3,  24,   6,   3,
   12,   3,  12,   3,  48,  96, 192,   2]
[ 167,3330,   3,  -1,  -1,   2,   0,   6,   1,   0,   6,  24,   6,   3,
   12,   3,  12,   3,  48,  96, 192,   3]
[ 168,3336,   2,  -1,  -1,   3,   0,   6,   1,   2,   6,  24,   6,   0,
   12,   3,  12,   6,  48,  96, 192,   0]
[ 169,3336,   2,  -1,  -1,   3,   6,   1,   0,   2,   6,  24,   6,  12,
    3,  12,   2,   6,  48,  96, 192,   3]
[ 170,3345,   1,  -1,  -1,   3,   2,   1,   0,   2,  12,  24,   6,  12,
    3,  12,   2,   6,  48,  96, 192,   2]
[ 171,3345,   2,  -1,  -1,   1,   3,   2,   1,   2,  12,  24,   6,  12,
    3,  12,   2,   6,  48,  96, 192,   3]
[ 172,3348,   3,  -1,  -1,   2,   3,   2,   1,   3,  12,  24,   6,  12,
    3,  12,   2,   6,  48,  96, 192,   2]
[ 173,3354,   3,  -1,  -1,   3,   2,   3,   3,   3,  12,  24,   6,  12,
    3,  12,   2,   6,  48,  96, 192,   2]
[ 174,3360,   1,  -1,  -1,   3,   3,   2,   6,   3,  12,  24,   6,  12,
    3,  12,   2,   6,  48,  96, 192,   3]
[ 175,3372,   1,  -1,  -1,   1,   3,   2,   0,   6,  12,  24,  12,  12,
    3,  12,   2,   6,  48,  96, 192,   2]
