1516445495
[ 0, 9, 2,-1,-1, 0, 0, 3, 3, 1, 0, 0, 2, 0, 1, 3, 1, 2, 2, 0, 0, 3]
[ 1,12, 3,-1,-1, 0, 0, 2, 0, 0, 0, 3, 3, 1, 0, 0, 2, 2, 3, 3, 1, 3]
[ 2,21, 1,-1,-1, 3, 0, 0, 0, 0, 0, 2, 0, 0, 0, 3, 3, 3, 3, 3, 3, 2]
[ 3,27, 2,-1,-1, 1, 3, 0, 0, 0, 0, 0, 2, 0, 0, 0, 6, 0, 3, 3, 6, 3]
[ 4,36, 2,-1,-1, 0, 2, 0, 0, 1, 3, 0, 0, 0, 0, 0, 2, 0, 3, 3,12, 3]
[ 5,36, 3,-1,-1, 0, 2, 0, 0, 0, 2, 0, 0, 1, 3, 0, 2, 0, 3, 3,12, 3]
[ 6,42, 3,-1,-1, 0, 3, 0, 0, 0, 2, 0, 0, 0, 2, 0, 2, 1, 6, 3,12, 2]
[ 7,45, 1,-1,-1, 3, 0, 3, 0, 0, 0, 2, 0, 0, 0, 2, 2, 1, 6, 3,12, 0]
[ 8,45, 2,-1,-1, 3, 3, 0, 1, 0, 2, 0, 0, 0, 2, 2, 0, 1, 6, 3,12, 0]
[ 9,48, 1,-1,-1, 6, 0, 1, 0, 2, 0, 0, 0, 2, 2, 0, 2, 1, 6, 3,12, 3]
[10,51, 3,-1,-1, 1, 0, 0, 0, 6, 0, 1, 0, 2, 2, 0, 2, 3, 6, 3,12, 2]
[11,54, 3,-1,-1, 3, 1, 0, 0, 0, 6, 0, 1, 0, 2, 2, 2, 3, 6, 3,12, 3]
[12,60, 2,-1,-1, 0, 1, 0, 3, 3, 6, 0, 0, 0, 2, 2, 3, 3, 6, 3,12, 3]
[13,60, 1,-1,-1, 2, 1, 0, 0, 0, 6, 0, 3, 3, 2, 2, 3, 3, 6, 3,12, 3]
[14,66, 1,-1,-1, 0, 1, 0, 1, 2, 6, 0, 0, 0, 2, 2, 6, 6, 6, 3,12, 3]
[15,66, 2,-1,-1, 1, 1, 0, 0, 0, 6, 0, 1, 2, 2, 2, 6, 6, 6, 3,12, 0]
[16,75, 1,-1,-1, 1, 1, 0, 0, 6, 0, 1, 0, 2, 2, 2, 6,12, 3,12, 2, 1]
[17,75, 3,-1,-1, 1, 1, 1, 0, 6, 2, 2, 6, 2, 3,12, 2,12, 0, 0, 1, 3]
[18,81, 1,-1,-1, 1, 0, 3, 0, 6, 1, 1, 0, 2, 2, 2, 6,12, 3,12, 3, 0]
[19,81, 3,-1,-1, 1, 3, 0, 1, 6, 1, 1, 0, 2, 2, 2, 6,12, 3,12, 3, 3]
[20,90, 3,-1,-1, 1, 3, 0, 0, 6, 3, 0, 1, 2, 3, 3, 6,12, 3,12, 3, 0]
[21,96, 2,-1,-1, 1, 3, 0, 0, 6, 3, 1, 3, 2, 6, 6, 0,12, 3,12, 3, 3]
[22,99, 2,-1,-1, 1, 0, 0, 2, 6, 6, 1, 0, 2, 6, 6, 3,12, 3,12, 3, 3]
[ 23,111,  1, -1, -1,  1,  0,  0,  2,  6,  0,  1,  2,  2, 12,  6,  0, 12,
   3, 12,  6,  2]
[ 24,114,  3, -1, -1,  1,  1,  0,  2,  0,  6,  0,  3,  0,  2, 12,  6, 12,
   3, 12,  6,  3]
[ 25,153,  2, -1, -1,  0,  1,  3,  0,  1,  6,  0,  2,  0,  2,  0,  3, 12,
   3, 24, 12,  2]
[ 26,153,  1, -1, -1,  0,  0,  1,  3,  2,  1,  6,  2,  0,  0,  2,  3, 12,
   3, 24, 12,  3]
[ 27,153,  1, -1, -1,  0,  1,  1,  3,  0,  0,  6,  2,  2,  1,  2,  3, 12,
   3, 24, 12,  2]
[ 28,156,  2, -1, -1,  0,  1,  1,  3,  0,  0,  6,  2,  1,  2,  3,  3, 12,
   3, 24, 12,  2]
[ 29,159,  2, -1, -1,  0,  1,  1,  3,  0,  0,  6,  2,  2,  1,  2,  6, 12,
   3, 24, 12,  2]
[ 30,162,  2, -1, -1,  0,  1,  1,  3,  0,  0,  6,  2,  2,  2,  3,  6, 12,
   3, 24, 12,  0]
[ 31,162,  3, -1, -1,  1,  1,  3,  2,  0,  6,  2,  0,  2,  2,  3,  6, 12,
   3, 24, 12,  3]
[ 32,165,  3, -1, -1,  0,  1,  3,  3,  1,  6,  2,  2,  2,  2,  3,  6, 12,
   3, 24, 12,  2]
[ 33,171,  2, -1, -1,  3,  0,  1,  6,  1,  6,  2,  2,  2,  2,  3,  6, 12,
   3, 24, 12,  3]
[ 34,177,  3, -1, -1,  0,  0,  2,  6,  3,  6,  3,  2,  3,  2,  3,  6, 12,
   3, 24, 12,  3]
[ 35,186,  3, -1, -1,  3,  0,  0,  6,  0,  6,  2,  2,  6,  2,  6,  6, 12,
   3, 24, 12,  2]
[ 36,198,  1, -1, -1,  3,  3,  0,  6,  0,  6,  2,  2,  0,  6,  2, 12, 12,
   3, 24, 12,  3]
[ 37,234,  1, -1, -1,  0,  1,  0,  0,  3,  3,  2,  6,  0, 12,  2,  2, 12,
   3, 24, 24,  2]
[ 38,318,  1, -1, -1,  0,  0,  1,  0,  1,  6,  2,  6,  0, 12,  2,  2,  0,
  12,  3, 48,  3]
[ 39,348,  2, -1, -1,  0,  1,  0,  0,  0,  0,  3,  6,  1,  6,  2,  2,  0,
  24,  3, 48,  3]
[ 40,348,  1, -1, -1,  0,  2,  0,  0,  0,  1,  3,  6,  0,  6,  2,  2,  1,
  24,  3, 48,  3]
[ 41,351,  2, -1, -1,  0,  1,  0,  0,  0,  3,  3,  6,  0,  6,  2,  2,  1,
  24,  3, 48,  2]
[ 42,354,  3, -1, -1,  0,  0,  1,  0,  2,  0,  6,  6,  0,  6,  2,  2,  1,
  24,  3, 48,  3]
[ 43,357,  2, -1, -1,  3,  0,  1,  0,  0,  0,  6,  6,  2,  6,  2,  2,  1,
  24,  3, 48,  3]
[ 44,360,  1, -1, -1,  2,  0,  1,  0,  3,  0,  6,  6,  0,  6,  2,  2,  3,
  24,  3, 48,  0]
[ 45,360,  3, -1, -1,  2,  1,  0,  0,  3,  6,  6,  1,  6,  2,  2,  0,  3,
  24,  3, 48,  3]
[ 46,363,  2, -1, -1,  2,  1,  0,  3,  3,  6,  6,  0,  6,  2,  2,  1,  3,
  24,  3, 48,  2]
[ 47,366,  3, -1, -1,  0,  2,  1,  3,  2,  3,  6,  6,  0,  6,  2,  3,  3,
  24,  3, 48,  0]
[ 48,378,  1, -1, -1,  2,  1,  3,  0,  2,  3, 12,  0,  6,  2,  3,  3,  3,
  24,  3, 48,  3]
[ 49,381,  1, -1, -1,  2,  1,  1,  0,  2,  3,  3,  0,  6,  2, 12,  3,  3,
  24,  6, 48,  2]
[ 50,381,  3, -1, -1,  1,  2,  1,  1,  0,  2,  3,  3,  6,  2, 12,  3,  3,
  24,  6, 48,  2]
[ 51,390,  6, -1, -1,  3,  1,  3,  1,  0,  0,  2,  6,  6,  2, 12,  3,  3,
  24,  6, 48,  3]
[ 52,399,  3, -1, -1,  6,  0,  3,  1,  3,  1,  2,  6,  6,  2, 12,  3,  3,
  24,  6, 48,  2]
[ 53,405,  2, -1, -1,  3,  6,  3,  1,  0,  3,  3,  6,  6,  2, 12,  3,  3,
  24,  6, 48,  2]
[ 54,408,  3, -1, -1,  3,  6,  3,  1,  2,  0,  6,  6,  6,  2, 12,  3,  3,
  24,  6, 48,  2]
[ 55,420,  1, -1, -1,  3,  6,  3,  1,  3,  2,  0, 12,  6,  2, 12,  3,  3,
  24,  6, 48,  0]
[ 56,420,  2, -1, -1,  3,  6,  3,  1,  3,  2, 12,  1,  6,  2, 12,  3,  3,
  24,  6, 48,  3]
[ 57,450,  1, -1, -1,  0,  6,  2,  1,  6,  2,  3,  1,  6,  2, 24,  3,  3,
  24,  6, 48,  0]
[ 58,450,  3, -1, -1,  6,  2,  1,  1,  6,  2,  3,  1,  6,  2, 24,  3,  3,
  24,  6, 48,  2]
[ 59,456,  2, -1, -1,  3,  6,  3,  1,  6,  2,  3,  1,  6,  2, 24,  3,  3,
  24,  6, 48,  3]
[ 60,468,  2, -1, -1,  2,  6,  0,  1,  3,  2,  6,  1, 12,  2, 24,  3,  3,
  24,  6, 48,  0]
[ 61,468,  1, -1, -1,  2,  6,  1,  2,  3,  2,  6,  1, 12,  2, 24,  3,  3,
  24,  6, 48,  2]
[ 62,471,  1, -1, -1,  1,  2,  6,  3,  3,  2,  6,  1, 12,  2, 24,  3,  3,
  24,  6, 48,  2]
[ 63,474,  3, -1, -1,  1,  3,  6,  3,  3,  2,  6,  1, 12,  2, 24,  3,  3,
  24,  6, 48,  3]
[ 64,486,  3, -1, -1,  1,  3,  3,  3,  3,  2, 12,  1, 12,  2, 24,  3,  3,
  24,  6, 48,  0]
[ 65,492,  3, -1, -1,  1,  6,  3,  3,  3,  2, 12,  1, 12,  2, 24,  3,  3,
  24,  6, 48,  0]
[ 66,498,  2, -1, -1,  1,  6,  6,  3,  3,  2, 12,  1, 12,  2, 24,  3,  3,
  24,  6, 48,  2]
[ 67,507,  2, -1, -1,  2,  1, 12,  3,  3,  2, 12,  1, 12,  2, 24,  3,  3,
  24,  6, 48,  3]
[ 68,537,  2, -1, -1,  2,  0,  2,  3,  3,  3, 24,  1, 12,  2, 24,  3,  3,
  24,  6, 48,  0]
[ 69,540,  3, -1, -1,  2,  2,  3,  0,  6, 24,  1,  2, 12,  2, 24,  3,  3,
  24,  6, 48,  2]
[ 70,546,  2, -1, -1,  0,  2,  2,  3,  3,  6, 24,  3, 12,  2, 24,  3,  3,
  24,  6, 48,  3]
[ 71,630,  3, -1, -1,  0,  2,  0,  2,  3,  6,  2,  3, 12,  2, 48,  6,  3,
  24,  6, 48,  0]
[ 72,633,  1, -1, -1,  2,  0,  2,  3,  3,  6,  2,  3, 12,  2, 48,  6,  3,
  24,  6, 48,  3]
[ 73,636,  1, -1, -1,  2,  0,  2,  1,  3,  6,  2,  6, 12,  2, 48,  6,  3,
  24,  6, 48,  3]
[ 74,645,  1, -1, -1,  2,  0,  2,  1,  3,  6,  2,  1, 12,  2, 48, 12,  3,
  24,  6, 48,  2]
[ 75,651,  1, -1, -1,  0,  2,  0,  3,  1,  3,  6,  3, 12,  2, 48, 12,  3,
  24,  6, 48,  3]
[ 76,654,  1, -1, -1,  0,  2,  0,  1,  1,  3,  6,  6, 12,  2, 48, 12,  3,
  24,  6, 48,  2]
[ 77,663,  6, -1, -1,  1,  0,  2,  1,  0,  1,  3, 12, 12,  2, 48, 12,  3,
  24,  6, 48,  3]
[ 78,702,  1, -1, -1,  6,  0,  2,  0,  1,  0,  3,  1, 12,  3, 48, 24,  3,
  24,  6, 48,  2]
[ 79,702,  3, -1, -1,  0,  6,  0,  2,  1,  1,  3,  1, 12,  3, 48, 24,  3,
  24,  6, 48,  3]
[ 80,708,  2, -1, -1,  0,  6,  0,  3,  1,  1,  3,  3, 12,  3, 48, 24,  3,
  24,  6, 48,  2]
[ 81,711,  1, -1, -1,  0,  0,  6,  3,  2,  1,  1,  6, 12,  3, 48, 24,  3,
  24,  6, 48,  2]
[ 82,714,  2, -1, -1,  0,  0,  6,  3,  1,  3,  1,  6, 12,  3, 48, 24,  3,
  24,  6, 48,  3]
[ 83,717,  3, -1, -1,  0,  2,  6,  3,  1,  0,  1,  6, 12,  6, 48, 24,  3,
  24,  6, 48,  3]
[ 84,720,  1, -1, -1,  0,  3,  6,  3,  1,  2,  1,  6, 12,  6, 48, 24,  3,
  24,  6, 48,  2]
[ 85,723,  2, -1, -1,  0,  3,  6,  3,  1,  1,  3,  6, 12,  6, 48, 24,  3,
  24,  6, 48,  0]
[ 86,723,  3, -1, -1,  3,  6,  3,  2,  1,  1,  3,  6, 12,  6, 48, 24,  3,
  24,  6, 48,  3]
[ 87,729,  3, -1, -1,  3,  6,  3,  2,  1,  1,  6,  6, 12,  6, 48, 24,  3,
  24,  6, 48,  2]
[ 88,741,  2, -1, -1,  3,  6,  3,  2,  3,  1,  1, 12, 12,  6, 48, 24,  3,
  24,  6, 48,  3]
