1516447598
[ 0,12, 2,-1,-1, 3, 0, 3, 3, 0, 2, 3, 0, 0, 0, 1, 1, 1, 0, 0, 2, 3]
[ 1,15, 1,-1,-1, 0, 0, 0, 2, 3, 0, 3, 3, 0, 2, 3, 0, 1, 0, 1, 3, 3]
[ 2,18, 2,-1,-1, 0, 0, 1, 0, 0, 0, 0, 2, 3, 0, 6, 3, 1, 2, 1, 3, 2]
[ 3,21, 2,-1,-1, 2, 0, 0, 1, 0, 0, 0, 2, 0, 3, 6, 3, 0, 1, 3, 3, 2]
[ 4,24, 2,-1,-1, 2, 2, 0, 1, 0, 0, 0, 2, 0, 3, 6, 3, 0, 0, 1, 6, 3]
[ 5,27, 3,-1,-1, 0, 0, 0, 2, 2, 2, 0, 3, 0, 0, 6, 3, 0, 3, 1, 6, 3]
[ 6,33, 3,-1,-1, 3, 0, 0, 0, 0, 0, 0, 2, 2, 2, 6, 6, 0, 3, 1, 6, 3]
[ 7,45, 1,-1,-1, 3, 0, 0, 0, 3, 0, 0, 0, 0, 2, 6, 2, 2, 3, 1,12, 2]
[ 8,45, 1,-1,-1, 1, 3, 0, 0, 0, 3, 0, 0, 0, 2, 6, 2, 2, 3, 1,12, 2]
[ 9,45, 1,-1,-1, 1, 1, 3, 0, 0, 0, 3, 0, 0, 2, 6, 2, 2, 3, 1,12, 3]
[10,48, 3,-1,-1, 1, 0, 0, 0, 1, 1, 6, 0, 0, 2, 6, 2, 2, 3, 1,12, 3]
[11,63, 3,-1,-1, 0, 0, 3, 0, 1, 0, 0, 0, 1, 3,12, 2, 2, 3, 1,12, 0]
[12,66, 1,-1,-1, 0, 3, 0, 3, 1, 0, 0, 0, 1, 3,12, 2, 2, 3, 1,12, 3]
[13,72, 2,-1,-1, 0, 1, 0, 0, 0, 3, 0, 3, 1, 0,12, 2, 3, 6, 1,12, 0]
[14,72, 2,-1,-1, 1, 0, 0, 0, 3, 0, 3, 2, 1,12, 2, 0, 3, 6, 1,12, 3]
[15,75, 1,-1,-1, 1, 0, 2, 0, 3, 0, 0, 0, 1,12, 3, 2, 3, 6, 3,12, 3]
[16,78, 3,-1,-1, 1, 0, 1, 0, 3, 0, 2, 0, 1,12, 0, 2, 3, 6, 6,12, 2]
[17,90, 2,-1,-1, 0, 1, 0, 1, 0, 3, 0, 2, 0, 1,12, 2, 3, 3,12,12, 2]
[ 18,117,  2, -1, -1,  0,  0,  1,  1,  0,  0,  3,  2,  0,  1, 12,  2,  2,
   3,  3, 24,  2]
[ 19,120,  1, -1, -1,  0,  0,  1,  1,  0,  0,  3,  2,  0,  1, 12,  2,  2,
   2,  6, 24,  3]
[ 20,126,  3, -1, -1,  0,  1,  1,  0,  0,  0,  3,  3,  0,  0, 12,  2,  2,
   3,  6, 24,  0]
[ 21,129,  3, -1, -1,  1,  1,  0,  0,  0,  3,  3,  3,  0, 12,  2,  0,  2,
   3,  6, 24,  0]
[ 22,132,  2, -1, -1,  1,  1,  0,  0,  3,  3,  3,  0, 12,  2,  0,  3,  2,
   3,  6, 24,  3]
[ 23,132,  2, -1, -1,  1,  1,  2,  0,  3,  3,  0,  0, 12,  2,  3,  3,  2,
   3,  6, 24,  2]
[ 24,135,  3, -1, -1,  0,  1,  1,  2,  2,  3,  3,  0,  0, 12,  2,  6,  2,
   3,  6, 24,  0]
[ 25,141,  1, -1, -1,  1,  1,  2,  0,  2,  6,  0,  3, 12,  2,  6,  0,  2,
   3,  6, 24,  3]
[ 26,153,  1, -1, -1,  1,  1,  0,  0,  3,  6,  2,  0, 12,  2,  0,  3,  2,
   3, 12, 24,  2]
[ 27,153,  1, -1, -1,  1,  1,  1,  0,  0,  3,  6,  2,  0, 12,  2,  3,  2,
   3, 12, 24,  0]
[ 28,153,  3, -1, -1,  1,  1,  1,  0,  3,  6,  2,  1, 12,  2,  3,  0,  2,
   3, 12, 24,  3]
[ 29,159,  3, -1, -1,  1,  1,  0,  3,  3,  6,  3,  0, 12,  2,  3,  1,  2,
   3, 12, 24,  2]
[ 30,162,  3, -1, -1,  0,  1,  1,  3,  3,  3,  6,  3, 12,  2,  3,  1,  2,
   3, 12, 24,  3]
[ 31,168,  2, -1, -1,  0,  1,  1,  3,  3,  3,  6,  6, 12,  2,  3,  1,  2,
   3, 12, 24,  0]
[ 32,171,  2, -1, -1,  1,  1,  3,  2,  6,  6,  6,  0, 12,  2,  3,  1,  2,
   3, 12, 24,  3]
[ 33,171,  2, -1, -1,  1,  1,  3,  2,  6,  6,  6,  2, 12,  2,  3,  1,  2,
   3, 12, 24,  0]
[ 34,180,  1, -1, -1,  1,  1,  3,  2, 12,  6,  2,  2, 12,  2,  3,  1,  2,
   3, 12, 24,  3]
[ 35,210,  2, -1, -1,  0,  1,  3,  1,  1,  6,  2,  2, 24,  2,  3,  3,  2,
   3, 12, 24,  2]
[ 36,213,  1, -1, -1,  0,  1,  3,  1,  1,  6,  2,  2,  2, 24,  2,  6,  2,
   3, 12, 24,  0]
[ 37,213,  1, -1, -1,  1,  3,  1,  1,  1,  6,  2,  2,  2, 24,  2,  6,  2,
   3, 12, 24,  1]
[ 38,222,  3, -1, -1,  1,  3,  3,  3,  3,  6,  2,  6,  2, 24, 12, 24,  0,
   3,  0,  1,  0]
[ 39,228,  2, -1, -1,  1,  6,  3,  3,  3,  6,  2,  6,  2, 24, 12, 24,  3,
   0,  1,  0,  3]
[ 40,228,  2, -1, -1,  1,  0,  3,  2,  3,  6,  2,  3,  2,  6, 12,  6,  3,
  24,  1, 24,  2]
[ 41,228,  1, -1, -1,  2,  1,  3,  2,  3,  6,  2,  3,  2,  6, 12,  6,  3,
  24,  1, 24,  0]
[ 42,231,  1, -1, -1,  3,  3,  2,  1,  3,  6,  2,  3,  2,  6, 12,  6,  3,
  24,  1, 24,  1]
[ 43,243,  3, -1, -1,  6,  3,  2,  1,  2, 12,  2,  3,  3, 24, 12,  6,  1,
   0,  1, 24,  0]
[ 44,249,  1, -1, -1,  6,  3,  3,  3,  2, 12,  2,  3,  3, 24, 12,  6,  1,
   1, 24,  0,  3]
[ 45,249,  2, -1, -1,  6,  3,  3,  1,  2, 12,  2,  3,  3, 24, 12,  3,  1,
   1, 24,  6,  3]
[ 46,252,  1, -1, -1,  6,  3,  3,  2,  2, 12,  2,  1,  3, 24, 12,  6,  1,
   1, 24,  6,  3]
[ 47,261,  3, -1, -1,  6,  3,  3,  1,  2, 12,  2,  2,  3, 24, 12,  1,  1,
   1, 24, 12,  1]
[ 48,267,  3, -1, -1,  6,  3,  3,  3,  2, 12,  2,  1,  3, 24, 12, 12,  1,
   1, 24,  3,  0]
[ 49,303,  2, -1, -1,  6,  6,  3,  0,  2, 12,  3,  0,  3, 24, 24,  3,  1,
   1, 24,  3,  0]
[ 50,393,  3, -1, -1, 12,  3,  0,  2,  2, 12,  3,  0,  3, 48,  3,  0,  1,
   1, 24,  3,  0]
[ 51,396,  1, -1, -1, 12,  3,  2,  3,  2, 12,  3,  0,  3, 48,  3,  0,  1,
   1, 24,  3,  2]
[ 52,396,  3, -1, -1, 12,  3,  2,  3,  0,  2, 12,  3,  1,  3, 48,  3,  1,
   1, 24,  3,  1]
[ 53,402,  2, -1, -1, 12,  3,  2,  6,  1,  2, 12,  3,  1,  3, 48,  3,  3,
   1, 24,  0,  1]
[ 54,405,  1, -1, -1, 12,  3,  2,  6,  1,  2, 12,  6,  1,  3, 48,  0,  3,
   1, 24,  2,  1]
[ 55,414,  2, -1, -1, 12,  3,  2, 12,  1,  2, 12,  0,  1,  3, 48,  2,  3,
   1, 24,  1,  1]
[ 56,414,  2, -1, -1, 12,  3,  2, 12,  1,  2, 12,  2,  1,  3, 48,  1,  3,
   1, 24,  2,  1]
[ 57,417,  3, -1, -1, 12,  3,  2, 12,  1,  2, 12,  3,  1,  3, 48,  2,  3,
   1, 24,  2,  2]
[ 58,423,  1, -1, -1, 12,  3,  2, 12,  3,  3, 12,  3,  1,  3, 48,  2,  3,
   1, 24,  2,  2]
