1516443226
[ 0,12, 2,-1,-1, 2, 0, 0, 3, 3, 1, 1, 0, 3, 0, 0, 2, 0, 0, 1, 3, 2]
[ 1,12, 2,-1,-1, 0, 2, 0, 3, 0, 3, 1, 1, 2, 3, 0, 2, 0, 0, 1, 3, 3]
[ 2,15, 1,-1,-1, 0, 2, 0, 0, 0, 2, 0, 3, 0, 3, 1, 3, 2, 3, 1, 3, 2]
[ 3,15, 1,-1,-1, 0, 0, 2, 0, 1, 0, 2, 3, 0, 3, 1, 3, 2, 3, 1, 3, 3]
[ 4,24, 1,-1,-1, 1, 0, 0, 0, 0, 0, 2, 0, 1, 0, 3, 3, 2, 6, 1, 6, 2]
[ 5,27, 2,-1,-1, 1, 1, 0, 0, 0, 0, 0, 2, 0, 1, 0, 6, 2, 6, 1, 6, 2]
[ 6,27, 3,-1,-1, 0, 1, 1, 0, 0, 0, 0, 2, 2, 0, 1, 6, 2, 6, 1, 6, 2]
[ 7,30, 3,-1,-1, 0, 0, 1, 1, 0, 0, 0, 2, 3, 2, 1, 6, 2, 6, 1, 6, 2]
[ 8,36, 3,-1,-1, 0, 0, 1, 1, 0, 0, 0, 2, 3, 3, 3, 6, 2, 6, 1, 6, 2]
[ 9,42, 3,-1,-1, 0, 0, 1, 1, 0, 0, 0, 2, 3, 3, 6, 6, 2, 6, 1, 6, 3]
[10,54, 1,-1,-1, 0, 0, 3, 0, 0, 0, 1, 1, 3, 3, 6, 2, 2, 6, 1,12, 0]
[11,57, 2,-1,-1, 0, 3, 0, 0, 0, 1, 1, 0, 6, 6, 2, 1, 2, 6, 1,12, 3]
[12,69, 2,-1,-1, 0, 2, 0, 0, 0, 3, 0, 0, 6, 1, 1, 1, 2,12, 3,12, 2]
[13,69, 2,-1,-1, 0, 0, 2, 0, 2, 0, 3, 0, 6, 1, 1, 1, 2,12, 3,12, 2]
[14,69, 1,-1,-1, 2, 0, 0, 2, 0, 2, 0, 3, 6, 1, 1, 1, 2,12, 3,12, 2]
[15,69, 2,-1,-1, 1, 2, 0, 2, 0, 0, 2, 3, 6, 1, 1, 1, 2,12, 3,12, 3]
[16,72, 2,-1,-1, 2, 0, 0, 2, 1, 2, 0, 3, 6, 1, 3, 1, 2,12, 3,12, 0]
[17,75, 1,-1,-1, 2, 0, 2, 2, 3, 0, 3, 0, 6, 1, 3, 1, 2,12, 3,12, 3]
[18,78, 3,-1,-1, 2, 0, 1, 0, 3, 0, 2, 2, 6, 1, 3, 1, 2,12, 6,12, 3]
[19,87, 2,-1,-1, 2, 0, 3, 0, 3, 0, 3, 0, 6, 1, 3, 3, 2,12, 6,12, 2]
[20,90, 3,-1,-1, 2, 2, 0, 3, 0, 3, 0, 3, 0, 6, 1, 6, 2,12, 6,12, 3]
[21,96, 1,-1,-1, 3, 2, 0, 0, 2, 3, 0, 6, 0, 6, 1, 6, 2,12, 6,12, 2]
[22,96, 1,-1,-1, 0, 3, 2, 0, 1, 2, 3, 6, 0, 6, 1, 6, 2,12, 6,12, 3]
[ 23,105,  3, -1, -1,  1,  3,  2,  0,  0,  2,  3,  0,  1,  6,  1, 12,  2,
  12,  6, 12,  2]
[ 24,108,  2, -1, -1,  0,  1,  3,  2,  3,  0,  2,  3,  1,  6,  1, 12,  2,
  12,  6, 12,  3]
[ 25,141,  1, -1, -1,  0,  0,  0,  2,  0,  1,  3,  2,  3,  6,  3,  3,  3,
  12,  6, 24,  2]
[ 26,144,  3, -1, -1,  0,  0,  0,  2,  0,  1,  3,  2,  1,  3,  6,  6,  3,
  12,  6, 24,  3]
[ 27,156,  1, -1, -1,  0,  0,  3,  2,  0,  1,  0,  2,  1,  3,  3,  6,  3,
  12, 12, 24,  2]
[ 28,186,  1, -1, -1,  0,  0,  3,  2,  1,  0,  1,  2,  0,  1,  6,  6,  0,
   3, 24, 24,  2]
[ 29,279,  2, -1, -1,  0,  0,  3,  2,  1,  1,  0,  3,  0,  0,  1, 12,  0,
   0,  3, 48,  2]
[ 30,279,  2, -1, -1,  0,  0,  3,  2,  2,  1,  1,  3,  0,  0,  1, 12,  0,
   0,  3, 48,  2]
[ 31,282,  3, -1, -1,  0,  0,  3,  2,  2,  3,  1,  3,  0,  0,  1, 12,  0,
   0,  3, 48,  3]
[ 32,285,  2, -1, -1,  0,  3,  3,  2,  0,  0,  1,  3,  2,  3,  1, 12,  0,
   0,  3, 48,  3]
[ 33,285,  3, -1, -1,  2,  0,  3,  2,  0,  3,  1,  3,  0,  0,  1, 12,  2,
   3,  3, 48,  3]
[ 34,288,  3, -1, -1,  0,  3,  3,  2,  2,  0,  1,  3,  0,  3,  1, 12,  2,
   3,  3, 48,  3]
[ 35,294,  6, -1, -1,  0,  3,  3,  2,  0,  3,  1,  3,  2,  0,  1, 12,  2,
   6,  3, 48,  2]
[ 36,306,  1, -1, -1,  0,  0,  6,  2,  0,  3,  1,  3,  6,  2,  1, 12,  2,
   6,  3, 48,  2]
[ 37,309,  3, -1, -1,  0,  0,  6,  2,  0,  3,  1,  3,  1,  6,  3, 12,  2,
   6,  3, 48,  3]
[ 38,327,  1, -1, -1,  3,  0,  0,  2,  0,  0,  6,  3,  0,  3,  1, 12,  3,
  12,  6, 48,  2]
[ 39,327,  2, -1, -1,  1,  3,  0,  2,  0,  0,  6,  3,  0,  3,  1, 12,  3,
  12,  6, 48,  3]
[ 40,327,  3, -1, -1,  2,  0,  0,  2,  1,  3,  6,  3,  0,  3,  1, 12,  3,
  12,  6, 48,  3]
[ 41,333,  1, -1, -1,  3,  0,  0,  2,  2,  0,  6,  3,  1,  6,  1, 12,  3,
  12,  6, 48,  3]
[ 42,336,  1, -1, -1,  1,  0,  0,  2,  3,  0,  6,  3,  3,  6,  1, 12,  3,
  12,  6, 48,  2]
[ 43,336,  2, -1, -1,  0,  1,  0,  2,  1,  3,  6,  3,  3,  6,  1, 12,  3,
  12,  6, 48,  2]
[ 44,336,  3, -1, -1,  2,  0,  1,  2,  1,  3,  6,  3,  3,  6,  1, 12,  3,
  12,  6, 48,  2]
[ 45,342,  6, -1, -1,  3,  2,  0,  3,  1,  3,  6,  3,  3,  6,  1, 12,  3,
  12,  6, 48,  3]
[ 46,357,  2, -1, -1,  0,  2,  0,  6,  3,  3,  6,  6,  1,  6,  1, 12,  6,
  12,  6, 48,  2]
[ 47,366,  2, -1, -1,  0,  0,  2,  6,  2,  3,  3, 12,  1,  6,  1, 12,  6,
  12,  6, 48,  3]
[ 48,396,  3, -1, -1,  0,  0,  2,  2,  0,  3,  3,  6,  3,  6,  1, 24,  6,
  12,  6, 48,  2]
[ 49,402,  3, -1, -1,  0,  0,  2,  2,  3,  0,  6,  6,  3,  6,  1, 24,  6,
  12,  6, 48,  2]
[ 50,414,  1, -1, -1,  0,  0,  2,  2,  3,  3,  0, 12,  3,  6,  1, 24,  6,
  12,  6, 48,  3]
[ 51,417,  2, -1, -1,  0,  0,  1,  2,  0,  3,  2, 12,  6,  6,  1, 24,  6,
  12,  6, 48,  3]
[ 52,429,  1, -1, -1,  0,  0,  2,  2,  0,  3,  1, 12,  0,  6,  3, 24, 12,
  12,  6, 48,  3]
[ 53,432,  1, -1, -1,  0,  0,  1,  2,  0,  3,  3, 12,  0,  6,  3, 24, 12,
  12,  6, 48,  2]
[ 54,465,  2, -1, -1,  1,  0,  0,  3,  0,  0,  6, 12,  0,  6,  3, 24,  0,
  24,  6, 48,  2]
[ 55,465,  2, -1, -1,  2,  1,  0,  3,  0,  0,  6, 12,  0,  6,  3, 24,  0,
  24,  6, 48,  2]
[ 56,465,  3, -1, -1,  2,  2,  1,  3,  0,  0,  6, 12,  0,  6,  3, 24,  0,
  24,  6, 48,  2]
[ 57,471,  1, -1, -1,  3,  2,  3,  3,  0,  0,  6, 12,  0,  6,  3, 24,  0,
  24,  6, 48,  3]
[ 58,471,  2, -1, -1,  0,  1,  3,  3,  3,  2,  6, 12,  0,  6,  3, 24,  0,
  24,  6, 48,  2]
[ 59,474,  3, -1, -1,  2,  0,  1,  6,  3,  2,  6, 12,  0,  6,  3, 24,  0,
  24,  6, 48,  2]
[ 60,477,  1, -1, -1,  3,  2,  1,  6,  3,  2,  6, 12,  0,  6,  3, 24,  0,
  24,  6, 48,  2]
[ 61,480,  3, -1, -1,  1,  3,  3,  6,  3,  2,  6, 12,  0,  6,  3, 24,  0,
  24,  6, 48,  2]
[ 62,486,  3, -1, -1,  3,  1,  6,  6,  3,  2,  6, 12,  0,  6,  3, 24,  0,
  24,  6, 48,  3]
[ 63,501,  1, -1, -1,  0,  3,  0,  6,  3,  3, 12, 12,  3,  6,  3, 24,  0,
  24,  6, 48,  2]
[ 64,528,  2, -1, -1,  1,  0,  3,  6,  0,  3,  3, 24,  3,  6,  3, 24,  0,
  24,  6, 48,  3]
[ 65,612,  2, -1, -1,  0,  0,  2,  0,  1,  3,  3,  6,  0,  6,  6, 48,  3,
  24,  6, 48,  2]
[ 66,624,  1, -1, -1,  2,  0,  0,  2,  0,  1,  6,  6,  0,  0, 12, 48,  3,
  24,  6, 48,  2]
[ 67,633,  1, -1, -1,  1,  2,  0,  2,  0,  0,  1, 12,  0,  0, 12, 48,  3,
  24,  6, 48,  3]
[ 68,876,  1, -1, -1,  0,  0,  0,  1,  1,  2,  1,  2,  0,  0, 12, 12,  3,
  24,  6, 96,  2]
[ 69,906,  3, -1, -1,  0,  0,  0,  1,  1,  1,  2,  3,  0,  0,  0, 24,  3,
  24,  6, 96,  2]
[ 70,912,  2, -1, -1,  0,  0,  0,  1,  3,  1,  3,  3,  0,  0,  0, 24,  3,
  24,  6, 96,  2]
[ 71,915,  2, -1, -1,  0,  0,  0,  1,  2,  3,  1,  6,  0,  0,  0, 24,  3,
  24,  6, 96,  3]
[ 72,915,  3, -1, -1,  2,  0,  0,  1,  0,  0,  0,  6,  2,  3,  1, 24,  3,
  24,  6, 96,  2]
[ 73,918,  3, -1, -1,  3,  2,  0,  1,  0,  0,  0,  6,  2,  3,  1, 24,  3,
  24,  6, 96,  2]
[ 74,921,  1, -1, -1,  3,  3,  2,  1,  0,  0,  0,  6,  2,  3,  1, 24,  3,
  24,  6, 96,  2]
[ 75,924,  2, -1, -1,  1,  3,  3,  3,  0,  0,  0,  6,  2,  3,  1, 24,  3,
  24,  6, 96,  3]
[ 76,924,  3, -1, -1,  0,  0,  2,  3,  1,  3,  3,  6,  2,  3,  1, 24,  3,
  24,  6, 96,  3]
[ 77,933,  1, -1, -1,  3,  0,  2,  3,  0,  0,  3,  6,  3,  6,  1, 24,  3,
  24,  6, 96,  3]
[ 78,936,  1, -1, -1,  1,  0,  2,  3,  3,  0,  3,  6,  0,  6,  1, 24,  6,
  24,  6, 96,  2]
[ 79,936,  1, -1, -1,  1,  1,  2,  3,  0,  3,  3,  6,  0,  6,  1, 24,  6,
  24,  6, 96,  2]
[ 80,942,  2, -1, -1,  1,  1,  3,  3,  0,  0,  6,  6,  0,  6,  1, 24,  6,
  24,  6, 96,  2]
[ 81,954,  1, -1, -1,  0,  1,  1,  6,  2,  0,  0, 12,  0,  6,  1, 24,  6,
  24,  6, 96,  2]
[ 82,954,  2, -1, -1,  0,  1,  1,  6,  1,  2,  0, 12,  0,  6,  1, 24,  6,
  24,  6, 96,  2]
[ 83,954,  2, -1, -1,  0,  1,  1,  6,  2,  1,  2, 12,  0,  6,  1, 24,  6,
  24,  6, 96,  3]
[ 84,957,  2, -1, -1,  2,  1,  0,  6,  0,  1,  1, 12,  2,  6,  3, 24,  6,
  24,  6, 96,  2]
[ 85,957,  3, -1, -1,  2,  2,  1,  6,  0,  1,  1, 12,  2,  6,  3, 24,  6,
  24,  6, 96,  2]
[ 86,963,  6, 12, -1,  3,  2,  3,  6,  0,  1,  1, 12,  2,  6,  3, 24,  6,
  24,  6, 96,  3]
[ 87,975,  3, -1, -1,  6,  0,  3,  6,  3,  3,  1, 12,  2,  6,  3, 24,  6,
  24,  6, 96,  2]
[ 88,981,  3, -1, -1,  0,  6,  3,  6,  3,  6,  1, 12,  2,  6,  3, 24,  6,
  24,  6, 96,  3]
[ 89,993,  6, 12, -1,  0,  3,  3,  6,  3,  6,  1, 12,  2, 12,  3, 24,  6,
  24,  6, 96,  2]
[  90,1005,   3,  -1,  -1,   6,   0,   6,   6,   3,   6,   1,  12,   2,
   12,   3,  24,   6,  24,   6,  96,   2]
[  91,1017,   1,  -1,  -1,   3,   6,   0,  12,   3,   6,   1,  12,   2,
   12,   3,  24,   6,  24,   6,  96,   3]
[  92,1056,   2,  -1,  -1,   0,   1,   0,   0,   6,  12,   1,  24,   2,
   12,   3,  24,   6,  24,   6,  96,   3]
[  93,1164,   3,  -1,  -1,   0,   2,   0,   0,   6,   1,   1,   0,   2,
   24,   3,  48,   6,  24,   6,  96,   2]
[  94,1167,   2,  -1,  -1,   0,   0,   2,   0,   3,   6,   1,   1,   2,
   24,   3,  48,   6,  24,   6,  96,   3]
[  95,1251,   3,  -1,  -1,   0,   0,   2,   0,   3,   0,   3,   1,   2,
    6,   3,  48,   6,  48,   6,  96,   3]
[  96,1257,   1,  -1,  -1,   0,   0,   3,   0,   3,   0,   2,   1,   2,
    6,   6,  48,   6,  48,   6,  96,   2]
[  97,1269,   3,  -1,  -1,   0,   0,   0,   3,   0,   3,   0,   3,   1,
    2,  12,  48,   6,  48,   6,  96,   2]
[  98,1275,   1,  -1,  -1,   0,   0,   0,   3,   0,   0,   3,   3,   3,
    3,  12,  48,   6,  48,   6,  96,   2]
[  99,1281,   1,  -1,  -1,   0,   0,   0,   3,   0,   0,   0,   6,   1,
    6,  12,  48,   6,  48,   6,  96,   0]
[ 100,1281,   2,  -1,  -1,   0,   0,   3,   0,   0,   0,   6,   1,   1,
    6,  12,  48,   6,  48,   6,  96,   0]
[ 101,1281,   2,  -1,  -1,   0,   3,   0,   2,   0,   6,   1,   0,   1,
    6,  12,  48,   6,  48,   6,  96,   3]
[ 102,1290,   3,  -1,  -1,   0,   2,   0,   0,   0,   3,   1,   2,   1,
   12,  12,  48,   6,  48,   6,  96,   2]
[ 103,1323,   1,  -1,  -1,   3,   0,   2,   0,   0,   0,   3,   3,   0,
    1,  24,  48,   6,  48,   6,  96,   2]
[ 104,1326,   3,  -1,  -1,   1,   3,   0,   2,   0,   0,   0,   6,   0,
    1,  24,  48,   6,  48,   6,  96,   3]
[ 105,1329,   1,  -1,  -1,   3,   0,   0,   2,   1,   3,   0,   6,   0,
    1,  24,  48,   6,  48,   6,  96,   2]
[ 106,1329,   3,  -1,  -1,   0,   3,   0,   2,   1,   1,   3,   6,   0,
    1,  24,  48,   6,  48,   6,  96,   2]
[ 107,1332,   1,  -1,  -1,   3,   0,   3,   2,   1,   1,   3,   6,   0,
    1,  24,  48,   6,  48,   6,  96,   3]
[ 108,1335,   2,  -1,  -1,   0,   0,   1,   2,   3,   1,   6,   6,   1,
    1,  24,  48,   6,  48,   6,  96,   2]
[ 109,1347,   6,  12,  -1,   2,   0,   0,   3,   0,   3,   1,  12,   1,
    1,  24,  48,   6,  48,   6,  96,   2]
[ 110,1356,   1,  -1,  -1,   6,   2,   0,   3,   0,   3,   1,  12,   1,
    1,  24,  48,   6,  48,   6,  96,   2]
[ 111,1356,   2,  -1,  -1,   1,   6,   2,   3,   0,   3,   1,  12,   1,
    1,  24,  48,   6,  48,   6,  96,   3]
[ 112,1359,   3,  -1,  -1,   2,   6,   0,   3,   1,   3,   3,  12,   1,
    1,  24,  48,   6,  48,   6,  96,   2]
[ 113,1365,   3,  -1,  -1,   0,   2,   6,   3,   3,   1,   6,  12,   1,
    1,  24,  48,   6,  48,   6,  96,   3]
[ 114,1380,   2,  -1,  -1,   0,   3,   0,   3,   3,   3,  12,  12,   1,
    1,  24,  48,   6,  48,   6,  96,   2]
[ 115,1407,   2,  -1,  -1,   0,   0,   3,   3,   2,   3,   3,  24,   1,
    1,  24,  48,   6,  48,   6,  96,   2]
[ 116,1413,   2,  -1,  -1,   0,   0,   0,   6,   2,   2,   6,  24,   1,
    1,  24,  48,   6,  48,   6,  96,   3]
[ 117,1419,   3,  -1,  -1,   2,   0,   0,   6,   0,   0,   6,  24,   3,
    3,  24,  48,   6,  48,   6,  96,   2]
[ 118,1425,   1,  -1,  -1,   0,   2,   0,   6,   0,   0,   6,  24,   3,
    6,  24,  48,   6,  48,   6,  96,   3]
[ 119,1425,   3,  -1,  -1,   0,   1,   0,   6,   0,   2,   6,  24,   3,
    6,  24,  48,   6,  48,   6,  96,   3]
[ 120,1431,   2,  -1,  -1,   0,   3,   0,   6,   0,   3,   6,  24,   3,
    6,  24,  48,   6,  48,   6,  96,   3]
[ 121,1434,   2,  -1,  -1,   0,   2,   0,   6,   0,   6,   6,  24,   3,
    6,  24,  48,   6,  48,   6,  96,   2]
[ 122,1443,   6,  12,  -1,   0,   0,   2,   6,   2,   0,  12,  24,   3,
    6,  24,  48,   6,  48,   6,  96,   0]
[ 123,1452,   2,  -1,  -1,   0,   2,   6,   0,   2,  12,  24,   6,   3,
    6,  24,  48,   6,  48,   6,  96,   2]
[ 124,1452,   3,  -1,  -1,   2,   0,   2,   6,   2,  12,  24,   6,   3,
    6,  24,  48,   6,  48,   6,  96,   3]
[ 125,1545,   3,  -1,  -1,   2,   0,   0,   3,   2,  12,   2,  12,   3,
    6,  48,  48,   6,  48,   6,  96,   2]
[ 126,1791,   1,  -1,  -1,   0,   2,   0,   3,   2,  12,   2,  12,   3,
    3,   6,  96,   6,  48,   6,  96,   3]
[ 127,2529,   1,  -1,  -1,   0,   2,   0,   1,   2,  12,   0,   3,   3,
    3,   2,  12,   6,  48,  12, 192,   2]
[ 128,2532,   1,  -1,  -1,   1,   0,   2,   1,   0,   2,  12,   3,   0,
    6,   2,  12,   6,  48,  12, 192,   2]
[ 129,2535,   1,  -1,  -1,   1,   1,   0,   3,   0,   2,  12,   3,   0,
    6,   2,  12,   6,  48,  12, 192,   3]
[ 130,2541,   3,  -1,  -1,   0,   1,   0,   0,   1,   3,  12,   6,   0,
    6,   2,  12,   6,  48,  12, 192,   3]
[ 131,2544,   1,  -1,  -1,   3,   1,   0,   0,   0,   3,  12,   6,   1,
    6,   2,  12,   6,  48,  12, 192,   0]
[ 132,2544,   2,  -1,  -1,   3,   1,   0,   0,   3,  12,   6,   1,   1,
    6,   2,  12,   6,  48,  12, 192,   2]
[ 133,2544,   1,  -1,  -1,   2,   3,   1,   0,   3,  12,   6,   1,   1,
    6,   2,  12,   6,  48,  12, 192,   2]
[ 134,2544,   2,  -1,  -1,   1,   2,   3,   1,   3,  12,   6,   1,   1,
    6,   2,  12,   6,  48,  12, 192,   0]
[ 135,2547,   6,  12,  24,   3,   3,   1,   2,   3,  12,   6,   1,   1,
    6,   2,  12,   6,  48,  12, 192,   3]
[ 136,2562,   3,  -1,  -1,   0,   3,   1,   6,   6,  12,   6,   3,   1,
    6,   2,  12,   6,  48,  12, 192,   0]
[ 137,2565,   1,  -1,  -1,   3,   1,   6,   3,   6,  12,   6,   3,   1,
    6,   2,  12,   6,  48,  12, 192,   3]
[ 138,2577,   2,  -1,  -1,   3,   1,   1,   0,   6,  12,  12,   6,   1,
    6,   2,  12,   6,  48,  12, 192,   0]
[ 139,2604,   3,  -1,  -1,   3,   1,   1,   0,   6,  24,   6,   2,   1,
    6,   2,  12,   6,  48,  12, 192,   2]
[ 140,2607,   2,  -1,  -1,   3,   3,   1,   1,   6,  24,   6,   2,   1,
    6,   2,  12,   6,  48,  12, 192,   3]
[ 141,2610,   3,  -1,  -1,   3,   3,   1,   2,   6,  24,   6,   3,   1,
    6,   2,  12,   6,  48,  12, 192,   2]
[ 142,2616,   3,  -1,  -1,   3,   3,   3,   3,   6,  24,   6,   3,   1,
    6,   2,  12,   6,  48,  12, 192,   3]
[ 143,2622,   2,  -1,  -1,   3,   3,   3,   3,   6,  24,   6,   6,   1,
    6,   2,  12,   6,  48,  12, 192,   2]
[ 144,2634,   1,  -1,  -1,   0,   3,   3,   6,   2,   6,  24,  12,   1,
    6,   2,  12,   6,  48,  12, 192,   3]
[ 145,2673,   1,  -1,  -1,   0,   0,   3,   1,   0,   3,  24,   6,   3,
   12,   2,  24,   6,  48,  12, 192,   0]
[ 146,2673,   3,  -1,  -1,   0,   3,   1,   0,   3,  24,   6,   1,   3,
   12,   2,  24,   6,  48,  12, 192,   3]
[ 147,2679,   3,  -1,  -1,   3,   3,   1,   0,   0,  24,   6,   1,   6,
   12,   2,  24,   6,  48,  12, 192,   0]
[ 148,2685,   1,  -1,  -1,   6,   1,   0,   0,  24,   6,   1,   3,   6,
   12,   2,  24,   6,  48,  12, 192,   3]
[ 149,2697,   6,  12,  24,   1,   1,   0,   0,   6,   6,   0,   3,  24,
   12,   3,  24,  12,  48,  12, 192,   0]
[ 150,2733,   2,  -1,  -1,   1,   1,   0,   0,  12,   0,   3,  12,  24,
   12,   3,  24,  12,  48,  12, 192,   3]
[ 151,2736,   1,  -1,  -1,   1,   2,   0,   0,  12,   1,   0,  12,  24,
   12,   6,  24,  12,  48,  12, 192,   3]
[ 152,2739,   2,  -1,  -1,   1,   1,   0,   0,  12,   3,   0,  12,  24,
   12,   6,  24,  12,  48,  12, 192,   2]
[ 153,2739,   6,  12,  24,   2,   1,   1,   0,   0,  12,   3,  12,  24,
   12,   6,  24,  12,  48,  12, 192,   3]
[ 154,2847,   2,  -1,  -1,  24,   0,   1,   0,   2,   1,   3,  12,  24,
   24,   6,  24,  12,  48,  12, 192,   2]
[ 155,2931,   3,  -1,  -1,   2,  24,   0,   1,   0,   3,   3,  12,   0,
   48,   6,  24,  12,  48,  12, 192,   2]
[ 156,2937,   1,  -1,  -1,   0,   2,  24,   1,   3,   0,   6,  12,   0,
   48,   6,  24,  12,  48,  12, 192,   3]
[ 157,3189,   1,  -1,  -1,   1,   0,   0,   1,   0,   2,  24,  12,   3,
    0,  12,  24,  12,  96,  12, 192,   2]
[ 158,3189,   1,  -1,  -1,   0,   1,   0,   1,   0,   2,  24,  12,   1,
    3,  12,  24,  12,  96,  12, 192,   3]
[ 159,3219,   3,  -1,  -1,   0,   0,   1,   1,   0,   3,   0,  12,   1,
    3,  24,  24,  12,  96,  24, 192,   3]
[ 160,3306,   3,  -1,  -1,   0,   3,   0,   1,   0,   0,   1,  12,   1,
    6,   0,  24,  12,  96,  48, 192,   2]
[ 161,3309,   3,  -1,  -1,   0,   0,   3,   1,   0,   0,   1,  12,   3,
    1,   6,  24,  12,  96,  48, 192,   0]
[ 162,3312,   2,  -1,  -1,   0,   3,   1,   0,   0,   1,  12,   3,   3,
    1,   6,  24,  12,  96,  48, 192,   0]
[ 163,3312,   2,  -1,  -1,   3,   1,   0,   0,   1,  12,   3,   2,   3,
    1,   6,  24,  12,  96,  48, 192,   2]
[ 164,3312,   2,  -1,  -1,   2,   3,   1,   0,   1,  12,   3,   2,   3,
    1,   6,  24,  12,  96,  48, 192,   3]
[ 165,3315,   3,  -1,  -1,   2,   3,   1,   0,   3,  12,   3,   2,   3,
    1,   6,  24,  12,  96,  48, 192,   2]
[ 166,3318,   2,  -1,  -1,   3,   2,   3,   1,   3,  12,   3,   2,   3,
    1,   6,  24,  12,  96,  48, 192,   3]
[ 167,3327,   1,  -1,  -1,   2,   2,   0,   0,   3,  12,   6,   3,   6,
    1,   6,  24,  12,  96,  48, 192,   3]
[ 168,3336,   1,  -1,  -1,   2,   2,   1,   0,   3,  12,   0,   3,   6,
    1,  12,  24,  12,  96,  48, 192,   2]
[ 169,3336,   3,  -1,  -1,   1,   2,   2,   1,   0,   3,  12,   3,   6,
    1,  12,  24,  12,  96,  48, 192,   2]
[ 170,3342,   2,  -1,  -1,   3,   1,   2,   3,   0,   3,  12,   3,   6,
    1,  12,  24,  12,  96,  48, 192,   2]
[ 171,3345,   2,  -1,  -1,   2,   3,   3,   3,   0,   3,  12,   3,   6,
    1,  12,  24,  12,  96,  48, 192,   2]
[ 172,3348,   1,  -1,  -1,   2,   2,   3,   6,   0,   3,  12,   3,   6,
    1,  12,  24,  12,  96,  48, 192,   3]
[ 173,3375,   2,  -1,  -1,   1,   2,   0,   6,   2,   3,   3,   3,   6,
    1,  24,  24,  12,  96,  48, 192,   2]
[ 174,3459,   3,  -1,  -1,   2,   1,   2,   6,   0,   2,   3,   6,   0,
    6,   1,  48,  12,  96,  48, 192,   3]
[ 175,3474,   1,  -1,  -1,   0,   3,   2,   0,   2,   3,   3,  12,   0,
    6,   1,  48,  12,  96,  48, 192,   2]
[ 176,3477,   3,  -1,  -1,   1,   0,   3,   2,   0,   2,   6,  12,   0,
    6,   1,  48,  12,  96,  48, 192,   2]
[ 177,3480,   1,  -1,  -1,   3,   1,   3,   2,   0,   2,   6,  12,   0,
    6,   1,  48,  12,  96,  48, 192,   3]
[ 178,3483,   2,  -1,  -1,   0,   1,   3,   2,   3,   3,   6,  12,   0,
    6,   1,  48,  12,  96,  48, 192,   2]
[ 179,3486,   3,  -1,  -1,   0,   1,   3,   2,   2,   6,   6,  12,   0,
    6,   1,  48,  12,  96,  48, 192,   2]
[ 180,3498,   3,  -1,  -1,   0,   1,   3,   2,   3,   2,  12,  12,   0,
    6,   1,  48,  12,  96,  48, 192,   3]
[ 181,3504,   2,  -1,  -1,   0,   3,   3,   2,   0,   3,  12,  12,   3,
    6,   1,  48,  12,  96,  48, 192,   2]
[ 182,3534,   3,  -1,  -1,   2,   0,   6,   2,   0,   0,   3,  24,   3,
    6,   1,  48,  12,  96,  48, 192,   3]
[ 183,3537,   1,  -1,  -1,   3,   0,   6,   2,   2,   0,   3,  24,   3,
    6,   1,  48,  12,  96,  48, 192,   0]
[ 184,3537,   2,  -1,  -1,   3,   6,   2,   1,   2,   3,  24,   0,   3,
    6,   1,  48,  12,  96,  48, 192,   2]
[ 185,3540,   1,  -1,  -1,   2,   3,   6,   3,   0,   2,   3,  24,   3,
    6,   1,  48,  12,  96,  48, 192,   3]
[ 186,3540,   1,  -1,  -1,   1,   3,   6,   3,   2,   2,   3,  24,   3,
    6,   1,  48,  12,  96,  48, 192,   3]
[ 187,3543,   6,  12,  24,   1,   3,   6,   3,   3,   2,   3,  24,   3,
    6,   1,  48,  12,  96,  48, 192,   3]
[ 188,3627,   3,  -1,  -1,  24,   3,   6,   3,   1,   2,   3,  24,   6,
    6,   1,  48,  12,  96,  48, 192,   2]
[ 189,3642,   1,  -1,  -1,  24,   3,   6,   3,   3,   3,   3,  24,   0,
   12,   1,  48,  12,  96,  48, 192,   2]
[ 190,3645,   2,  -1,  -1,  24,   3,   6,   3,   1,   3,   6,  24,   0,
   12,   1,  48,  12,  96,  48, 192,   3]
[ 191,3657,   2,  -1,  -1,   0,   0,   2,   3,  24,   6,  12,  24,   1,
   12,   1,  48,  12,  96,  48, 192,   0]
[ 192,3657,   3,  -1,  -1,   0,   2,   3,   2,  24,   6,  12,  24,   1,
   12,   1,  48,  12,  96,  48, 192,   0]
