1515876621
[ 0, 9, 2,-1,-1, 0, 0, 2, 1, 0, 3, 0, 2, 0, 2, 1, 3, 0, 3, 1, 0, 3]
[ 1, 9, 1,-1,-1, 0, 0, 2, 0, 0, 3, 2, 1, 0, 2, 1, 2, 0, 3, 1, 3, 2]
[ 2,15, 3,-1,-1, 0, 0, 0, 2, 0, 0, 3, 3, 1, 0, 2, 3, 0, 3, 1, 3, 3]
[ 3,24, 3,-1,-1, 0, 0, 0, 3, 0, 0, 0, 2, 0, 0, 3, 3, 1, 3, 3, 6, 3]
[ 4,30, 2,-1,-1, 0, 0, 3, 3, 0, 0, 0, 2, 0, 0, 0, 3, 1, 3, 6, 6, 2]
[ 5,42, 2,-1,-1, 2, 0, 0, 6, 0, 0, 0, 2, 0, 0, 0, 3, 0, 1, 3,12, 2]
[ 6,42, 1,-1,-1, 2, 2, 0, 6, 0, 0, 0, 2, 0, 0, 0, 3, 0, 1, 3,12, 2]
[ 7,42, 1,-1,-1, 1, 2, 2, 6, 0, 0, 0, 2, 0, 0, 0, 3, 0, 1, 3,12, 3]
[ 8,42, 3,-1,-1, 1, 0, 0, 6, 1, 2, 2, 2, 0, 0, 0, 3, 0, 1, 3,12, 2]
[ 9,48, 1,-1,-1, 0, 1, 0, 6, 3, 3, 2, 2, 0, 0, 0, 3, 0, 1, 3,12, 2]
[10,51, 2,-1,-1, 1, 0, 1, 6, 0, 6, 2, 2, 0, 0, 0, 3, 0, 1, 3,12, 3]
[11,51, 2,-1,-1, 0, 2, 0, 6, 1, 0, 1, 2, 0, 6, 2, 3, 0, 1, 3,12, 3]
[12,54, 1,-1,-1, 2, 0, 0, 6, 0, 2, 0, 2, 1, 6, 3, 3, 0, 1, 3,12, 2]
[13,57, 3,-1,-1, 0, 2, 0, 6, 0, 0, 2, 2, 1, 1, 6, 6, 0, 1, 3,12, 3]
[14,60, 3,-1,-1, 0, 3, 0, 6, 0, 2, 2, 2, 0, 1, 6, 6, 1, 1, 3,12, 2]
[15,72, 3,-1,-1, 0, 0, 3, 6, 0, 2, 2, 2, 3, 0, 1,12, 1, 1, 3,12, 3]
[ 16,105,  1, -1, -1,  0,  0,  3,  0,  0,  0,  3,  6,  3,  2,  3,  2,  1,
   1,  3, 24,  3]
[ 17,111,  3, -1, -1,  0,  1,  0,  0,  0,  0,  3,  6,  3,  0,  3,  2,  1,
   3,  6, 24,  3]
[ 18,117,  1, -1, -1,  0,  3,  0,  0,  0,  1,  0,  6,  3,  0,  6,  2,  1,
   3,  6, 24,  3]
[ 19,126,  1, -1, -1,  0,  1,  0,  0,  0,  3,  0,  6,  3,  1,  0,  2,  1,
   3, 12, 24,  2]
[ 20,126,  2, -1, -1,  0,  0,  1,  0,  1,  0,  3,  6,  0,  3,  1,  2,  1,
   3, 12, 24,  2]
[ 21,129,  3, -1, -1,  2,  0,  0,  1,  0,  1,  3,  6,  0,  0,  3,  3,  1,
   3, 12, 24,  3]
[ 22,135,  2, -1, -1,  0,  3,  0,  1,  2,  0,  0,  6,  0,  1,  6,  3,  1,
   3, 12, 24,  3]
[ 23,135,  2, -1, -1,  0,  2,  0,  1,  0,  3,  0,  6,  2,  1,  6,  3,  1,
   3, 12, 24,  2]
[ 24,138,  2, -1, -1,  0,  0,  2,  1,  0,  0,  3,  6,  2,  3,  6,  3,  1,
   3, 12, 24,  2]
[ 25,141,  1, -1, -1,  2,  0,  0,  3,  0,  0,  3,  6,  2,  3,  6,  3,  1,
   3, 12, 24,  3]
[ 26,147,  3, -1, -1,  0,  1,  0,  3,  2,  0,  3,  6,  0,  0,  6,  3,  3,
   6, 12, 24,  3]
[ 27,150,  1, -1, -1,  0,  3,  0,  3,  0,  1,  3,  6,  2,  0,  6,  3,  3,
   6, 12, 24,  3]
[ 28,150,  2, -1, -1,  0,  1,  0,  3,  0,  3,  3,  6,  2,  1,  6,  3,  3,
   6, 12, 24,  2]
[ 29,156,  2, -1, -1,  2,  0,  1,  3,  0,  0,  6,  6,  0,  3,  6,  3,  3,
   6, 12, 24,  2]
[ 30,165,  1, -1, -1,  0,  2,  1,  3,  2,  0,  0, 12,  0,  3,  6,  3,  3,
   6, 12, 24,  2]
[ 31,168,  2, -1, -1,  1,  0,  3,  3,  0,  2,  0, 12,  0,  3,  6,  3,  3,
   6, 12, 24,  3]
[ 32,168,  3, -1, -1,  2,  0,  0,  3,  1,  2,  3, 12,  0,  3,  6,  3,  3,
   6, 12, 24,  2]
[ 33,174,  3, -1, -1,  0,  2,  0,  3,  3,  3,  3, 12,  0,  3,  6,  3,  3,
   6, 12, 24,  2]
[ 34,180,  3, -1, -1,  3,  0,  2,  3,  0,  3,  6, 12,  0,  3,  6,  3,  3,
   6, 12, 24,  3]
[ 35,195,  3, -1, -1,  0,  3,  0,  3,  3,  0,  2, 12,  0,  6, 12,  3,  3,
   6, 12, 24,  3]
[ 36,234,  1, -1, -1,  0,  0,  3,  3,  0,  3,  0, 12,  3,  0,  2,  3,  3,
  12, 24, 24,  2]
[ 37,318,  2, -1, -1,  0,  0,  0,  6,  0,  0,  3, 12,  1,  3,  2,  3,  0,
   3, 12, 48,  3]
[ 38,321,  1, -1, -1,  2,  0,  0,  6,  0,  0,  3, 12,  0,  0,  2,  3,  1,
   6, 12, 48,  3]
[ 39,321,  2, -1, -1,  1,  0,  0,  6,  2,  0,  3, 12,  0,  0,  2,  3,  1,
   6, 12, 48,  3]
[ 40,321,  2, -1, -1,  2,  0,  0,  6,  1,  0,  3, 12,  2,  0,  2,  3,  1,
   6, 12, 48,  3]
[ 41,324,  2, -1, -1,  2,  0,  0,  6,  2,  0,  3, 12,  1,  0,  2,  3,  3,
   6, 12, 48,  2]
[ 42,324,  3, -1, -1,  0,  2,  0,  6,  2,  2,  3, 12,  0,  1,  2,  3,  3,
   6, 12, 48,  2]
[ 43,330,  1, -1, -1,  3,  0,  2,  6,  2,  2,  3, 12,  0,  0,  3,  3,  3,
   6, 12, 48,  2]
[ 44,333,  1, -1, -1,  1,  3,  2,  6,  2,  2,  3, 12,  0,  0,  0,  6,  3,
   6, 12, 48,  3]
[ 45,333,  3, -1, -1,  1,  0,  0,  6,  1,  3,  2, 12,  2,  2,  3,  6,  3,
   6, 12, 48,  3]
[ 46,339,  1, -1, -1,  3,  0,  0,  6,  1,  3,  2, 12,  3,  2,  3,  6,  3,
   6, 12, 48,  3]
[ 47,342,  2, -1, -1,  1,  0,  0,  6,  3,  3,  2, 12,  1,  2,  3,  6,  6,
   6, 12, 48,  2]
[ 48,357,  1, -1, -1,  2,  1,  0,  6,  0,  6,  2, 12,  0,  3,  3,  6,  0,
  12, 12, 48,  2]
[ 49,387,  3, -1, -1,  0,  2,  1,  6,  0,  6,  2, 12,  1,  0,  6,  6,  0,
   0, 24, 48,  3]
[ 50,393,  3, -1, -1,  0,  3,  0,  6,  0,  2,  3, 12,  0,  6,  6,  6,  1,
   0, 24, 48,  2]
[ 51,405,  3, -1, -1,  3,  0,  3,  6,  0,  2,  3, 12,  0,  0,  6, 12,  0,
   1, 24, 48,  3]
[ 52,438,  2, -1, -1,  0,  0,  3,  0,  3,  0,  6,  6,  0,  2,  6, 24,  0,
   1, 24, 48,  3]
[ 53,450,  3, -1, -1,  0,  2,  0,  0,  0,  0,  3,  6,  3,  0, 12, 24,  0,
   3, 24, 48,  3]
[ 54,453,  3, -1, -1,  3,  0,  0,  0,  0,  2,  3,  6,  0,  0, 12, 24,  3,
   3, 24, 48,  2]
[ 55,459,  2, -1, -1,  0,  3,  0,  0,  0,  2,  3,  6,  0,  0, 12, 24,  3,
   6, 24, 48,  2]
[ 56,459,  2, -1, -1,  2,  0,  3,  0,  0,  2,  3,  6,  0,  0, 12, 24,  3,
   6, 24, 48,  3]
[ 57,462,  2, -1, -1,  0,  0,  2,  0,  2,  0,  6,  6,  0,  2, 12, 24,  3,
   6, 24, 48,  2]
[ 58,471,  3, -1, -1,  2,  0,  0,  2,  0,  2,  0, 12,  0,  2, 12, 24,  3,
   6, 24, 48,  3]
[ 59,474,  1, -1, -1,  3,  0,  0,  2,  2,  2,  0, 12,  0,  2, 12, 24,  3,
   6, 24, 48,  2]
[ 60,474,  1, -1, -1,  1,  3,  0,  2,  0,  2,  2, 12,  0,  2, 12, 24,  3,
   6, 24, 48,  2]
[ 61,474,  1, -1, -1,  1,  1,  3,  2,  0,  2,  2, 12,  0,  2, 12, 24,  3,
   6, 24, 48,  3]
[ 62,477,  1, -1, -1,  1,  0,  3,  2,  1,  3,  2, 12,  0,  2, 12, 24,  3,
   6, 24, 48,  3]
[ 63,477,  2, -1, -1,  1,  0,  3,  2,  1,  3,  2, 12,  1,  2, 12, 24,  3,
   6, 24, 48,  2]
[ 64,480,  3, -1, -1,  0,  1,  3,  2,  1,  3,  2, 12,  2,  3, 12, 24,  3,
   6, 24, 48,  3]
[ 65,489,  1, -1, -1,  0,  3,  3,  2,  0,  1,  2, 12,  3,  6, 12, 24,  3,
   6, 24, 48,  2]
[ 66,495,  3, -1, -1,  1,  0,  6,  2,  0,  0,  3, 12,  3,  6, 12, 24,  3,
   6, 24, 48,  3]
[ 67,510,  3, -1, -1,  0,  3,  6,  2,  1,  0,  3, 12,  0,  0, 12, 24,  6,
  12, 24, 48,  0]
[ 68,513,  1, -1, -1,  3,  6,  2,  0,  1,  3, 12,  0,  0, 12, 24,  3,  6,
  12, 24, 48,  3]
[ 69,621,  1, -1, -1,  1,  0,  0,  0,  3,  6,  2,  0,  1,  3, 12,  3,  6,
  24, 48, 48,  2]
[ 70,864,  2, -1, -1,  0,  1,  0,  0,  1,  3,  6,  2,  1,  3, 12,  3,  0,
   6, 24, 96,  3]
[ 71,867,  2, -1, -1,  0,  2,  0,  0,  0,  1,  6,  2,  1,  6, 12,  3,  1,
   6, 24, 96,  3]
[ 72,876,  1, -1, -1,  0,  2,  0,  0,  0,  2,  6,  2,  1,  1, 12,  3,  1,
  12, 24, 96,  3]
[ 73,879,  2, -1, -1,  0,  1,  0,  0,  0,  2,  6,  2,  1,  3, 12,  3,  1,
  12, 24, 96,  3]
[ 74,882,  3, -1, -1,  0,  2,  0,  0,  0,  3,  6,  2,  1,  3, 12,  3,  1,
  12, 24, 96,  3]
[ 75,888,  2, -1, -1,  0,  3,  0,  0,  0,  2,  6,  2,  1,  6, 12,  3,  1,
  12, 24, 96,  0]
[ 76,888,  1, -1, -1,  3,  0,  0,  2,  2,  6,  2,  0,  1,  6, 12,  3,  1,
  12, 24, 96,  3]
[ 77,900,  1, -1, -1,  0,  0,  0,  1,  3,  0,  2,  2,  3, 12, 12,  3,  1,
  12, 24, 96,  3]
[ 78,933,  2, -1, -1,  0,  1,  0,  0,  0,  0,  2,  3,  6,  0, 12,  3,  1,
  24, 24, 96,  3]
[ 79,936,  3, -1, -1,  0,  0,  0,  2,  0,  1,  2,  0,  6,  0, 12,  6,  1,
  24, 24, 96,  2]
[  80,1020,   1,  -1,  -1,   0,   0,   0,   2,   0,   0,   1,   2,   0,
    6,  12,   6,   3,   1,  48,  96,   2]
[  81,1023,   2,  -1,  -1,   0,   0,   0,   2,   1,   0,   0,   3,   0,
    6,  12,   6,   3,   1,  48,  96,   3]
[  82,1023,   3,  -1,  -1,   2,   0,   0,   2,   0,   0,   0,   3,   1,
    6,  12,   6,   3,   1,  48,  96,   3]
[  83,1026,   3,  -1,  -1,   3,   0,   0,   2,   2,   0,   0,   3,   1,
    6,  12,   6,   3,   1,  48,  96,   3]
[  84,1032,   2,  -1,  -1,   3,   0,   0,   2,   3,   0,   0,   3,   3,
    6,  12,   6,   3,   1,  48,  96,   3]
[  85,1035,   3,  -1,  -1,   2,   0,   0,   2,   3,   0,   0,   3,   3,
    6,  12,   6,   6,   1,  48,  96,   3]
[  86,1041,   1,  -1,  -1,   3,   0,   0,   2,   2,   0,   0,   3,   6,
    6,  12,   6,   6,   1,  48,  96,   2]
[  87,1050,   3,  -1,  -1,   1,   3,   0,   2,   0,   2,   0,   3,   0,
   12,  12,   6,   6,   1,  48,  96,   2]
[  88,1080,   2,  -1,  -1,   3,   1,   3,   2,   0,   0,   2,   3,   0,
    0,  24,   6,   6,   1,  48,  96,   3]
[  89,1080,   1,  -1,  -1,   2,   0,   3,   2,   3,   1,   2,   3,   0,
    0,  24,   6,   6,   1,  48,  96,   2]
[  90,1083,   1,  -1,  -1,   1,   2,   3,   2,   0,   3,   3,   3,   0,
    0,  24,   6,   6,   1,  48,  96,   2]
[  91,1089,   3,  -1,  -1,   0,   3,   3,   2,   1,   0,   3,   6,   0,
    0,  24,   6,   6,   1,  48,  96,   3]
[  92,1104,   2,  -1,  -1,   0,   0,   0,   3,   0,   3,   6,   2,   1,
    0,  24,  12,   6,   1,  48,  96,   3]
[  93,1104,   3,  -1,  -1,   0,   2,   0,   3,   0,   0,   6,   2,   1,
    3,  24,  12,   6,   1,  48,  96,   0]
[  94,1107,   1,  -1,  -1,   2,   0,   3,   0,   0,   6,   2,   3,   1,
    3,  24,  12,   6,   1,  48,  96,   3]
[  95,1107,   2,  -1,  -1,   1,   0,   3,   0,   2,   6,   2,   3,   1,
    3,  24,  12,   6,   1,  48,  96,   2]
[  96,1107,   2,  -1,  -1,   2,   1,   0,   3,   2,   6,   2,   3,   1,
    3,  24,  12,   6,   1,  48,  96,   3]
[  97,1113,   3,  -1,  -1,   2,   1,   0,   0,   2,   6,   2,   6,   3,
    3,  24,  12,   6,   1,  48,  96,   2]
[  98,1119,   1,  -1,  -1,   0,   2,   1,   0,   2,   6,   2,   6,   3,
    6,  24,  12,   6,   1,  48,  96,   3]
[  99,1131,   1,  -1,  -1,   0,   0,   1,   0,   2,   2,   3,   6,   3,
   12,  24,  12,   6,   1,  48,  96,   2]
[ 100,1131,   1,  -1,  -1,   1,   0,   0,   1,   2,   2,   3,   6,   3,
   12,  24,  12,   6,   1,  48,  96,   3]
[ 101,1134,   3,  -1,  -1,   1,   0,   0,   1,   3,   2,   3,   6,   3,
   12,  24,  12,   6,   1,  48,  96,   2]
[ 102,1137,   2,  -1,  -1,   3,   1,   0,   1,   3,   2,   3,   6,   3,
   12,  24,  12,   6,   1,  48,  96,   3]
[ 103,1143,   6,  12,  -1,   0,   2,   0,   1,   3,   3,   3,   6,   6,
   12,  24,  12,   6,   1,  48,  96,   2]
[ 104,1155,   3,  -1,  -1,   6,   0,   2,   1,   0,   3,   6,   6,   6,
   12,  24,  12,   6,   1,  48,  96,   2]
[ 105,1170,   2,  -1,  -1,   3,   6,   0,   3,   0,   0,   3,  12,   6,
   12,  24,  12,   6,   1,  48,  96,   3]
[ 106,1206,   2,  -1,  -1,   0,   0,   0,   2,   3,   6,   3,   3,   0,
   12,  24,  24,  12,   1,  48,  96,   2]
[ 107,1290,   2,  -1,  -1,   0,   0,   0,   2,   2,   3,   6,   6,   0,
    0,  12,  48,  12,   1,  48,  96,   2]
[ 108,1299,   1,  -1,  -1,   0,   0,   0,   2,   2,   2,   3,  12,   0,
    0,  12,  48,  12,   1,  48,  96,   3]
[ 109,1299,   3,  -1,  -1,   1,   0,   0,   2,   0,   0,   3,  12,   2,
    2,  12,  48,  12,   1,  48,  96,   3]
[ 110,1305,   1,  -1,  -1,   0,   3,   0,   2,   1,   0,   3,  12,   2,
    0,  12,  48,  12,   3,  48,  96,   3]
[ 111,1308,   6,  12,  -1,   1,   0,   0,   2,   0,   3,   3,  12,   3,
    0,  12,  48,  12,   3,  48,  96,   3]
[ 112,1317,   3,  -1,  -1,   0,   6,   0,   2,   1,   0,   3,  12,   3,
    3,  12,  48,  12,   3,  48,  96,   3]
[ 113,1323,   1,  -1,  -1,   0,   3,   0,   2,   1,   6,   3,  12,   3,
    0,  12,  48,  12,   6,  48,  96,   3]
[ 114,1323,   2,  -1,  -1,   0,   1,   0,   2,   1,   3,   3,  12,   3,
    6,  12,  48,  12,   6,  48,  96,   3]
[ 115,1332,   3,  -1,  -1,   0,   2,   0,   2,   1,   1,   3,  12,   3,
    3,  12,  48,  12,  12,  48,  96,   3]
[ 116,1338,   1,  -1,  -1,   0,   3,   0,   2,   1,   3,   3,  12,   3,
    3,  12,  48,  12,  12,  48,  96,   2]
[ 117,1371,   2,  -1,  -1,   0,   0,   3,   2,   0,   1,   6,  12,   0,
    6,  12,  48,   1,  24,  48,  96,   1]
[ 118,1371,   3,  -1,  -1,   0,   1,   3,   2,   0,   6,   6,  12,   1,
   24,  12,  48,   0,   2,  48,  96,   3]
[ 119,1374,   3,  -1,  -1,   3,   1,   3,   2,   0,   6,   6,  12,   0,
   24,  12,  48,   1,   2,  48,  96,   2]
[ 120,1389,   2,  -1,  -1,   3,   1,   3,   2,   3,   0,  12,  12,   0,
   24,  12,  48,   0,   3,  48,  96,   3]
[ 121,1416,   3,  -1,  -1,   0,   2,   0,   2,   3,   1,   3,  12,   3,
   24,  24,  48,   0,   3,  48,  96,   2]
[ 122,1500,   1,  -1,  -1,   0,   0,   2,   2,   3,   1,   3,  12,   3,
    3,  48,  48,   0,   3,  48,  96,   2]
[ 123,1743,   2,  -1,  -1,   0,   0,   2,   2,   3,   1,   3,  12,   1,
    3,   3,  96,   0,   3,  48,  96,   3]
[ 124,2478,   1,  -1,  -1,   0,   2,   0,   0,   0,   0,   2,   2,   3,
    1,   6,  12,   1,   6,  48, 192,   3]
[ 125,2478,   3,  -1,  -1,   0,   1,   0,   0,   0,   2,   2,   2,   3,
    1,   6,  12,   1,   6,  48, 192,   3]
[ 126,2484,   3,  -1,  -1,   0,   3,   0,   0,   0,   1,   2,   2,   3,
    3,   6,  12,   1,   6,  48, 192,   2]
[ 127,2493,   3,  -1,  -1,   3,   0,   3,   0,   0,   0,   3,   2,   0,
    6,   6,  12,   1,   6,  48, 192,   3]
[ 128,2508,   1,  -1,  -1,   0,   3,   0,   0,   3,   0,   6,   2,   0,
    0,   6,  12,   1,  12,  48, 192,   3]
[ 129,2517,   1,  -1,  -1,   0,   1,   0,   0,   0,   3,   0,   2,   3,
    0,  12,  12,   1,  12,  48, 192,   2]
[ 130,2544,   2,  -1,  -1,   1,   0,   1,   0,   0,   0,   3,   2,   0,
    3,   0,  24,   1,  12,  48, 192,   2]
[ 131,2544,   2,  -1,  -1,   0,   1,   0,   1,   0,   0,   3,   2,   2,
    0,   3,  24,   1,  12,  48, 192,   3]
[ 132,2553,   1,  -1,  -1,   2,   0,   0,   0,   0,   1,   0,   3,   0,
    0,   6,  24,   3,  12,  48, 192,   3]
[ 133,2553,   3,  -1,  -1,   1,   0,   0,   0,   2,   0,   0,   3,   0,
    1,   6,  24,   3,  12,  48, 192,   2]
[ 134,2556,   2,  -1,  -1,   3,   1,   0,   0,   0,   2,   0,   3,   0,
    1,   6,  24,   3,  12,  48, 192,   3]
[ 135,2559,   2,  -1,  -1,   2,   0,   0,   0,   3,   1,   0,   3,   0,
    3,   6,  24,   3,  12,  48, 192,   3]
[ 136,2559,   1,  -1,  -1,   2,   0,   0,   0,   2,   1,   0,   3,   3,
    3,   6,  24,   3,  12,  48, 192,   2]
[ 137,2562,   3,  -1,  -1,   1,   2,   0,   0,   0,   2,   1,   3,   0,
    6,   6,  24,   3,  12,  48, 192,   2]
[ 138,2577,   2,  -1,  -1,   3,   1,   2,   0,   0,   0,   3,   3,   0,
    0,  12,  24,   3,  12,  48, 192,   2]
[ 139,2580,   3,  -1,  -1,   0,   3,   1,   2,   2,   0,   0,   6,   0,
    0,  12,  24,   3,  12,  48, 192,   2]
[ 140,2586,   2,  -1,  -1,   0,   0,   3,   3,   3,   2,   0,   6,   0,
    0,  12,  24,   3,  12,  48, 192,   2]
[ 141,2589,   3,  -1,  -1,   0,   0,   0,   6,   2,   3,   2,   6,   0,
    0,  12,  24,   3,  12,  48, 192,   3]
[ 142,2601,   3,  -1,  -1,   3,   0,   0,   0,   0,   0,   2,  12,   2,
    3,  12,  24,   3,  12,  48, 192,   0]
[ 143,2604,   1,  -1,  -1,   3,   0,   0,   0,   0,   2,  12,   3,   2,
    3,  12,  24,   3,  12,  48, 192,   3]
[ 144,2631,   1,  -1,  -1,   0,   0,   1,   0,   3,   2,   0,   3,   2,
    3,  24,  24,   3,  12,  48, 192,   2]
[ 145,2712,   2,  -1,  -1,   1,   0,   0,   1,   0,   3,   2,   3,   0,
    2,   3,  48,   3,  12,  48, 192,   3]
[ 146,2712,   2,  -1,  -1,   2,   0,   0,   1,   1,   3,   2,   3,   0,
    2,   3,  48,   3,  12,  48, 192,   2]
[ 147,2712,   1,  -1,  -1,   2,   2,   0,   1,   1,   3,   2,   3,   0,
    2,   3,  48,   3,  12,  48, 192,   2]
[ 148,2712,   1,  -1,  -1,   1,   2,   2,   1,   1,   3,   2,   3,   0,
    2,   3,  48,   3,  12,  48, 192,   2]
[ 149,2715,   3,  -1,  -1,   1,   1,   2,   3,   1,   3,   2,   3,   0,
    2,   3,  48,   3,  12,  48, 192,   2]
[ 150,2721,   1,  -1,  -1,   3,   1,   3,   3,   1,   3,   2,   3,   0,
    2,   3,  48,   3,  12,  48, 192,   2]
[ 151,2724,   1,  -1,  -1,   1,   3,   1,   6,   1,   3,   2,   3,   0,
    2,   3,  48,   3,  12,  48, 192,   3]
[ 152,2730,   3,  -1,  -1,   0,   0,   1,   6,   1,   6,   3,   3,   1,
    2,   3,  48,   3,  12,  48, 192,   2]
[ 153,2739,   3,  -1,  -1,   0,   0,   1,   6,   0,   1,   6,   6,   3,
    3,   3,  48,   3,  12,  48, 192,   2]
[ 154,2754,   2,  -1,  -1,   0,   0,   1,   6,   0,   0,   1,  12,   3,
    3,   6,  48,   3,  12,  48, 192,   2]
[ 155,2757,   2,  -1,  -1,   0,   0,   1,   6,   0,   0,   1,  12,   2,
    6,   6,  48,   3,  12,  48, 192,   2]
[ 156,2766,   2,  -1,  -1,   0,   0,   1,   6,   0,   0,   1,  12,   2,
    2,  12,  48,   3,  12,  48, 192,   0]
[ 157,2766,   1,  -1,  -1,   0,   1,   6,   0,   0,   1,  12,   2,   2,
    2,  12,  48,   3,  12,  48, 192,   3]
[ 158,2796,   3,  -1,  -1,   0,   0,   1,   0,   0,   1,   6,   2,   2,
    3,  24,  48,   3,  12,  48, 192,   0]
[ 159,2799,   1,  -1,  -1,   0,   1,   0,   3,   1,   6,   2,   0,   2,
    3,  24,  48,   3,  12,  48, 192,   3]
[ 160,2802,   2,  -1,  -1,   0,   1,   0,   1,   0,   6,   2,   3,   3,
    3,  24,  48,   3,  12,  48, 192,   2]
[ 161,2805,   6,  12,  24,   2,   0,   1,   1,   0,   6,   2,   3,   0,
    6,  24,  48,   3,  12,  48, 192,   3]
[ 162,2826,   6,  12,  24,   0,   0,   6,   1,   2,   0,   3,   3,   0,
   12,  24,  48,   3,  12,  48, 192,   2]
[ 163,2910,   2,  -1,  -1,   0,   0,   6,   1,  24,   2,   0,   6,   0,
   12,  24,  48,   3,  12,  48, 192,   3]
[ 164,2937,   3,  -1,  -1,   0,   2,   0,   1,   0,   0,   6,   6,  24,
    2,  24,  48,   3,  24,  48, 192,   2]
[ 165,2949,   2,  -1,  -1,   0,   0,   2,   1,   3,   0,   0,  12,  24,
    2,  24,  48,   3,  24,  48, 192,   2]
[ 166,2952,   1,  -1,  -1,   2,   0,   0,   3,   0,   3,   0,  12,  24,
    2,  24,  48,   3,  24,  48, 192,   2]
[ 167,2952,   3,  -1,  -1,   0,   2,   0,   3,   1,   0,   3,  12,  24,
    2,  24,  48,   3,  24,  48, 192,   2]
[ 168,2955,   1,  -1,  -1,   3,   0,   2,   3,   0,   1,   3,  12,  24,
    2,  24,  48,   3,  24,  48, 192,   3]
[ 169,2958,   2,  -1,  -1,   0,   1,   2,   3,   3,   0,   3,  12,  24,
    3,  24,  48,   3,  24,  48, 192,   2]
[ 170,2961,   2,  -1,  -1,   0,   0,   3,   3,   2,   3,   3,  12,  24,
    3,  24,  48,   3,  24,  48, 192,   3]
[ 171,2967,   3,  -1,  -1,   0,   2,   0,   3,   2,   0,   6,  12,  24,
    6,  24,  48,   3,  24,  48, 192,   0]
[ 172,2970,   1,  -1,  -1,   2,   0,   3,   3,   2,   6,  12,   0,  24,
    6,  24,  48,   3,  24,  48, 192,   3]
[ 173,2979,   3,  -1,  -1,   2,   1,   3,   0,   2,   0,  12,   3,  24,
   12,  24,  48,   3,  24,  48, 192,   3]
[ 174,2982,   1,  -1,  -1,   2,   3,   3,   0,   2,   1,  12,   3,  24,
   12,  24,  48,   3,  24,  48, 192,   0]
[ 175,2988,   2,  -1,  -1,   2,   6,   0,   1,   3,  12,   3,   0,  24,
   12,  24,  48,   3,  24,  48, 192,   3]
[ 176,3015,   6,  12,  24,   2,   0,   0,   2,   3,   6,   3,   1,  24,
   24,  24,  48,   3,  24,  48, 192,   2]
[ 177,3123,   2,  -1,  -1,   0,   2,   0,   2,   3,   6,   3,   1,  12,
   24,  48,  48,   3,  24,  48, 192,   3]
[ 178,3450,   6,  12,  24,   0,   2,   0,   0,   3,   2,   0,   3,  12,
    6,   3,  48,   3,  48,  96, 192,   0]
[ 179,3531,   1,  -1,  -1,   2,   0,   0,   0,   3,   2,   3,  24,  12,
    6,   3,  48,   3,  48,  96, 192,   3]
[ 180,3534,   1,  -1,  -1,   2,   0,   1,   0,   3,   2,   0,  24,  12,
    6,   6,  48,   3,  48,  96, 192,   2]
[ 181,3543,   2,  -1,  -1,   0,   2,   0,   1,   0,   3,   2,  24,   1,
   12,  12,  48,   3,  48,  96, 192,   2]
[ 182,3570,   3,  -1,  -1,   0,   0,   2,   1,   0,   3,   2,  24,   2,
    1,  24,  48,   3,  48,  96, 192,   2]
[ 183,3579,   2,  -1,  -1,   3,   0,   0,   3,   0,   3,   2,  24,   0,
    3,  24,  48,   3,  48,  96, 192,   3]
[ 184,3582,   1,  -1,  -1,   0,   2,   0,   3,   3,   0,   2,  24,   0,
    6,  24,  48,   3,  48,  96, 192,   3]
[ 185,3582,   3,  -1,  -1,   1,   0,   0,   3,   0,   2,   2,  24,   3,
    6,  24,  48,   3,  48,  96, 192,   2]
[ 186,3585,   3,  -1,  -1,   3,   1,   0,   3,   0,   2,   2,  24,   3,
    6,  24,  48,   3,  48,  96, 192,   2]
[ 187,3588,   3,  -1,  -1,   3,   3,   1,   3,   0,   2,   2,  24,   3,
    6,  24,  48,   3,  48,  96, 192,   3]
[ 188,3597,   1,  -1,  -1,   0,   3,   3,   3,   3,   2,   3,  24,   0,
    6,  24,  48,   6,  48,  96, 192,   2]
[ 189,3600,   1,  -1,  -1,   1,   0,   3,   6,   3,   2,   3,  24,   0,
    6,  24,  48,   6,  48,  96, 192,   3]
[ 190,3603,   3,  -1,  -1,   0,   0,   1,   6,   1,   2,   6,  24,   3,
    6,  24,  48,   6,  48,  96, 192,   2]
[ 191,3609,   3,  -1,  -1,   0,   0,   1,   6,   3,   3,   6,  24,   3,
    6,  24,  48,   6,  48,  96, 192,   3]
[ 192,3615,   3,  -1,  -1,   3,   0,   1,   6,   0,   3,   6,  24,   6,
    6,  24,  48,   6,  48,  96, 192,   2]
[ 193,3627,   3,  -1,  -1,   3,   3,   1,   6,   0,   3,   6,  24,   0,
   12,  24,  48,   6,  48,  96, 192,   3]
[ 194,3633,   2,  -1,  -1,   3,   0,   1,   6,   3,   6,   6,  24,   0,
   12,  24,  48,   6,  48,  96, 192,   3]
[ 195,3633,   1,  -1,  -1,   2,   0,   1,   6,   3,   6,   6,  24,   3,
   12,  24,  48,   6,  48,  96, 192,   2]
[ 196,3642,   2,  -1,  -1,   0,   2,   1,   6,   1,   3,  12,  24,   3,
   12,  24,  48,   6,  48,  96, 192,   2]
[ 197,3645,   2,  -1,  -1,   2,   0,   3,   6,   1,   3,  12,  24,   3,
   12,  24,  48,   6,  48,  96, 192,   3]
[ 198,3648,   2,  -1,  -1,   2,   0,   3,   6,   3,   3,  12,  24,   3,
   12,  24,  48,   6,  48,  96, 192,   0]
[ 199,3651,   6,  12,  24,   2,   3,   6,   0,   6,  12,  24,   2,   3,
   12,  24,  48,   6,  48,  96, 192,   3]
[ 200,3840,   1,  -1,  -1,   2,  24,   0,   0,   6,   3,   6,   2,   3,
   24,  48,  48,   6,  48,  96, 192,   2]
[ 201,4083,   1,  -1,  -1,   0,   2,  24,   0,   6,   3,   6,   2,   1,
    3,  24,  96,   6,  48,  96, 192,   3]
[ 202,4086,   2,  -1,  -1,   0,   1,  24,   0,   6,   2,   6,   2,   1,
    6,  24,  96,   6,  48,  96, 192,   3]
[ 203,4089,   1,  -1,  -1,   0,   2,  24,   0,   6,   3,   6,   2,   1,
    6,  24,  96,   6,  48,  96, 192,   2]
[ 204,4089,   2,  -1,  -1,   1,   0,   2,  24,   6,   3,   6,   2,   1,
    6,  24,  96,   6,  48,  96, 192,   0]
[ 205,4089,   3,  -1,  -1,   1,   2,  24,   2,   6,   3,   6,   2,   1,
    6,  24,  96,   6,  48,  96, 192,   2]
[ 206,4095,   2,  -1,  -1,   3,   3,  24,   2,   6,   3,   6,   2,   1,
    6,  24,  96,   6,  48,  96, 192,   3]
[ 207,4098,   3,  -1,  -1,   3,   2,  24,   2,   6,   6,   6,   2,   1,
    6,  24,  96,   6,  48,  96, 192,   2]
[ 208,4110,   3,  -1,  -1,   3,   2,  24,   2,   3,   6,  12,   2,   1,
    6,  24,  96,   6,  48,  96, 192,   3]
[ 209,4125,   1,  -1,  -1,   3,   0,  24,   2,   6,   2,  12,   2,   1,
   12,  24,  96,   6,  48,  96, 192,   1]
[ 210,4125,   1,  -1,  -1,   3,   2,  24,   2,   6,  12,  12,   2,   1,
   48,  24,  96,   6,   1,  96, 192,   2]
[ 211,4152,   2,  -1,  -1,   3,   2,  24,   2,   1,   6,  24,   2,   1,
   48,  24,  96,   6,   1,  96, 192,   3]
[ 212,4233,   1,  -1,  -1,   3,   2,   2,   2,   1,   6,  24,   2,   1,
   48,  48,  96,   6,   1,  96, 192,   2]
[ 213,4476,   3,  -1,  -1,   3,   2,   2,   2,   1,   6,  24,   2,   1,
    1,  96,  96,   6,   1,  96, 192,   3]
[ 214,5208,   1,  -1,  -1,   3,   2,   3,   2,   1,   6,   2,   2,   1,
    1,  24,  96,   6,   1, 192, 192,   2]
