1516445600
[ 0,12, 2,-1,-1, 3, 1, 0, 3, 0, 2, 0, 1, 3, 0, 2, 1, 0, 0, 3, 0, 2]
[ 1,15, 2,-1,-1, 2, 3, 1, 3, 0, 0, 2, 1, 0, 3, 0, 3, 0, 0, 0, 3, 2]
[ 2,18, 1,-1,-1, 2, 3, 1, 3, 0, 0, 0, 3, 2, 0, 3, 3, 0, 0, 0, 3, 3]
[ 3,21, 1,-1,-1, 0, 1, 0, 0, 2, 3, 1, 3, 0, 0, 0, 3, 2, 0, 3, 6, 3]
[ 4,24, 2,-1,-1, 0, 1, 0, 0, 0, 1, 0, 0, 2, 3, 1, 6, 2, 0, 3, 6, 3]
[ 5,33, 2,-1,-1, 0, 2, 0, 0, 0, 1, 0, 0, 2, 1, 1, 0, 2, 3, 3,12, 2]
[ 6,36, 3,-1,-1, 0, 0, 2, 0, 2, 0, 1, 0, 0, 2, 1, 1, 0, 2, 6,12, 2]
[ 7,42, 1,-1,-1, 0, 0, 0, 2, 0, 2, 0, 1, 3, 0, 3, 1, 0, 2, 6,12, 2]
[ 8,42, 1,-1,-1, 0, 0, 0, 2, 1, 0, 2, 1, 0, 3, 3, 1, 0, 2, 6,12, 2]
[ 9,48, 3,-1,-1, 0, 0, 0, 2, 1, 1, 0, 3, 0, 0, 6, 1, 0, 2, 6,12, 3]
[10,60, 2,-1,-1, 0, 3, 0, 2, 0, 0, 0, 3, 1, 1, 0, 1, 0, 2,12,12, 2]
[11,87, 1,-1,-1, 2, 0, 3, 2, 0, 0, 0, 3, 0, 1, 1, 1, 0, 0, 2,24, 2]
[12,87, 3,-1,-1, 1, 2, 3, 2, 0, 0, 0, 3, 0, 1, 1, 1, 0, 0, 2,24, 3]
[13,93, 2,-1,-1, 0, 0, 3, 2, 1, 2, 3, 3, 0, 0, 0, 1, 0, 1, 3,24, 3]
[14,93, 3,-1,-1, 0, 0, 2, 2, 0, 0, 3, 3, 1, 2, 3, 1, 0, 1, 3,24, 3]
[ 15,102,  3, -1, -1,  3,  0,  0,  2,  0,  0,  2,  3,  0,  0,  3,  1,  1,
   3,  6, 24,  3]
[ 16,105,  2, -1, -1,  3,  0,  0,  2,  3,  0,  2,  3,  0,  0,  3,  1,  1,
   3,  6, 24,  0]
[ 17,105,  3, -1, -1,  3,  0,  2,  2,  3,  2,  3,  0,  0,  3,  1,  0,  1,
   3,  6, 24,  3]
[ 18,111,  2, -1, -1,  0,  3,  2,  0,  3,  0,  3,  2,  3,  2,  1,  0,  1,
   6,  6, 24,  3]
[ 19,114,  1, -1, -1,  0,  2,  2,  0,  0,  3,  3,  0,  6,  2,  1,  2,  1,
   6,  6, 24,  2]
[ 20,126,  1, -1, -1,  0,  0,  2,  2,  0,  0,  3,  3,  1,  6,  2,  3,  0,
   1, 12, 24,  3]
[ 21,129,  3, -1, -1,  0,  0,  2,  1,  0,  0,  3,  2,  0,  6,  2,  6,  1,
   1, 12, 24,  3]
[ 22,135,  2, -1, -1,  0,  0,  2,  3,  0,  0,  3,  3,  0,  6,  2,  6,  1,
   1, 12, 24,  2]
[ 23,138,  1, -1, -1,  0,  0,  2,  3,  2,  0,  0,  6,  0,  6,  2,  6,  1,
   1, 12, 24,  3]
[ 24,147,  3, -1, -1,  0,  0,  0,  1,  0,  0,  2,  3,  2,  6,  2, 12,  1,
   1, 12, 24,  3]
[ 25,153,  1, -1, -1,  3,  0,  0,  1,  0,  0,  2,  3,  0,  6,  2, 12,  3,
   1, 12, 24,  0]
[ 26,153,  2, -1, -1,  3,  0,  1,  1,  0,  2,  3,  0,  6,  2, 12,  0,  3,
   1, 12, 24,  3]
[ 27,183,  2, -1, -1,  0,  0,  2,  0,  3,  0,  1,  1,  6,  2,  3,  0,  3,
   3, 24, 24,  2]
[ 28,264,  3, -1, -1,  0,  0,  0,  2,  2,  3,  1,  1,  0,  6,  2,  3,  0,
   3,  3, 48,  3]
[ 29,273,  1, -1, -1,  0,  0,  3,  0,  0,  3,  0,  3,  2,  6,  3,  3,  0,
   3,  3, 48,  3]
[ 30,279,  1, -1, -1,  1,  0,  0,  0,  0,  3,  3,  0,  0,  6,  0,  6,  2,
   3,  6, 48,  2]
[ 31,279,  6, -1, -1,  1,  1,  0,  0,  0,  0,  3,  3,  0,  0,  6,  6,  2,
   3,  6, 48,  2]
[ 32,300,  1, -1, -1,  0,  1,  1,  0,  0,  0,  0,  6,  6,  0,  0, 12,  2,
   3,  6, 48,  3]
[ 33,300,  1, -1, -1,  0,  0,  1,  0,  0,  1,  1,  6,  6,  0,  0, 12,  2,
   3,  6, 48,  2]
[ 34,300,  3, -1, -1,  0,  0,  0,  1,  0,  1,  1,  6,  1,  6,  0, 12,  2,
   3,  6, 48,  3]
[ 35,306,  3, -1, -1,  3,  0,  0,  1,  0,  1,  0,  6,  0,  6,  1, 12,  3,
   3,  6, 48,  2]
[ 36,312,  2, -1, -1,  0,  3,  0,  1,  0,  0,  1,  6,  0,  6,  1, 12,  3,
   6,  6, 48,  2]
[ 37,321,  3, -1, -1,  0,  0,  3,  1,  0,  0,  1,  6,  0,  6,  1, 12,  2,
   3, 12, 48,  0]
[ 38,324,  2, -1, -1,  0,  3,  1,  0,  0,  1,  6,  3,  6,  1, 12,  0,  2,
   3, 12, 48,  3]
[ 39,351,  6, -1, -1,  0,  3,  0,  2,  0,  1,  1,  0,  6,  1,  6,  3,  2,
   3, 24, 48,  2]
[ 40,360,  6, -1, -1,  6,  0,  3,  2,  0,  0,  1,  1,  6,  1,  6,  3,  2,
   3, 24, 48,  3]
[ 41,372,  2, -1, -1,  6,  0,  3,  0,  6,  0,  1,  3,  6,  1,  6,  3,  2,
   3, 24, 48,  2]
[ 42,372,  1, -1, -1,  2,  6,  0,  3,  0,  6,  1,  3,  6,  1,  6,  3,  2,
   3, 24, 48,  3]
[ 43,384,  3, -1, -1,  0,  0,  0,  1,  2, 12,  1,  3,  6,  1,  6,  6,  2,
   3, 24, 48,  2]
[ 44,396,  2, -1, -1,  0,  0,  0,  1,  2, 12,  1,  3,  3,  6,  1, 12,  2,
   3, 24, 48,  0]
[ 45,396,  1, -1, -1,  0,  0,  1,  2,  2, 12,  1,  3,  3,  6,  1, 12,  2,
   3, 24, 48,  0]
[ 46,396,  3, -1, -1,  0,  1,  2,  1,  2, 12,  1,  3,  3,  6,  1, 12,  2,
   3, 24, 48,  3]
[ 47,402,  3, -1, -1,  0,  1,  3,  1,  2, 12,  3,  3,  3,  6,  1, 12,  2,
   3, 24, 48,  2]
[ 48,408,  2, -1, -1,  0,  1,  3,  1,  3,  2, 12,  6,  3,  6,  1, 12,  2,
   3, 24, 48,  3]
[ 49,414,  1, -1, -1,  0,  2,  3,  1,  0,  3, 12,  6,  6,  6,  1, 12,  2,
   3, 24, 48,  2]
[ 50,423,  2, -1, -1,  0,  2,  3,  1,  0,  3, 12,  6,  1, 12,  1, 12,  2,
   3, 24, 48,  3]
[ 51,426,  1, -1, -1,  2,  2,  3,  1,  0,  3, 12,  6,  0, 12,  1, 12,  3,
   3, 24, 48,  3]
[ 52,426,  3, -1, -1,  1,  2,  3,  1,  2,  3, 12,  6,  0, 12,  1, 12,  3,
   3, 24, 48,  3]
[ 53,429,  2, -1, -1,  3,  2,  3,  1,  1,  3, 12,  6,  2, 12,  1, 12,  3,
   3, 24, 48,  3]
[ 54,432,  2, -1, -1,  2,  2,  3,  1,  3,  3, 12,  6,  3, 12,  1, 12,  3,
   3, 24, 48,  2]
[ 55,438,  3, -1, -1,  2,  2,  3,  1,  0,  6, 12,  6,  3, 12,  1, 12,  2,
   6, 24, 48,  3]
