1516445905
[ 0, 9, 3,-1,-1, 0, 0, 1, 0, 2, 0, 0, 3, 2, 1, 3, 2, 1, 0, 0, 3, 3]
[ 1,15, 2,-1,-1, 0, 3, 0, 0, 0, 0, 1, 3, 2, 0, 0, 2, 3, 1, 3, 3, 2]
[ 2,18, 1,-1,-1, 2, 0, 3, 0, 0, 0, 1, 3, 0, 2, 0, 2, 0, 3, 1, 6, 2]
[ 3,18, 2,-1,-1, 0, 2, 0, 3, 0, 0, 1, 3, 1, 0, 2, 2, 0, 3, 1, 6, 3]
[ 4,24, 1,-1,-1, 0, 0, 0, 2, 0, 2, 0, 6, 0, 0, 1, 2, 1, 3, 3, 6, 2]
[ 5,30, 1,-1,-1, 0, 0, 0, 2, 0, 0, 2, 6, 0, 0, 0, 3, 1, 1, 6, 6, 2]
[ 6,39, 2,-1,-1, 0, 0, 0, 2, 0, 0, 2, 6, 0, 0, 0, 3, 1, 1, 1,12, 3]
[ 7,39, 1,-1,-1, 0, 0, 2, 2, 0, 0, 0, 6, 0, 0, 2, 3, 1, 1, 1,12, 3]
[ 8,42, 3,-1,-1, 0, 0, 1, 2, 0, 0, 2, 6, 0, 0, 0, 3, 1, 1, 3,12, 3]
[ 9,45, 1,-1,-1, 0, 0, 3, 2, 0, 0, 1, 6, 0, 0, 2, 3, 1, 1, 3,12, 3]
[10,48, 3,-1,-1, 0, 0, 1, 2, 0, 0, 3, 6, 0, 0, 3, 3, 1, 1, 3,12, 2]
[11,57, 3,-1,-1, 0, 0, 0, 3, 0, 0, 3, 6, 3, 0, 0, 6, 1, 1, 3,12, 3]
[12,69, 2,-1,-1, 0, 0, 0, 3, 0, 0, 0, 3, 3, 0, 3,12, 1, 1, 3,12, 3]
[13,99, 2,-1,-1, 0, 0, 2, 0, 0, 0, 0, 3, 3, 0, 0, 3, 1, 1, 6,24, 3]
[ 14,102,  3, -1, -1,  0,  0,  0,  2,  0,  0,  2,  0,  3,  0,  0,  6,  1,
   1,  6, 24,  0]
[ 15,105,  2, -1, -1,  0,  0,  2,  0,  0,  2,  0,  0,  3,  0,  6,  3,  1,
   1,  6, 24,  3]
[ 16,114,  2, -1, -1,  0,  0,  2,  0,  0,  0,  2,  0,  3,  2,  0,  3,  1,
   1, 12, 24,  3]
[ 17,117,  3, -1, -1,  0,  2,  0,  0,  0,  0,  2,  0,  3,  0,  2,  3,  1,
   3, 12, 24,  2]
[ 18,120,  2, -1, -1,  0,  0,  2,  0,  3,  0,  0,  2,  0,  3,  2,  3,  1,
   3, 12, 24,  3]
[ 19,123,  1, -1, -1,  2,  0,  0,  0,  0,  0,  2,  2,  3,  0,  2,  3,  1,
   6, 12, 24,  3]
[ 20,123,  2, -1, -1,  1,  0,  0,  0,  2,  0,  2,  2,  3,  0,  2,  3,  1,
   6, 12, 24,  2]
[ 21,123,  3, -1, -1,  0,  1,  0,  0,  0,  2,  2,  2,  2,  3,  2,  3,  1,
   6, 12, 24,  3]
[ 22,132,  1, -1, -1,  3,  0,  0,  0,  0,  3,  2,  2,  0,  3,  2,  3,  3,
   6, 12, 24,  3]
[ 23,135,  3, -1, -1,  0,  1,  0,  0,  3,  0,  2,  2,  0,  6,  2,  3,  3,
   6, 12, 24,  3]
[ 24,147,  1, -1, -1,  0,  3,  0,  0,  0,  1,  2,  2,  3,  0,  2,  3,  3,
  12, 12, 24,  3]
[ 25,150,  3, -1, -1,  0,  1,  0,  0,  0,  3,  2,  2,  0,  1,  2,  3,  6,
  12, 12, 24,  2]
[ 26,183,  1, -1, -1,  0,  0,  1,  0,  0,  3,  2,  2,  0,  0,  3,  3,  3,
   6, 24, 24,  3]
[ 27,186,  2, -1, -1,  0,  1,  0,  0,  0,  0,  3,  2,  0,  3,  3,  3,  3,
   6, 24, 24,  2]
[ 28,270,  1, -1, -1,  0,  0,  1,  0,  0,  0,  3,  2,  2,  0,  3,  6,  0,
   3,  6, 48,  2]
[ 29,270,  1, -1, -1,  1,  0,  0,  1,  0,  0,  3,  2,  0,  2,  3,  6,  0,
   3,  6, 48,  3]
[ 30,276,  1, -1, -1,  0,  0,  0,  1,  1,  0,  0,  3,  0,  2,  6,  6,  0,
   3,  6, 48,  2]
[ 31,285,  1, -1, -1,  0,  0,  0,  1,  0,  1,  0,  3,  1,  0,  2, 12,  0,
   3,  6, 48,  3]
[ 32,285,  3, -1, -1,  1,  0,  0,  1,  0,  0,  0,  3,  0,  1,  2, 12,  1,
   3,  6, 48,  2]
[ 33,291,  3, -1, -1,  0,  1,  0,  1,  0,  0,  0,  3,  3,  0,  3, 12,  1,
   3,  6, 48,  2]
[ 34,294,  2, -1, -1,  0,  0,  1,  1,  0,  0,  0,  3,  3,  3,  3, 12,  1,
   3,  6, 48,  2]
[ 35,297,  2, -1, -1,  0,  0,  1,  1,  0,  0,  0,  3,  2,  3,  6, 12,  1,
   3,  6, 48,  3]
[ 36,312,  2, -1, -1,  0,  0,  2,  1,  0,  0,  1,  3,  0,  0,  0, 12,  3,
   6, 12, 48,  3]
[ 37,312,  3, -1, -1,  0,  0,  2,  1,  0,  0,  2,  3,  0,  0,  1, 12,  3,
   6, 12, 48,  3]
[ 38,318,  6, -1, -1,  0,  0,  3,  1,  0,  0,  2,  3,  0,  0,  3, 12,  3,
   6, 12, 48,  0]
[ 39,327,  3, -1, -1,  0,  3,  1,  0,  0,  2,  3,  0,  0,  3, 12,  6,  3,
   6, 12, 48,  3]
[ 40,357,  1, -1, -1,  0,  3,  3,  0,  0,  2,  1,  0,  0,  3,  3,  6,  3,
   6, 24, 48,  2]
[ 41,360,  2, -1, -1,  1,  0,  3,  3,  0,  0,  2,  1,  0,  0,  6,  6,  3,
   6, 24, 48,  2]
[ 42,375,  3, -1, -1,  0,  1,  0,  6,  0,  0,  0,  3,  2,  0,  0, 12,  3,
   6, 24, 48,  3]
[ 43,378,  3, -1, -1,  0,  3,  0,  6,  0,  1,  0,  3,  2,  0,  0, 12,  3,
   6, 24, 48,  3]
[ 44,381,  3, -1, -1,  0,  3,  0,  6,  0,  3,  0,  3,  2,  1,  0, 12,  3,
   6, 24, 48,  2]
[ 45,384,  2, -1, -1,  0,  0,  3,  6,  0,  0,  3,  3,  3,  2,  1, 12,  3,
   6, 24, 48,  2]
[ 46,390,  1, -1, -1,  0,  0,  3,  6,  2,  0,  0,  6,  0,  3,  3, 12,  3,
   6, 24, 48,  2]
[ 47,393,  3, -1, -1,  0,  0,  3,  6,  0,  2,  0,  6,  1,  0,  6, 12,  3,
   6, 24, 48,  3]
[ 48,405,  1, -1, -1,  0,  0,  0,  3,  0,  0,  3, 12,  1,  2,  6, 12,  3,
   6, 24, 48,  2]
[ 49,408,  2, -1, -1,  0,  0,  0,  3,  0,  0,  3, 12,  1,  3,  6, 12,  3,
   6, 24, 48,  3]
[ 50,435,  1, -1, -1,  0,  0,  0,  2,  0,  0,  3,  3,  1,  3,  6, 24,  3,
   6, 24, 48,  2]
[ 51,438,  2, -1, -1,  0,  0,  0,  2,  1,  0,  0,  6,  1,  3,  6, 24,  3,
   6, 24, 48,  2]
[ 52,438,  3, -1, -1,  0,  0,  0,  2,  2,  1,  0,  6,  1,  3,  6, 24,  3,
   6, 24, 48,  2]
[ 53,441,  3, -1, -1,  0,  0,  0,  2,  3,  2,  1,  6,  1,  3,  6, 24,  3,
   6, 24, 48,  2]
[ 54,447,  1, -1, -1,  0,  0,  0,  2,  3,  3,  3,  6,  1,  3,  6, 24,  3,
   6, 24, 48,  2]
[ 55,450,  2, -1, -1,  0,  0,  0,  2,  1,  3,  6,  6,  1,  3,  6, 24,  3,
   6, 24, 48,  3]
[ 56,462,  2, -1, -1,  0,  2,  0,  2,  1,  0,  0,  6,  1,  6, 12, 24,  3,
   6, 24, 48,  3]
[ 57,471,  1, -1, -1,  0,  2,  0,  2,  1,  2,  0,  6,  1,  0, 12, 24,  3,
  12, 24, 48,  2]
[ 58,471,  2, -1, -1,  0,  0,  2,  2,  1,  1,  2,  6,  0,  1, 12, 24,  3,
  12, 24, 48,  2]
[ 59,474,  3, -1, -1,  0,  0,  2,  2,  2,  1,  3,  6,  0,  1, 12, 24,  3,
  12, 24, 48,  2]
[ 60,480,  1, -1, -1,  0,  0,  2,  2,  3,  3,  3,  6,  0,  1, 12, 24,  3,
  12, 24, 48,  2]
[ 61,483,  3, -1, -1,  0,  0,  2,  2,  1,  3,  6,  6,  0,  1, 12, 24,  3,
  12, 24, 48,  2]
[ 62,495,  2, -1, -1,  0,  0,  2,  2,  3,  1,  3, 12,  0,  1, 12, 24,  3,
  12, 24, 48,  3]
[ 63,495,  1, -1, -1,  2,  0,  2,  2,  0,  1,  3, 12,  3,  1, 12, 24,  3,
  12, 24, 48,  3]
[ 64,498,  3, -1, -1,  1,  0,  2,  2,  2,  1,  3, 12,  0,  1, 12, 24,  6,
  12, 24, 48,  2]
[ 65,504,  2, -1, -1,  3,  1,  2,  2,  0,  3,  3, 12,  0,  1, 12, 24,  6,
  12, 24, 48,  2]
[ 66,510,  1, -1, -1,  0,  3,  3,  2,  2,  0,  6, 12,  0,  1, 12, 24,  6,
  12, 24, 48,  2]
[ 67,513,  3, -1, -1,  1,  0,  6,  2,  0,  2,  6, 12,  0,  1, 12, 24,  6,
  12, 24, 48,  3]
[ 68,528,  2, -1, -1,  0,  0,  3,  2,  1,  0, 12, 12,  0,  3, 12, 24,  6,
  12, 24, 48,  3]
[ 69,555,  3, -1, -1,  2,  0,  0,  2,  0,  0,  3, 12,  1,  3, 24, 24,  6,
  12, 24, 48,  2]
[ 70,639,  2, -1, -1,  0,  2,  0,  2,  0,  0,  3, 12,  3,  1,  3, 48,  6,
  12, 24, 48,  3]
[ 71,885,  6, 12, -1,  0,  0,  2,  0,  0,  2,  0,  2,  3,  1,  6, 12,  6,
  12, 24, 96,  3]
[ 72,915,  1, -1, -1,  0, 12,  0,  0,  0,  0,  2,  2,  3,  3,  6, 12,  6,
  12, 24, 96,  2]
[ 73,918,  3, -1, -1,  0,  0, 12,  0,  0,  0,  2,  2,  1,  6,  6, 12,  6,
  12, 24, 96,  2]
[ 74,930,  1, -1, -1,  0,  0,  0, 12,  0,  0,  2,  2,  3,  1, 12, 12,  6,
  12, 24, 96,  2]
[ 75,957,  1, -1, -1,  0,  0,  0, 12,  0,  0,  2,  2,  1,  3,  1, 24,  6,
  12, 24, 96,  3]
[ 76,960,  2, -1, -1,  0,  0,  1, 12,  0,  0,  0,  2,  1,  3,  3, 24,  6,
  12, 24, 96,  3]
[ 77,960,  2, -1, -1,  0,  0,  2, 12,  0,  0,  1,  2,  1,  3,  3, 24,  6,
  12, 24, 96,  2]
[ 78,966,  3, -1, -1,  0,  0,  2, 12,  0,  0,  0,  3,  2,  1,  6, 24,  6,
  12, 24, 96,  2]
[ 79,972,  2, -1, -1,  0,  0,  2, 12,  0,  0,  0,  3,  3,  3,  6, 24,  6,
  12, 24, 96,  2]
[ 80,975,  1, -1, -1,  0,  0,  2, 12,  0,  0,  0,  3,  2,  6,  6, 24,  6,
  12, 24, 96,  2]
[ 81,984,  2, -1, -1,  0,  0,  2, 12,  0,  0,  0,  3,  1,  2, 12, 24,  6,
  12, 24, 96,  2]
[ 82,987,  3, -1, -1,  0,  0,  2, 12,  0,  0,  0,  3,  2,  3, 12, 24,  6,
  12, 24, 96,  0]
[ 83,990,  1, -1, -1,  0,  2, 12,  3,  0,  0,  3,  0,  2,  3, 12, 24,  6,
  12, 24, 96,  0]
[ 84,990,  1, -1, -1,  2, 12,  3,  0,  0,  3,  0,  1,  2,  3, 12, 24,  6,
  12, 24, 96,  3]
[ 85,993,  3, -1, -1,  0,  1,  0,  0,  2, 12,  3,  1,  2,  6, 12, 24,  6,
  12, 24, 96,  2]
[ 86,996,  3, -1, -1,  3,  0,  1,  0,  2, 12,  3,  1,  2,  6, 12, 24,  6,
  12, 24, 96,  2]
[ 87,999,  2, -1, -1,  3,  3,  0,  1,  2, 12,  3,  1,  2,  6, 12, 24,  6,
  12, 24, 96,  0]
[  88,1002,   1,  -1,  -1,   6,   0,   1,   2,   2,  12,   3,   1,   2,
    6,  12,  24,   6,  12,  24,  96,   2]
[  89,1005,   3,  -1,  -1,   1,   6,   0,   3,   2,  12,   3,   1,   2,
    6,  12,  24,   6,  12,  24,  96,   3]
[  90,1011,   2,  -1,  -1,   3,   6,   0,   3,   3,  12,   3,   1,   2,
    6,  12,  24,   6,  12,  24,  96,   0]
[  91,1011,   1,  -1,  -1,   3,   6,   3,   2,   3,  12,   3,   1,   2,
    6,  12,  24,   6,  12,  24,  96,   3]
[  92,1020,   2,  -1,  -1,   1,   6,   0,   0,   6,  12,   6,   3,   2,
    6,  12,  24,   6,  12,  24,  96,   2]
[  93,1020,   1,  -1,  -1,   2,   1,   6,   0,   6,  12,   6,   3,   2,
    6,  12,  24,   6,  12,  24,  96,   3]
[  94,1029,   1,  -1,  -1,   2,   1,   1,   0,   6,  12,  12,   3,   2,
    6,  12,  24,   6,  12,  24,  96,   3]
[  95,1056,   2,  -1,  -1,   2,   1,   1,   0,   6,  12,   1,   3,   2,
    6,  24,  24,   6,  12,  24,  96,   2]
[  96,1137,   3,  -1,  -1,   2,   2,   1,   1,   6,  12,   1,   3,   0,
    2,   6,  48,   6,  12,  24,  96,   2]
[  97,1143,   3,  -1,  -1,   3,   2,   3,   1,   6,  12,   1,   3,   0,
    2,   6,  48,   6,  12,  24,  96,   3]
[  98,1146,   2,  -1,  -1,   3,   2,   3,   1,   3,  12,   1,   3,   6,
    2,   6,  48,   6,  12,  24,  96,   3]
[  99,1155,   3,  -1,  -1,   2,   2,   3,   1,   3,  12,   1,   3,   3,
    2,   6,  48,  12,  12,  24,  96,   2]
[ 100,1185,   1,  -1,  -1,   2,   2,   3,   1,   3,  12,   1,   3,   3,
    2,   6,  48,   3,  24,  24,  96,   2]
[ 101,1266,   3,  -1,  -1,   2,   2,   3,   1,   3,  12,   1,   3,   3,
    2,   6,  48,   1,   3,  48,  96,   1]
[ 102,1272,   1,  -1,  -1,   2,   2,   3,   1,   6,  12,   1,   3,   1,
    2,   6,  48,   3,   3,  48,  96,   2]
[ 103,1278,   1,  -1,  -1,   2,   2,   3,   1,   6,  12,   1,   3,   1,
    3,   6,  48,   0,   6,  48,  96,   3]
[ 104,1278,   1,  -1,  -1,   1,   2,   3,   1,   2,  12,   1,   3,   6,
    3,   6,  48,   1,   6,  48,  96,   3]
[ 105,1281,   1,  -1,  -1,   1,   2,   3,   1,   3,  12,   1,   3,   6,
    3,   6,  48,   1,   6,  48,  96,   0]
[ 106,1284,   2,  -1,  -1,   3,   3,   1,   1,   3,  12,   1,   3,   6,
    3,   6,  48,   1,   6,  48,  96,   1]
[ 107,1287,   2,  -1,  -1,   6,   3,   1,   1,   6,  12,   1,   3,   1,
    3,   6,  48,   2,   6,  48,  96,   3]
[ 108,1290,   3,  -1,  -1,   2,   3,   1,   1,   6,  12,   1,   3,   6,
    3,   6,  48,   3,   6,  48,  96,   1]
[ 109,1302,   3,  -1,  -1,   2,   3,   1,   1,  12,  12,   1,   3,   3,
    3,   6,  48,   3,   6,  48,  96,   2]
[ 110,1335,   3,  -1,  -1,   2,   3,   1,   1,   3,  24,   1,   3,   0,
    6,   6,  48,   3,   6,  48,  96,   0]
[ 111,1338,   2,  -1,  -1,   2,   3,   1,   1,   3,  24,   1,   3,   6,
    6,  48,   3,   3,   6,  48,  96,   3]
[ 112,1593,   2,  -1,  -1,   2,   0,   0,   2,   3,   3,   1,   1,   6,
   24,   1,   6,   3,  12,  96,  96,   3]
[ 113,1596,   2,  -1,  -1,   2,   0,   0,   2,   3,   3,   1,   3,   6,
   24,   1,   6,   3,  12,  96,  96,   0]
[ 114,2328,   1,  -1,  -1,   2,   0,   2,   0,   6,   1,   3,   2,   6,
   24,   1,   6,   3,  12, 192,   0,   2]
[ 115,2328,   1,  -1,  -1,   1,   2,   0,   2,   6,   1,   3,   2,   6,
   24,   1,   6,   0,   3,  12, 192,   3]
[ 116,2331,   2,  -1,  -1,   1,   0,   0,   2,   1,   3,   3,   2,   6,
   24,   1,   6,   6,   3,  12, 192,   0]
[ 117,2334,   1,  -1,  -1,   1,   0,   2,   0,   1,   6,   2,   2,   6,
   24,   1,   6,   6,   3,  12, 192,   3]
[ 118,2346,   3,  -1,  -1,   1,   0,   0,   0,   1,   6,   2,   2,   1,
   24,   3,   6,  12,   3,  12, 192,   2]
[ 119,2349,   2,  -1,  -1,   3,   1,   0,   0,   1,   6,   2,   2,   1,
   24,   3,   6,  12,   3,  12, 192,   2]
[ 120,2349,   3,  -1,  -1,   2,   3,   1,   0,   1,   6,   2,   2,   1,
   24,   3,   6,  12,   3,  12, 192,   3]
[ 121,2358,   3,  -1,  -1,   3,   3,   0,   0,   3,   6,   3,   2,   1,
   24,   3,   6,  12,   3,  12, 192,   3]
[ 122,2367,   1,  -1,  -1,   0,   3,   3,   0,   6,   6,   0,   2,   1,
   24,   6,   6,  12,   3,  12, 192,   2]
[ 123,2376,   3,  -1,  -1,   1,   0,   3,   3,   0,   6,   6,   2,   0,
    1,  24,  12,  12,   3,  12, 192,   2]
[ 124,2391,   2,  -1,  -1,   0,   1,   0,   6,   3,   0,  12,   2,   0,
    1,  24,  12,  12,   3,  12, 192,   3]
[ 125,2391,   1,  -1,  -1,   0,   2,   0,   6,   0,   1,  12,   2,   3,
    1,  24,  12,  12,   3,  12, 192,   3]
[ 126,2394,   2,  -1,  -1,   0,   1,   0,   6,   0,   3,  12,   2,   3,
    1,  24,  12,  12,   3,  12, 192,   0]
[ 127,2394,   3,  -1,  -1,   1,   0,   6,   2,   3,  12,   2,   0,   3,
    1,  24,  12,  12,   3,  12, 192,   3]
[ 128,2400,   2,  -1,  -1,   3,   0,   6,   0,   1,  12,   2,   2,   6,
    1,  24,  12,  12,   3,  12, 192,   2]
[ 129,2400,   1,  -1,  -1,   2,   3,   0,   6,   1,  12,   2,   2,   6,
    1,  24,  12,  12,   3,  12, 192,   3]
[ 130,2403,   1,  -1,  -1,   1,   3,   0,   6,   3,  12,   2,   2,   6,
    1,  24,  12,  12,   3,  12, 192,   0]
[ 131,2403,   2,  -1,  -1,   1,   3,   6,   1,   3,  12,   2,   2,   6,
    1,  24,  12,  12,   3,  12, 192,   3]
