1516444663
[ 0, 9, 1,-1,-1, 1, 3, 2, 3, 0, 2, 1, 0, 0, 2, 0, 0, 0, 3, 1, 0, 2]
[ 1, 9, 2,-1,-1, 1, 3, 2, 3, 1, 0, 2, 1, 0, 0, 2, 0, 0, 0, 3, 1, 3]
[ 2, 9, 3,-1,-1, 0, 0, 2, 2, 1, 3, 2, 3, 1, 0, 2, 1, 0, 0, 3, 1, 3]
[ 3,12, 3,-1,-1, 3, 0, 2, 2, 0, 0, 2, 3, 1, 3, 2, 1, 1, 0, 3, 1, 2]
[ 4,18, 3,-1,-1, 3, 3, 2, 2, 0, 0, 2, 3, 0, 1, 3, 3, 0, 1, 3, 1, 1]
[ 5,27, 2,-1,-1, 3, 3, 2, 2, 0, 1, 2, 6, 0, 1, 6, 1, 0, 0, 3, 0, 2]
[ 6,33, 1,-1,-1, 0, 6, 2, 2, 2, 0, 3, 6, 0, 1, 6, 1, 0, 0, 0, 3, 3]
[ 7,33, 3,-1,-1, 0, 0, 1, 2, 0, 6, 2, 6, 2, 0, 3, 1, 0, 1, 6, 3, 3]
[ 8,39, 2,-1,-1, 0, 0, 3, 2, 0, 0, 3, 6, 0, 6, 3, 1, 2, 1, 6, 3, 2]
[ 9,42, 3,-1,-1, 0, 0, 3, 2, 0, 0, 3, 6, 0, 6, 3, 1, 2, 3, 6, 3, 3]
[10,48, 2,-1,-1, 0, 0, 3, 2, 0, 0, 3, 6, 0, 6, 6, 1, 2, 3, 6, 3, 3]
[11,57, 1,-1,-1, 0, 0, 2, 2, 0, 0, 3, 6, 0, 6, 3, 1, 2, 3,12, 3, 0]
[12,57, 1,-1,-1, 0, 2, 2, 0, 0, 3, 6, 1, 6, 3, 1, 0, 2, 3,12, 3, 2]
[13,57, 1,-1,-1, 1, 0, 2, 2, 0, 3, 6, 1, 0, 6, 3, 1, 2, 3,12, 3, 3]
[14,60, 2,-1,-1, 0, 0, 2, 1, 1, 3, 6, 3, 0, 6, 3, 1, 2, 3,12, 3, 0]
[15,60, 1,-1,-1, 0, 2, 1, 0, 1, 3, 6, 3, 6, 3, 1, 2, 2, 3,12, 3, 2]
[16,63, 2,-1,-1, 0, 0, 2, 1, 1, 3, 6, 3, 1, 6, 3, 3, 2, 3,12, 3, 3]
[17,69, 1,-1,-1, 2, 0, 2, 0, 0, 3, 6, 1, 1, 6, 3, 3, 3, 3,12, 6, 2]
[18,75, 3,-1,-1, 0, 2, 0, 2, 0, 3, 6, 1, 0, 1, 6, 6, 1, 6,12, 6, 3]
[19,96, 2,-1,-1, 0, 2, 0, 3, 0, 3, 0, 2, 0, 1,12, 1, 1, 6,12,12, 3]
[ 20,126,  3, -1, -1,  0,  2,  2,  0,  0,  3,  0,  3,  0,  1,  0,  3,  1,
   6, 24, 12,  3]
[ 21,132,  2, -1, -1,  0,  2,  3,  0,  0,  3,  2,  0,  0,  1,  0,  6,  1,
   6, 24, 12,  3]
[ 22,132,  2, -1, -1,  0,  2,  2,  0,  0,  3,  3,  0,  0,  1,  2,  6,  1,
   6, 24, 12,  2]
[ 23,135,  1, -1, -1,  0,  0,  2,  2,  2,  0,  3,  3,  0,  0,  3,  6,  1,
   6, 24, 12,  3]
[ 24,138,  3, -1, -1,  0,  0,  1,  2,  0,  0,  2,  3,  2,  0,  6,  6,  1,
   6, 24, 12,  3]
[ 25,147,  3, -1, -1,  3,  0,  0,  2,  0,  0,  3,  3,  0,  0,  6,  6,  3,
   6, 24, 12,  3]
[ 26,150,  1, -1, -1,  3,  0,  0,  2,  3,  0,  3,  3,  0,  0,  6,  6,  3,
   6, 24, 12,  2]
[ 27,162,  2, -1, -1,  0,  3,  0,  2,  1,  3,  0,  6,  0,  0,  0, 12,  3,
   6, 24, 12,  3]
[ 28,189,  3, -1, -1,  2,  0,  0,  0,  0,  3,  0,  2,  1,  3,  0,  6,  3,
   6, 24, 24,  3]
[ 29,195,  1, -1, -1,  0,  3,  0,  0,  2,  0,  0,  2,  1,  6,  0,  6,  3,
   6, 24, 24,  3]
[ 30,207,  2, -1, -1,  1,  0,  0,  0,  0,  3,  0,  2,  3,  0,  0,  6,  3,
  12, 24, 24,  3]
[ 31,210,  1, -1, -1,  0,  2,  0,  0,  1,  0,  0,  2,  0,  3,  0,  6,  6,
  12, 24, 24,  2]
[ 32,291,  2, -1, -1,  0,  0,  2,  0,  0,  1,  0,  2,  1,  0,  3,  6,  0,
   6, 12, 48,  2]
[ 33,291,  1, -1, -1,  2,  0,  0,  2,  0,  0,  1,  2,  0,  1,  3,  6,  0,
   6, 12, 48,  2]
[ 34,294,  3, -1, -1,  0,  2,  0,  2,  1,  0,  0,  3,  0,  1,  3,  6,  0,
   6, 12, 48,  3]
[ 35,297,  2, -1, -1,  3,  0,  0,  2,  0,  2,  0,  3,  1,  1,  3,  6,  0,
   6, 12, 48,  3]
[ 36,300,  3, -1, -1,  2,  0,  0,  2,  3,  0,  0,  3,  0,  3,  3,  6,  1,
   6, 12, 48,  2]
[ 37,306,  3, -1, -1,  3,  2,  0,  2,  0,  3,  0,  3,  0,  0,  6,  6,  1,
   6, 12, 48,  3]
[ 38,309,  1, -1, -1,  0,  3,  0,  2,  3,  2,  0,  3,  0,  3,  6,  6,  1,
   6, 12, 48,  2]
[ 39,318,  1, -1, -1,  0,  0,  3,  2,  1,  3,  2,  3,  0,  0,  3, 12,  1,
   6, 12, 48,  3]
[ 40,318,  2, -1, -1,  1,  0,  3,  2,  0,  0,  2,  3,  1,  3,  3, 12,  1,
   6, 12, 48,  2]
[ 41,321,  2, -1, -1,  2,  1,  3,  2,  0,  0,  2,  3,  0,  1,  6, 12,  1,
   6, 12, 48,  3]
[ 42,321,  3, -1, -1,  2,  0,  3,  2,  2,  1,  2,  3,  0,  1,  6, 12,  1,
   6, 12, 48,  2]
[ 43,327,  1, -1, -1,  3,  2,  3,  2,  0,  2,  3,  3,  0,  1,  6, 12,  1,
   6, 12, 48,  3]
[ 44,333,  3, -1, -1,  0,  0,  1,  2,  3,  2,  6,  3,  0,  3,  6, 12,  1,
   6, 12, 48,  3]
[ 45,345,  3, -1, -1,  0,  0,  3,  2,  0,  2,  1,  3,  3,  3, 12, 12,  1,
   6, 12, 48,  2]
[ 46,378,  3, -1, -1,  0,  0,  3,  2,  3,  0,  3,  3,  0,  3,  3, 24,  1,
   6, 12, 48,  3]
[ 47,384,  2, -1, -1,  0,  0,  3,  2,  0,  0,  3,  3,  3,  3,  6, 24,  1,
   6, 12, 48,  2]
[ 48,390,  1, -1, -1,  0,  0,  3,  2,  0,  0,  0,  6,  2,  6,  6, 24,  1,
   6, 12, 48,  3]
[ 49,402,  1, -1, -1,  1,  0,  0,  2,  0,  0,  3,  6,  0,  0,  6, 24,  3,
  12, 12, 48,  2]
[ 50,429,  2, -1, -1,  1,  1,  0,  2,  0,  0,  3,  6,  0,  0,  6, 24,  0,
   3, 24, 48,  2]
[ 51,429,  3, -1, -1,  2,  1,  1,  2,  0,  0,  3,  6,  0,  0,  6, 24,  0,
   3, 24, 48,  2]
[ 52,435,  2, -1, -1,  3,  2,  1,  3,  0,  0,  3,  6,  0,  0,  6, 24,  0,
   3, 24, 48,  2]
[ 53,438,  1, -1, -1,  2,  3,  3,  3,  0,  0,  3,  6,  0,  0,  6, 24,  0,
   3, 24, 48,  2]
[ 54,441,  1, -1, -1,  1,  2,  3,  6,  0,  0,  3,  6,  0,  0,  6, 24,  0,
   3, 24, 48,  3]
[ 55,453,  2, -1, -1,  0,  1,  0,  0,  1,  2,  6, 12,  0,  0,  6, 24,  0,
   3, 24, 48,  2]
[ 56,456,  1, -1, -1,  0,  0,  1,  0,  2,  3,  6, 12,  0,  0,  6, 24,  0,
   3, 24, 48,  3]
[ 57,465,  3, -1, -1,  0,  0,  1,  0,  0,  0,  1, 12,  2,  3, 12, 24,  0,
   3, 24, 48,  3]
[ 58,471,  3, -1, -1,  3,  0,  1,  0,  0,  0,  1, 12,  0,  0, 12, 24,  2,
   6, 24, 48,  0]
[ 59,474,  1, -1, -1,  3,  1,  0,  0,  0,  1, 12,  3,  0, 12, 24,  0,  2,
   6, 24, 48,  3]
[ 60,555,  2, -1, -1,  0,  1,  1,  0,  3,  1,  0,  0,  0, 12, 12,  3,  2,
   6, 48, 48,  2]
[ 61,825,  2, -1, -1,  0,  0,  1,  1,  2,  3,  1,  0,  0,  0, 24,  3,  0,
   2,  6, 96,  3]
[ 62,825,  6, 12, -1,  0,  2,  1,  0,  0,  0,  1,  1,  2,  3, 24,  3,  0,
   2,  6, 96,  2]
[ 63,834,  3, -1, -1,  6,  0,  2,  1,  0,  0,  1,  1,  2,  3, 24,  3,  0,
   2,  6, 96,  3]
[ 64,840,  3, -1, -1,  0,  0,  3,  1,  6,  0,  3,  1,  0,  3, 24,  3,  2,
   2,  6, 96,  3]
[ 65,846,  2, -1, -1,  3,  0,  0,  1,  0,  0,  6,  1,  6,  3, 24,  3,  2,
   2,  6, 96,  0]
[ 66,846,  1, -1, -1,  3,  0,  1,  0,  0,  6,  1,  2,  6,  3, 24,  3,  2,
   2,  6, 96,  2]
[ 67,849,  1, -1, -1,  0,  3,  0,  1,  1,  0,  6,  3,  6,  3, 24,  3,  2,
   2,  6, 96,  3]
[ 68,852,  3, -1, -1,  0,  1,  0,  0,  1,  3,  6,  1,  6,  3, 24,  6,  2,
   2,  6, 96,  3]
[ 69,858,  2, -1, -1,  0,  3,  0,  0,  1,  1,  6,  1,  6,  6, 24,  6,  2,
   2,  6, 96,  2]
[ 70,867,  2, -1, -1,  2,  0,  3,  0,  1,  1,  6,  1,  0, 12, 24,  6,  2,
   2,  6, 96,  3]
[ 71,867,  3, -1, -1,  2,  0,  3,  0,  2,  1,  6,  1,  1, 12, 24,  6,  2,
   2,  6, 96,  2]
[ 72,873,  1, -1, -1,  0,  2,  0,  3,  3,  3,  6,  1,  1, 12, 24,  6,  2,
   2,  6, 96,  3]
[ 73,876,  2, -1, -1,  1,  2,  0,  3,  0,  3,  6,  1,  3, 12, 24,  6,  3,
   2,  6, 96,  0]
[ 74,879,  6, 12, -1,  3,  0,  3,  2,  3,  6,  1,  0,  3, 12, 24,  6,  3,
   2,  6, 96,  3]
[ 75,891,  1, -1, -1,  0,  0,  3,  6,  3,  6,  1,  2,  3, 12, 24,  6,  6,
   2,  6, 96,  2]
[ 76,894,  3, -1, -1,  0,  0,  3,  6,  1,  3,  6,  3,  3, 12, 24,  6,  6,
   2,  6, 96,  0]
[ 77,897,  1, -1, -1,  0,  3,  6,  3,  1,  3,  6,  3,  3, 12, 24,  6,  6,
   2,  6, 96,  3]
[ 78,912,  1, -1, -1,  0,  0,  0,  1,  1,  6, 12,  6,  3, 12, 24,  6,  6,
   2,  6, 96,  3]
[ 79,921,  1, -1, -1,  0,  0,  0,  1,  1,  6, 12,  1,  3, 12, 24, 12,  6,
   2,  6, 96,  1]
[ 80,921,  3, -1, -1,  1,  6, 12,  1,  3, 12, 24,  1,  6,  2,  6, 12,  1,
   0,  0, 96,  3]
[ 81,924,  2, -1, -1,  1,  3,  0,  1,  3,  6, 12,  1,  6, 12, 24, 12,  1,
   2,  6, 96,  2]
[ 82,927,  2, -1, -1,  0,  1,  3,  1,  3,  6, 12,  1,  6, 12, 24, 12,  2,
   3,  6, 96,  0]
[ 83,927,  2, -1, -1,  1,  3,  1,  2,  3,  6, 12,  1,  6, 12, 24, 12,  2,
   3,  6, 96,  3]
[ 84,930,  1, -1, -1,  1,  3,  1,  2,  3,  6, 12,  3,  6, 12, 24, 12,  2,
   3,  6, 96,  2]
[ 85,933,  3, -1, -1,  1,  1,  3,  3,  3,  6, 12,  3,  6, 12, 24, 12,  2,
   3,  6, 96,  3]
[ 86,939,  2, -1, -1,  1,  1,  3,  3,  3,  6, 12,  6,  6, 12, 24, 12,  2,
   3,  6, 96,  2]
[ 87,942,  3, -1, -1,  2,  1,  1,  6,  3,  6, 12,  6,  6, 12, 24, 12,  2,
   3,  6, 96,  3]
[ 88,954,  3, -1, -1,  2,  1,  1,  3,  3,  6, 12, 12,  6, 12, 24, 12,  2,
   3,  6, 96,  3]
[ 89,984,  2, -1, -1,  2,  1,  1,  3,  3,  6, 12,  3,  6, 12, 24, 24,  2,
   3,  6, 96,  2]
[  90,1068,   1,  -1,  -1,   2,   3,   1,   3,   3,   6,  12,   3,   0,
    6,  12,  48,   2,   3,   6,  96,   3]
[  91,1107,   3,  -1,  -1,   0,   1,   0,   0,   2,   3,   1,   6,   3,
   12,  24,  48,   2,   3,   6,  96,   0]
[  92,1110,   2,  -1,  -1,   1,   0,   0,   3,   2,   3,   1,   6,   3,
   12,  24,  48,   2,   3,   6,  96,   3]
[  93,1113,   3,  -1,  -1,   2,   0,   0,   3,   3,   3,   1,   6,   3,
   12,  24,  48,   2,   3,   6,  96,   2]
[  94,1119,   1,  -1,  -1,   0,   2,   0,   3,   3,   6,   1,   6,   3,
   12,  24,  48,   2,   3,   6,  96,   2]
[  95,1119,   3,  -1,  -1,   1,   0,   2,   3,   3,   6,   1,   6,   3,
   12,  24,  48,   2,   3,   6,  96,   3]
[  96,1128,   2,  -1,  -1,   0,   0,   3,   3,   1,   6,   3,   6,   6,
   12,  24,  48,   2,   3,   6,  96,   3]
[  97,1131,   2,  -1,  -1,   0,   0,   2,   3,   1,   6,   6,   6,   6,
   12,  24,  48,   2,   3,   6,  96,   2]
[  98,1140,   1,  -1,  -1,   0,   0,   2,   3,   2,   1,   6,  12,   6,
   12,  24,  48,   2,   3,   6,  96,   2]
[  99,1143,   1,  -1,  -1,   0,   0,   2,   3,   1,   3,   6,  12,   6,
   12,  24,  48,   2,   3,   6,  96,   0]
[ 100,1143,   3,  -1,  -1,   0,   2,   3,   1,   1,   3,   6,  12,   6,
   12,  24,  48,   2,   3,   6,  96,   0]
[ 101,1146,   3,  -1,  -1,   2,   3,   1,   3,   1,   3,   6,  12,   6,
   12,  24,  48,   2,   3,   6,  96,   3]
[ 102,1155,   3,  -1,  -1,   0,   3,   1,   3,   3,   6,   6,  12,   6,
   12,  24,  48,   2,   3,   6,  96,   0]
[ 103,1167,   3,  -1,  -1,   3,   1,   3,   3,   3,  12,  12,   0,   6,
   12,  24,  48,   2,   3,   6,  96,   3]
[ 104,1200,   1,  -1,  -1,   0,   3,   3,   0,   6,   1,  12,   3,   6,
   24,  24,  48,   2,   3,   6,  96,   2]
[ 105,1281,   2,  -1,  -1,   0,   0,   3,   3,   6,   1,  12,   3,   1,
    6,  48,  48,   2,   3,   6,  96,   2]
[ 106,1527,   1,  -1,  -1,   2,   0,   0,   6,   6,   1,  12,   3,   0,
    1,   6,  96,   2,   3,   6,  96,   3]
[ 107,2265,   2,  -1,  -1,   0,   0,   1,   0,   2,   1,   0,   6,   6,
    1,  12,   3,   2,   3,  12, 192,   2]
[ 108,2265,   1,  -1,  -1,   2,   0,   0,   1,   0,   2,   1,   6,   6,
    1,  12,   3,   2,   3,  12, 192,   2]
[ 109,2268,   1,  -1,  -1,   0,   2,   0,   1,   1,   0,   3,   6,   6,
    1,  12,   3,   2,   3,  12, 192,   3]
[ 110,2295,   2,  -1,  -1,   0,   0,   1,   1,   1,   2,   0,   6,   6,
    1,   3,   3,   2,   3,  24, 192,   3]
[ 111,2298,   3,  -1,  -1,   0,   2,   0,   1,   1,   0,   1,   6,   6,
    3,   3,   3,   2,   3,  24, 192,   2]
[ 112,2304,   2,  -1,  -1,   0,   0,   2,   1,   3,   1,   1,   6,   0,
    6,   3,   6,   2,   3,  24, 192,   3]
[ 113,2316,   2,  -1,  -1,   2,   0,   0,   0,   0,   1,   3,   1,   3,
    6,   3,  12,   2,   3,  24, 192,   3]
[ 114,2319,   1,  -1,  -1,   0,   0,   2,   0,   2,   1,   0,   1,   3,
    6,   6,  12,   2,   3,  24, 192,   2]
[ 115,2328,   2,  -1,  -1,   0,   0,   0,   2,   0,   2,   1,   1,   1,
    3,  12,  12,   2,   3,  24, 192,   3]
[ 116,2337,   2,  -1,  -1,   2,   0,   0,   0,   0,   0,   1,   3,   0,
    2,  12,  12,   3,   6,  24, 192,   2]
[ 117,2364,   2,  -1,  -1,   0,   2,   0,   0,   0,   0,   1,   3,   2,
    0,   2,  24,   3,   6,  24, 192,   2]
[ 118,2364,   1,  -1,  -1,   2,   0,   2,   0,   0,   0,   1,   3,   0,
    2,   2,  24,   3,   6,  24, 192,   3]
[ 119,2367,   3,  -1,  -1,   1,   0,   0,   0,   2,   0,   2,   3,   0,
    2,   3,  24,   3,   6,  24, 192,   3]
[ 120,2370,   3,  -1,  -1,   3,   0,   0,   0,   1,   0,   2,   3,   2,
    2,   3,  24,   3,   6,  24, 192,   2]
[ 121,2373,   1,  -1,  -1,   0,   3,   0,   0,   3,   1,   2,   3,   2,
    2,   3,  24,   3,   6,  24, 192,   3]
[ 122,2376,   1,  -1,  -1,   0,   1,   0,   0,   3,   3,   2,   3,   2,
    3,   3,  24,   3,   6,  24, 192,   2]
[ 123,2382,   3,  -1,  -1,   0,   0,   1,   0,   0,   6,   2,   3,   1,
    2,   6,  24,   3,   6,  24, 192,   3]
[ 124,2388,   3,  -1,  -1,   0,   0,   3,   0,   0,   6,   3,   3,   1,
    2,   6,  24,   3,   6,  24, 192,   2]
[ 125,2397,   1,  -1,  -1,   0,   0,   0,   3,   3,   0,   6,   6,   0,
    3,   6,  24,   3,   6,  24, 192,   3]
[ 126,2406,   1,  -1,  -1,   1,   0,   0,   3,   0,   0,   0,   6,   3,
    3,  12,  24,   3,   6,  24, 192,   2]
[ 127,2409,   3,  -1,  -1,   0,   1,   0,   3,   0,   0,   0,   6,   1,
    6,  12,  24,   3,   6,  24, 192,   3]
[ 128,2421,   1,  -1,  -1,   0,   3,   0,   3,   0,   1,   0,   6,   1,
    0,  12,  24,   3,  12,  24, 192,   2]
[ 129,2421,   3,  -1,  -1,   0,   0,   3,   3,   1,   0,   1,   6,   0,
    1,  12,  24,   3,  12,  24, 192,   2]
[ 130,2427,   3,  -1,  -1,   3,   0,   0,   6,   0,   1,   1,   6,   0,
    1,  12,  24,   3,  12,  24, 192,   3]
[ 131,2439,   2,  -1,  -1,   0,   0,   0,   3,   3,   1,   1,  12,   0,
    1,  12,  24,   3,  12,  24, 192,   3]
[ 132,2439,   2,  -1,  -1,   2,   0,   0,   3,   0,   1,   1,  12,   3,
    1,  12,  24,   3,  12,  24, 192,   3]
[ 133,2442,   1,  -1,  -1,   2,   0,   0,   3,   2,   1,   1,  12,   0,
    1,  12,  24,   6,  12,  24, 192,   3]
[ 134,2442,   2,  -1,  -1,   1,   0,   0,   3,   2,   1,   1,  12,   2,
    1,  12,  24,   6,  12,  24, 192,   2]
[ 135,2448,   3,  -1,  -1,   2,   1,   0,   3,   0,   3,   1,  12,   0,
    3,  12,  24,   6,  12,  24, 192,   2]
[ 136,2451,   2,  -1,  -1,   3,   2,   1,   3,   0,   3,   1,  12,   0,
    3,  12,  24,   6,  12,  24, 192,   2]
[ 137,2454,   1,  -1,  -1,   2,   3,   3,   3,   0,   3,   1,  12,   0,
    3,  12,  24,   6,  12,  24, 192,   2]
[ 138,2457,   1,  -1,  -1,   1,   2,   3,   6,   0,   3,   1,  12,   0,
    3,  12,  24,   6,  12,  24, 192,   3]
[ 139,2460,   3,  -1,  -1,   0,   1,   3,   6,   1,   2,   1,  12,   0,
    6,  12,  24,   6,  12,  24, 192,   2]
[ 140,2466,   2,  -1,  -1,   0,   1,   3,   6,   3,   1,   3,  12,   0,
    6,  12,  24,   6,  12,  24, 192,   3]
[ 141,2469,   2,  -1,  -1,   2,   1,   0,   6,   0,   1,   6,  12,   3,
    6,  12,  24,   6,  12,  24, 192,   3]
[ 142,2469,   3,  -1,  -1,   2,   1,   0,   6,   2,   1,   6,  12,   3,
    6,  12,  24,   6,  12,  24, 192,   2]
[ 143,2475,   3,  -1,  -1,   3,   2,   1,   6,   0,   3,   6,  12,   3,
    6,  12,  24,   6,  12,  24, 192,   2]
[ 144,2481,   1,  -1,  -1,   3,   3,   3,   6,   0,   3,   6,  12,   3,
    6,  12,  24,   6,  12,  24, 192,   2]
[ 145,2484,   2,  -1,  -1,   1,   3,   6,   6,   0,   3,   6,  12,   3,
    6,  12,  24,   6,  12,  24, 192,   3]
[ 146,2496,   3,  -1,  -1,   0,   2,   0,   6,   1,   6,  12,  12,   3,
    6,  12,  24,   6,  12,  24, 192,   3]
[ 147,2535,   2,  -1,  -1,   0,   0,   3,   6,   1,   2,   0,  12,   3,
   12,  24,  24,   6,  12,  24, 192,   2]
[ 148,2616,   6,  12,  24,   0,   0,   3,   6,   0,   1,   2,  12,   2,
    3,  12,  48,   6,  12,  24, 192,   2]
[ 149,2700,   1,  -1,  -1,   0,   0,   3,   6,  24,   0,   3,  12,   2,
    3,  12,  48,   6,  12,  24, 192,   3]
[ 150,2703,   1,  -1,  -1,   0,   0,   1,   6,  24,   0,   6,  12,   2,
    3,  12,  48,   6,  12,  24, 192,   2]
[ 151,2703,   2,  -1,  -1,   0,   0,   1,   6,   1,  24,   6,  12,   2,
    3,  12,  48,   6,  12,  24, 192,   3]
[ 152,2706,   3,  -1,  -1,   2,   0,   1,   6,   0,  24,   6,  12,   3,
    3,  12,  48,   6,  12,  24, 192,   2]
[ 153,2712,   2,  -1,  -1,   3,   2,   1,   6,   0,  24,   6,  12,   0,
    6,  12,  48,   6,  12,  24, 192,   2]
[ 154,2715,   3,  -1,  -1,   2,   3,   3,   6,   0,  24,   6,  12,   0,
    6,  12,  48,   6,  12,  24, 192,   2]
[ 155,2721,   3,  -1,  -1,   3,   2,   6,   6,   0,  24,   6,  12,   0,
    6,  12,  48,   6,  12,  24, 192,   3]
[ 156,2733,   3,  -1,  -1,   0,   2,   3,   6,   3,  24,  12,  12,   0,
    6,  12,  48,   6,  12,  24, 192,   2]
[ 157,2763,   2,  -1,  -1,   0,   2,   3,   6,   3,   3,  24,  24,   0,
    6,  12,  48,   6,  12,  24, 192,   2]
[ 158,2844,   1,  -1,  -1,   0,   2,   3,   6,   2,   3,   3,  48,   0,
    6,  12,  48,   6,  12,  24, 192,   3]
[ 159,3090,   2,  -1,  -1,   0,   2,   0,   1,   0,   3,   6,   6,   2,
    6,  12,  96,   6,  12,  24, 192,   2]
[ 160,3099,   1,  -1,  -1,   0,   0,   2,   1,   2,   0,   3,  12,   2,
    6,  12,  96,   6,  12,  24, 192,   2]
[ 161,3102,   1,  -1,  -1,   0,   0,   0,   3,   1,   2,   3,  12,   2,
    6,  12,  96,   6,  12,  24, 192,   2]
[ 162,3105,   3,  -1,  -1,   0,   0,   0,   3,   1,   3,   3,  12,   2,
    6,  12,  96,   6,  12,  24, 192,   3]
[ 163,3111,   6,  12,  24,   3,   0,   0,   3,   0,   3,   3,  12,   3,
    6,  12,  96,   6,  12,  24, 192,   0]
[ 164,3120,   2,  -1,  -1,   3,   0,   3,   0,   3,   3,  12,   6,   3,
    6,  12,  96,   6,  12,  24, 192,   2]
[ 165,3123,   1,  -1,  -1,   0,   3,   0,   3,   2,   6,  12,   6,   3,
    6,  12,  96,   6,  12,  24, 192,   3]
[ 166,3159,   1,  -1,  -1,   0,   1,   0,   3,   2,   3,   0,   6,   3,
   12,  24,  96,   6,  12,  24, 192,   2]
[ 167,3159,   2,  -1,  -1,   0,   0,   1,   3,   1,   2,   3,   6,   3,
   12,  24,  96,   6,  12,  24, 192,   2]
[ 168,3162,   3,  -1,  -1,   0,   0,   1,   3,   2,   3,   3,   6,   3,
   12,  24,  96,   6,  12,  24, 192,   2]
[ 169,3168,   2,  -1,  -1,   0,   0,   1,   3,   3,   2,   6,   6,   3,
   12,  24,  96,   6,  12,  24, 192,   2]
[ 170,3177,   3,  -1,  -1,   0,   0,   1,   3,   2,   3,   2,  12,   3,
   12,  24,  96,   6,  12,  24, 192,   3]
[ 171,3288,   2,  -1,  -1,   0,   3,   0,   3,   2,   0,   1,  12,   3,
    3,   2,  96,   6,  24,  48, 192,   3]
[ 172,3291,   1,  -1,  -1,   0,   2,   0,   3,   2,   3,   0,  12,   3,
    3,   3,  96,   6,  24,  48, 192,   2]
[ 173,3294,   1,  -1,  -1,   0,   0,   2,   3,   0,   2,   3,  12,   1,
    3,   6,  96,   6,  24,  48, 192,   0]
[ 174,3294,   3,  -1,  -1,   0,   2,   3,   1,   2,   3,  12,   0,   1,
    3,   6,  96,   6,  24,  48, 192,   3]
[ 175,3303,   1,  -1,  -1,   0,   0,   3,   3,   0,   2,  12,   1,   3,
    6,   6,  96,   6,  24,  48, 192,   2]
[ 176,3315,   1,  -1,  -1,   0,   0,   0,   6,   0,   2,  12,   1,   1,
    3,  12,  96,   6,  24,  48, 192,   3]
[ 177,3342,   3,  -1,  -1,   0,   0,   1,   6,   0,   2,   0,   1,   1,
    3,  24,  96,   6,  24,  48, 192,   2]
[ 178,3345,   6,  12,  24,   0,   0,   1,   6,   3,   0,   2,   1,   1,
    3,  24,  96,   6,  24,  48, 192,   2]
[ 179,3429,   2,  -1,  -1,   0,   0,   1,   6,  24,   3,   0,   3,   1,
    3,  24,  96,   6,  24,  48, 192,   3]
[ 180,3432,   2,  -1,  -1,   0,   0,   2,   6,  24,   0,   1,   3,   1,
    6,  24,  96,   6,  24,  48, 192,   2]
[ 181,3432,   3,  -1,  -1,   0,   0,   2,   6,   2,  24,   1,   3,   1,
    6,  24,  96,   6,  24,  48, 192,   3]
[ 182,3441,   2,  -1,  -1,   3,   0,   0,   6,   0,  24,   3,   3,   3,
    6,  24,  96,   6,  24,  48, 192,   2]
[ 183,3444,   3,  -1,  -1,   2,   3,   0,   6,   0,   0,  24,   6,   3,
    6,  24,  96,   6,  24,  48, 192,   3]
[ 184,3537,   1,  -1,  -1,   3,   0,   0,   0,   2,   3,   0,  12,   3,
    6,  48,  96,   6,  24,  48, 192,   2]
[ 185,3537,   1,  -1,  -1,   1,   3,   0,   0,   0,   2,   3,  12,   3,
    6,  48,  96,   6,  24,  48, 192,   3]
[ 186,3780,   3,  -1,  -1,   1,   3,   0,   0,   1,   2,   0,  12,   3,
    6,   3,  96,   6,  24,  96, 192,   2]
[ 187,3783,   2,  -1,  -1,   3,   1,   3,   0,   0,   1,   2,  12,   3,
    6,   3,  96,   6,  24,  96, 192,   2]
[ 188,3786,   1,  -1,  -1,   2,   3,   1,   3,   0,   0,   3,  12,   3,
    6,   3,  96,   6,  24,  96, 192,   3]
[ 189,3789,   1,  -1,  -1,   0,   1,   0,   3,   2,   3,   1,  12,   3,
    6,   6,  96,   6,  24,  96, 192,   2]
[ 190,3798,   3,  -1,  -1,   0,   0,   1,   3,   2,   3,   1,  12,   1,
    3,  12,  96,   6,  24,  96, 192,   3]
[ 191,3807,   6,  12,  24,   3,   0,   1,   3,   0,   0,   1,  12,   3,
    6,  12,  96,   6,  24,  96, 192,   3]
[ 192,3888,   3,  -1,  -1,  24,   0,   1,   3,   3,   0,   1,  12,   3,
    6,  12,  96,   6,  24,  96, 192,   3]
[ 193,3894,   6,  12,  24,   3,   0,   1,   3,  24,   0,   1,  12,   6,
    6,  12,  96,   6,  24,  96, 192,   2]
[ 194,3930,   2,  -1,  -1,   0,   3,   1,   3,   0,  24,   1,  12,  12,
   12,  12,  96,   6,  24,  96, 192,   2]
[ 195,3957,   1,  -1,  -1,   0,   3,   1,   3,   0,  24,   1,  12,   2,
   12,  24,  96,   6,  24,  96, 192,   1]
[ 196,3957,   1,  -1,  -1,   0,   3,   1,   3,   2,  24,   1,  12,   6,
   12,  24,  96,   1,  24,  96, 192,   1]
