1515862317
[ 0, 3, 3,-1,-1, 2, 2, 1, 1, 0, 1, 1, 0, 2, 0, 0, 2, 0, 0, 0, 3, 3]
[ 1, 6, 3,-1,-1, 0, 3, 0, 0, 2, 2, 1, 1, 0, 1, 1, 2, 2, 0, 0, 3, 3]
[ 2,12, 3,-1,-1, 0, 3, 0, 0, 0, 3, 0, 0, 2, 2, 1, 3, 2, 1, 1, 3, 2]
[ 3,21, 2,-1,-1, 0, 0, 3, 0, 3, 0, 3, 0, 0, 2, 3, 3, 0, 3, 1, 3, 2]
[ 4,24, 1,-1,-1, 2, 0, 0, 3, 0, 3, 0, 3, 0, 0, 2, 6, 0, 3, 1, 3, 3]
[ 5,30, 3,-1,-1, 0, 0, 1, 0, 2, 0, 0, 6, 0, 3, 0, 6, 0, 3, 3, 3, 2]
[ 6,36, 1,-1,-1, 0, 0, 0, 1, 0, 2, 0, 6, 3, 0, 3, 6, 0, 0, 3, 6, 3]
[ 7,48, 3,-1,-1, 0, 0, 1, 0, 0, 0, 0, 1, 0, 2, 0, 6, 3, 0, 6,12, 2]
[ 8,51, 2,-1,-1, 3, 0, 0, 1, 0, 0, 0, 1, 0, 0, 2, 6, 0, 3, 6,12, 3]
[ 9,51, 2,-1,-1, 2, 0, 0, 1, 3, 0, 0, 1, 0, 0, 2, 6, 0, 3, 6,12, 3]
[10,51, 3,-1,-1, 2, 0, 0, 1, 2, 0, 0, 1, 3, 0, 2, 6, 0, 3, 6,12, 2]
[11,54, 3,-1,-1, 0, 2, 0, 1, 3, 2, 0, 1, 0, 3, 2, 6, 0, 3, 6,12, 2]
[12,57, 1,-1,-1, 0, 0, 2, 1, 3, 3, 2, 1, 0, 3, 2, 6, 0, 3, 6,12, 2]
[13,63, 1,-1,-1, 0, 0, 0, 3, 1, 3, 3, 3, 0, 3, 2, 6, 0, 3, 6,12, 2]
[14,66, 2,-1,-1, 0, 0, 0, 3, 1, 1, 3, 6, 0, 3, 2, 6, 0, 3, 6,12, 3]
[15,78, 2,-1,-1, 2, 0, 0, 0, 0, 0, 3, 3, 1, 1, 2,12, 0, 6, 6,12, 2]
[16,93, 1,-1,-1, 0, 2, 0, 0, 2, 0, 0, 6, 0, 1, 3,12, 0, 0,12,12, 3]
[ 17,120,  1, -1, -1,  1,  0,  0,  0,  0,  2,  0,  0,  2,  0,  3,  6,  0,
   1, 12, 24,  3]
[ 18,120,  3, -1, -1,  1,  0,  0,  0,  1,  0,  0,  0,  0,  2,  3,  6,  2,
   1, 12, 24,  3]
[ 19,126,  3, -1, -1,  3,  0,  0,  0,  1,  0,  0,  0,  1,  0,  3,  6,  2,
   3, 12, 24,  3]
[ 20,132,  1, -1, -1,  3,  0,  0,  0,  3,  0,  0,  0,  1,  0,  3,  6,  3,
   3, 12, 24,  2]
[ 21,135,  3, -1, -1,  1,  3,  0,  0,  0,  3,  0,  0,  0,  1,  3,  6,  0,
   6, 12, 24,  2]
[ 22,138,  2, -1, -1,  3,  1,  3,  0,  0,  0,  3,  0,  0,  1,  3,  6,  0,
   6, 12, 24,  3]
[ 23,141,  1, -1, -1,  0,  0,  2,  0,  3,  1,  3,  0,  0,  1,  6,  6,  0,
   6, 12, 24,  2]
[ 24,150,  2, -1, -1,  1,  0,  0,  2,  0,  3,  1,  3,  0,  0,  1, 12,  0,
   6, 12, 24,  3]
[ 25,150,  2, -1, -1,  0,  2,  0,  2,  1,  0,  1,  3,  0,  3,  1, 12,  0,
   6, 12, 24,  2]
[ 26,150,  3, -1, -1,  2,  0,  2,  2,  0,  1,  1,  3,  0,  3,  1, 12,  0,
   6, 12, 24,  3]
[ 27,156,  2, -1, -1,  0,  0,  3,  2,  2,  1,  3,  3,  0,  3,  1, 12,  0,
   6, 12, 24,  2]
[ 28,159,  2, -1, -1,  0,  0,  3,  2,  2,  2,  1,  6,  0,  3,  1, 12,  0,
   6, 12, 24,  2]
[ 29,162,  1, -1, -1,  0,  0,  3,  2,  2,  2,  3,  6,  0,  3,  1, 12,  0,
   6, 12, 24,  3]
[ 30,165,  2, -1, -1,  1,  0,  0,  2,  0,  2,  6,  6,  2,  3,  1, 12,  0,
   6, 12, 24,  2]
[ 31,174,  3, -1, -1,  2,  1,  0,  2,  0,  0,  2, 12,  2,  3,  1, 12,  0,
   6, 12, 24,  3]
[ 32,207,  1, -1, -1,  3,  0,  0,  0,  2,  1,  0,  2,  0,  3,  3, 24,  2,
   6, 12, 24,  2]
[ 33,210,  2, -1, -1,  0,  3,  0,  0,  1,  2,  1,  2,  0,  0,  6, 24,  2,
   6, 12, 24,  2]
[ 34,213,  3, -1, -1,  2,  0,  3,  0,  0,  1,  2,  3,  0,  0,  6, 24,  2,
   6, 12, 24,  2]
[ 35,219,  3, -1, -1,  3,  2,  0,  3,  0,  0,  3,  3,  0,  0,  6, 24,  2,
   6, 12, 24,  3]
[ 36,303,  3, -1, -1,  0,  0,  0,  3,  3,  2,  3,  3,  0,  0,  6,  3,  2,
   6, 12, 48,  2]
[ 37,309,  1, -1, -1,  0,  0,  0,  3,  3,  3,  2,  6,  0,  0,  6,  3,  2,
   6, 12, 48,  3]
[ 38,309,  1, -1, -1,  1,  0,  0,  3,  0,  0,  2,  6,  3,  3,  6,  3,  2,
   6, 12, 48,  2]
[ 39,312,  1, -1, -1,  0,  1,  0,  3,  0,  0,  2,  6,  1,  6,  6,  3,  2,
   6, 12, 48,  2]
[ 40,321,  1, -1, -1,  1,  0,  1,  3,  0,  0,  2,  6,  0,  1, 12,  3,  2,
   6, 12, 48,  3]
[ 41,348,  1, -1, -1,  1,  0,  0,  3,  1,  0,  1,  6,  0,  1,  2,  3,  2,
   6, 24, 48,  2]
[ 42,351,  1, -1, -1,  1,  1,  0,  3,  0,  1,  1,  6,  0,  0,  3,  3,  2,
   6, 24, 48,  3]
[ 43,351,  2, -1, -1,  1,  0,  0,  3,  1,  1,  1,  6,  0,  1,  3,  3,  2,
   6, 24, 48,  3]
[ 44,351,  2, -1, -1,  2,  0,  0,  3,  1,  1,  1,  6,  1,  1,  3,  3,  2,
   6, 24, 48,  3]
[ 45,354,  3, -1, -1,  2,  0,  0,  3,  2,  1,  1,  6,  1,  1,  3,  3,  3,
   6, 24, 48,  3]
[ 46,360,  3, -1, -1,  3,  0,  0,  3,  2,  1,  1,  6,  3,  1,  3,  3,  3,
   6, 24, 48,  3]
[ 47,366,  2, -1, -1,  3,  0,  0,  3,  3,  1,  1,  6,  2,  1,  3,  3,  6,
   6, 24, 48,  2]
[ 48,378,  3, -1, -1,  2,  3,  0,  3,  3,  1,  1,  6,  0,  2,  1,  6,  0,
  12, 24, 48,  2]
[ 49,384,  3, -1, -1,  0,  2,  3,  3,  3,  1,  1,  6,  3,  0,  3,  6,  0,
  12, 24, 48,  3]
[ 50,396,  2, -1, -1,  3,  0,  3,  0,  0,  2,  1,  3,  3,  1,  3, 12,  3,
  12, 24, 48,  3]
[ 51,402,  2, -1, -1,  2,  0,  3,  0,  3,  0,  1,  3,  0,  3,  3, 12,  6,
  12, 24, 48,  3]
[ 52,402,  1, -1, -1,  2,  0,  3,  0,  2,  0,  1,  3,  3,  3,  3, 12,  6,
  12, 24, 48,  2]
[ 53,405,  3, -1, -1,  1,  2,  0,  3,  0,  2,  1,  3,  0,  3,  6, 12,  6,
  12, 24, 48,  2]
[ 54,411,  2, -1, -1,  0,  1,  2,  3,  3,  0,  3,  3,  0,  3,  6, 12,  6,
  12, 24, 48,  2]
[ 55,417,  1, -1, -1,  2,  0,  3,  3,  0,  3,  0,  6,  0,  3,  6, 12,  6,
  12, 24, 48,  3]
[ 56,420,  3, -1, -1,  0,  0,  1,  3,  2,  0,  3,  6,  0,  6,  6, 12,  6,
  12, 24, 48,  2]
[ 57,432,  2, -1, -1,  0,  0,  1,  3,  3,  2,  3,  6,  0,  0, 12, 12,  6,
  12, 24, 48,  2]
[ 58,459,  2, -1, -1,  0,  0,  1,  3,  3,  2,  3,  6,  2,  0,  0, 24,  6,
  12, 24, 48,  3]
[ 59,459,  1, -1, -1,  0,  0,  2,  3,  3,  0,  1,  6,  2,  2,  3, 24,  6,
  12, 24, 48,  3]
[ 60,462,  3, -1, -1,  0,  0,  1,  3,  3,  0,  3,  6,  2,  2,  3, 24,  6,
  12, 24, 48,  3]
[ 61,468,  1, -1, -1,  0,  0,  3,  3,  3,  0,  1,  6,  2,  2,  6, 24,  6,
  12, 24, 48,  0]
[ 62,468,  3, -1, -1,  0,  3,  3,  0,  3,  1,  6,  1,  2,  2,  6, 24,  6,
  12, 24, 48,  3]
[ 63,483,  1, -1, -1,  0,  3,  0,  0,  3,  3,  3,  1,  2,  3, 12, 24,  6,
  12, 24, 48,  3]
[ 64,486,  1, -1, -1,  0,  1,  0,  0,  3,  3,  3,  1,  2,  6, 12, 24,  6,
  12, 24, 48,  2]
[ 65,489,  2, -1, -1,  1,  0,  1,  0,  0,  3,  6,  1,  2,  6, 12, 24,  6,
  12, 24, 48,  0]
[ 66,489,  3, -1, -1,  1,  1,  0,  2,  3,  6,  1,  0,  2,  6, 12, 24,  6,
  12, 24, 48,  3]
[ 67,501,  1, -1, -1,  1,  3,  0,  0,  3,  1,  1,  2,  2, 12, 12, 24,  6,
  12, 24, 48,  2]
[ 68,531,  1, -1, -1,  0,  1,  3,  0,  1,  3,  1,  3,  0,  2, 24, 24,  6,
  12, 24, 48,  3]
[ 69,612,  3, -1, -1,  1,  1,  0,  0,  0,  3,  3,  3,  1,  2,  1, 24,  6,
  12, 48, 48,  2]
[ 70,864,  2, -1, -1,  0,  1,  1,  0,  0,  0,  3,  6,  3,  1,  3, 24,  0,
   6, 12, 96,  3]
[ 71,867,  2, -1, -1,  0,  2,  0,  0,  0,  1,  1,  6,  0,  1,  6, 24,  3,
   6, 12, 96,  2]
[ 72,867,  3, -1, -1,  2,  0,  2,  0,  0,  1,  1,  6,  0,  1,  6, 24,  3,
   6, 12, 96,  3]
[ 73,873,  2, -1, -1,  0,  0,  3,  0,  2,  1,  3,  6,  0,  1,  6, 24,  3,
   6, 12, 96,  3]
[ 74,876,  3, -1, -1,  0,  0,  2,  0,  0,  1,  6,  6,  2,  1,  6, 24,  3,
   6, 12, 96,  2]
[ 75,891,  1, -1, -1,  0,  0,  0,  2,  0,  0,  1, 12,  3,  3,  6, 24,  3,
   6, 12, 96,  2]
[ 76,894,  1, -1, -1,  0,  0,  0,  2,  0,  0,  1, 12,  1,  6,  6, 24,  3,
   6, 12, 96,  3]
[ 77,903,  2, -1, -1,  0,  1,  0,  2,  0,  0,  1, 12,  1,  0,  6, 24,  3,
  12, 12, 96,  2]
[ 78,930,  3, -1, -1,  2,  0,  1,  2,  0,  0,  1, 12,  0,  1,  6, 24,  0,
   3, 24, 96,  2]
[ 79,936,  1, -1, -1,  3,  2,  0,  3,  0,  0,  1, 12,  0,  1,  6, 24,  0,
   3, 24, 96,  3]
[ 80,936,  2, -1, -1,  1,  0,  0,  3,  3,  2,  1, 12,  0,  1,  6, 24,  0,
   3, 24, 96,  3]
[ 81,939,  3, -1, -1,  2,  0,  0,  3,  1,  0,  1, 12,  3,  3,  6, 24,  0,
   3, 24, 96,  2]
[ 82,945,  3, -1, -1,  0,  2,  0,  3,  0,  1,  1, 12,  3,  6,  6, 24,  0,
   3, 24, 96,  2]
[ 83,957,  2, -1, -1,  0,  0,  2,  3,  0,  1,  1, 12,  3,  3, 12, 24,  0,
   3, 24, 96,  3]
[ 84,963,  2, -1, -1,  0,  2,  0,  3,  0,  0,  3, 12,  0,  1, 12, 24,  3,
   6, 24, 96,  3]
[ 85,963,  3, -1, -1,  0,  2,  0,  3,  0,  2,  3, 12,  0,  1, 12, 24,  3,
   6, 24, 96,  3]
[ 86,969,  1, -1, -1,  0,  3,  0,  3,  0,  2,  3, 12,  0,  3, 12, 24,  3,
   6, 24, 96,  2]
[ 87,969,  1, -1, -1,  1,  0,  3,  3,  0,  2,  3, 12,  0,  3, 12, 24,  3,
   6, 24, 96,  3]
[ 88,972,  2, -1, -1,  0,  0,  1,  3,  1,  2,  6, 12,  0,  3, 12, 24,  3,
   6, 24, 96,  2]
[ 89,975,  1, -1, -1,  0,  0,  1,  3,  2,  3,  6, 12,  0,  3, 12, 24,  3,
   6, 24, 96,  3]
[ 90,978,  2, -1, -1,  1,  0,  1,  3,  0,  0,  6, 12,  2,  6, 12, 24,  3,
   6, 24, 96,  2]
[ 91,978,  3, -1, -1,  2,  1,  1,  3,  0,  0,  6, 12,  2,  6, 12, 24,  3,
   6, 24, 96,  3]
[ 92,990,  1, -1, -1,  0,  3,  1,  3,  2,  1,  6, 12,  2,  0, 12, 24,  3,
  12, 24, 96,  2]
[ 93,993,  2, -1, -1,  0,  3,  1,  3,  0,  3,  6, 12,  1,  2, 12, 24,  3,
  12, 24, 96,  2]
[ 94,996,  3, -1, -1,  0,  3,  1,  3,  0,  3,  6, 12,  2,  3, 12, 24,  3,
  12, 24, 96,  3]
[  95,1002,   3,  -1,  -1,   0,   3,   1,   3,   0,   3,   6,  12,   2,
    6,  12,  24,   3,  12,  24,  96,   3]
[  96,1008,   1,  -1,  -1,   0,   3,   1,   3,   0,   6,   6,  12,   2,
    6,  12,  24,   3,  12,  24,  96,   2]
[  97,1017,   3,  -1,  -1,   0,   3,   1,   3,   1,   0,  12,  12,   2,
    6,  12,  24,   3,  12,  24,  96,   3]
[  98,1050,   2,  -1,  -1,   0,   3,   0,   3,   0,   3,   1,  12,   3,
    6,  24,  24,   3,  12,  24,  96,   3]
[  99,1137,   3,  -1,  -1,   0,   2,   0,   3,   0,   6,   0,  12,   0,
    6,   1,  24,   6,  12,  48,  96,   2]
[ 100,1140,   3,  -1,  -1,   3,   0,   2,   3,   0,   0,   6,  12,   0,
    6,   1,  24,   6,  12,  48,  96,   3]
[ 101,1143,   1,  -1,  -1,   3,   0,   2,   3,   3,   0,   6,  12,   0,
    6,   1,  24,   6,  12,  48,  96,   3]
[ 102,1143,   1,  -1,  -1,   1,   0,   2,   3,   3,   0,   6,  12,   3,
    6,   1,  24,   6,  12,  48,  96,   3]
[ 103,1146,   2,  -1,  -1,   1,   0,   2,   3,   1,   0,   6,  12,   6,
    6,   1,  24,   6,  12,  48,  96,   2]
[ 104,1155,   1,  -1,  -1,   2,   1,   2,   3,   0,   1,   6,  12,   0,
   12,   1,  24,   6,  12,  48,  96,   3]
[ 105,1182,   2,  -1,  -1,   1,   0,   2,   3,   2,   1,   6,  12,   0,
    1,   1,  24,   6,  24,  48,  96,   3]
[ 106,1182,   3,  -1,  -1,   2,   0,   2,   3,   1,   1,   6,  12,   2,
    1,   1,  24,   6,  24,  48,  96,   2]
[ 107,1188,   2,  -1,  -1,   0,   2,   2,   3,   1,   1,   6,  12,   3,
    3,   1,  24,   6,  24,  48,  96,   3]
[ 108,1191,   3,  -1,  -1,   0,   2,   2,   3,   1,   3,   6,  12,   3,
    3,   1,  24,   6,  24,  48,  96,   3]
[ 109,1197,   2,  -1,  -1,   0,   3,   2,   3,   1,   2,   6,  12,   3,
    6,   1,  24,   6,  24,  48,  96,   2]
[ 110,1200,   1,  -1,  -1,   0,   3,   2,   3,   2,   3,   6,  12,   3,
    6,   1,  24,   6,  24,  48,  96,   3]
[ 111,1203,   1,  -1,  -1,   0,   1,   2,   3,   2,   6,   6,  12,   3,
    6,   1,  24,   6,  24,  48,  96,   2]
[ 112,1215,   2,  -1,  -1,   0,   0,   3,   3,   1,   2,  12,  12,   3,
    6,   1,  24,   6,  24,  48,  96,   2]
[ 113,1245,   3,  -1,  -1,   2,   0,   0,   6,   0,   1,   2,  24,   3,
    6,   1,  24,   6,  24,  48,  96,   2]
[ 114,1251,   2,  -1,  -1,   0,   2,   0,   6,   3,   0,   3,  24,   3,
    6,   1,  24,   6,  24,  48,  96,   3]
[ 115,1335,   2,  -1,  -1,   0,   2,   0,   0,   0,   2,   3,   6,   6,
    6,   1,  48,   6,  24,  48,  96,   2]
[ 116,1344,   3,  -1,  -1,   0,   0,   2,   0,   0,   2,   3,   6,   2,
   12,   1,  48,   6,  24,  48,  96,   0]
[ 117,1347,   1,  -1,  -1,   0,   2,   0,   0,   2,   3,   6,   3,   2,
   12,   1,  48,   6,  24,  48,  96,   2]
[ 118,1347,   1,  -1,  -1,   1,   0,   2,   0,   2,   3,   6,   3,   2,
   12,   1,  48,   6,  24,  48,  96,   3]
[ 119,1350,   3,  -1,  -1,   1,   0,   2,   0,   3,   3,   6,   3,   2,
   12,   1,  48,   6,  24,  48,  96,   2]
[ 120,1356,   2,  -1,  -1,   0,   1,   0,   2,   3,   6,   6,   3,   2,
   12,   1,  48,   6,  24,  48,  96,   0]
[ 121,1365,   3,  -1,  -1,   1,   0,   2,   0,   3,  12,   3,   2,   2,
   12,   1,  48,   6,  24,  48,  96,   3]
[ 122,1395,   6,  12,  -1,   1,   3,   2,   0,   3,   0,   3,   2,   2,
   24,   1,  48,   6,  24,  48,  96,   3]
[ 123,1485,   1,  -1,  -1,   1,   6,   2,   0,   3,   3,   3,   2,   2,
    0,   1,  48,   6,  48,  48,  96,   2]
[ 124,1731,   2,  -1,  -1,   0,   1,   6,   2,   0,   3,   6,   2,   1,
    2,   1,  48,   0,   6,  96,  96,   2]
[ 125,2463,   1,  -1,  -1,   0,   1,   6,   2,   0,   3,   6,   2,   2,
    1,   3,  48,   0,   0,   6, 192,   2]
[ 126,2466,   3,  -1,  -1,   0,   1,   6,   2,   0,   3,   6,   2,   1,
    3,   3,  48,   0,   0,   6, 192,   2]
[ 127,2472,   2,  -1,  -1,   0,   1,   6,   2,   0,   3,   6,   2,   3,
    1,   6,  48,   0,   0,   6, 192,   3]
[ 128,2481,   2,  -1,  -1,   0,   2,   0,   2,   0,   1,   6,   2,   0,
    3,   6,  48,   3,   1,  12, 192,   3]
[ 129,2493,   3,  -1,  -1,   0,   0,   2,   2,   0,   3,   0,   2,   0,
    3,  12,  48,   3,   1,  12, 192,   3]
[ 130,2526,   3,  -1,  -1,   0,   3,   0,   2,   0,   0,   2,   2,   0,
    6,   0,  48,   3,   1,  24, 192,   2]
[ 131,2529,   2,  -1,  -1,   3,   0,   3,   2,   0,   0,   2,   2,   0,
    0,   6,  48,   3,   1,  24, 192,   3]
[ 132,2529,   3,  -1,  -1,   2,   0,   3,   2,   3,   0,   2,   2,   0,
    0,   6,  48,   3,   1,  24, 192,   3]
[ 133,2532,   1,  -1,  -1,   3,   0,   3,   2,   2,   0,   2,   2,   3,
    0,   6,  48,   3,   1,  24, 192,   3]
[ 134,2535,   1,  -1,  -1,   1,   0,   3,   2,   3,   0,   2,   2,   2,
    0,   6,  48,   6,   1,  24, 192,   2]
[ 135,2535,   1,  -1,  -1,   0,   1,   3,   2,   0,   3,   2,   2,   1,
    2,   6,  48,   6,   1,  24, 192,   3]
[ 136,2538,   3,  -1,  -1,   0,   1,   3,   2,   0,   1,   2,   2,   1,
    3,   6,  48,   6,   3,  24, 192,   2]
[ 137,2544,   3,  -1,  -1,   0,   1,   3,   2,   3,   0,   3,   2,   1,
    3,   6,  48,   6,   3,  24, 192,   3]
[ 138,2553,   1,  -1,  -1,   0,   3,   0,   2,   3,   1,   6,   2,   1,
    0,   6,  48,   6,   6,  24, 192,   3]
[ 139,2562,   3,  -1,  -1,   0,   1,   0,   2,   3,   3,   0,   2,   1,
    1,  12,  48,   6,   6,  24, 192,   2]
[ 140,2574,   2,  -1,  -1,   3,   0,   1,   2,   0,   3,   3,   2,   1,
    1,  12,  48,   0,  12,  24, 192,   2]
[ 141,2580,   2,  -1,  -1,   0,   3,   0,   3,   2,   0,   6,   2,   1,
    1,  12,  48,   0,  12,  24, 192,   2]
[ 142,2580,   1,  -1,  -1,   0,   0,   3,   3,   2,   2,   6,   2,   1,
    1,  12,  48,   0,  12,  24, 192,   3]
[ 143,2583,   1,  -1,  -1,   1,   0,   3,   3,   0,   0,   6,   2,   2,
    3,  12,  48,   1,  12,  24, 192,   3]
[ 144,2586,   1,  -1,  -1,   1,   0,   3,   3,   1,   0,   6,   2,   0,
    3,  12,  48,   3,  12,  24, 192,   0]
[ 145,2586,   2,  -1,  -1,   1,   3,   3,   1,   1,   6,   2,   0,   3,
   12,  48,   0,   3,  12,  24, 192,   3]
[ 146,2616,   3,  -1,  -1,   0,   2,   3,   0,   1,   3,   2,   1,   1,
    6,  48,   0,   6,  24,  24, 192,   2]
[ 147,2703,   2,  -1,  -1,   0,   0,   2,   3,   0,   1,   3,   3,   0,
    1,   6,  48,   3,   6,  48, 192,   2]
[ 148,2706,   1,  -1,  -1,   0,   0,   2,   3,   2,   0,   1,   6,   0,
    1,   6,  48,   3,   6,  48, 192,   3]
[ 149,2709,   2,  -1,  -1,   0,   0,   1,   3,   0,   0,   3,   6,   2,
    1,   6,  48,   3,   6,  48, 192,   2]
[ 150,2712,   1,  -1,  -1,   0,   0,   1,   3,   0,   0,   3,   6,   2,
    3,   6,  48,   3,   6,  48, 192,   0]
[ 151,2712,   2,  -1,  -1,   0,   1,   3,   0,   0,   3,   6,   1,   2,
    3,   6,  48,   3,   6,  48, 192,   3]
[ 152,2724,   3,  -1,  -1,   0,   2,   0,   0,   0,   1,   3,   1,   2,
    6,  12,  48,   3,   6,  48, 192,   3]
[ 153,2736,   2,  -1,  -1,   0,   3,   0,   0,   0,   2,   3,   1,   2,
    1,  12,  48,   3,  12,  48, 192,   3]
[ 154,2739,   2,  -1,  -1,   0,   2,   0,   0,   0,   3,   3,   1,   2,
    3,  12,  48,   3,  12,  48, 192,   3]
[ 155,2742,   3,  -1,  -1,   0,   2,   0,   0,   0,   2,   3,   1,   2,
    6,  12,  48,   3,  12,  48, 192,   2]
[ 156,2745,   1,  -1,  -1,   3,   0,   2,   0,   0,   2,   3,   1,   2,
    6,  12,  48,   3,  12,  48, 192,   2]
[ 157,2745,   3,  -1,  -1,   1,   3,   0,   2,   0,   2,   3,   1,   2,
    6,  12,  48,   3,  12,  48, 192,   2]
[ 158,2748,   1,  -1,  -1,   3,   1,   3,   2,   0,   2,   3,   1,   2,
    6,  12,  48,   3,  12,  48, 192,   3]
[ 159,2757,   3,  -1,  -1,   0,   0,   0,   1,   3,   3,   6,   3,   2,
    6,  12,  48,   3,  12,  48, 192,   2]
[ 160,2763,   1,  -1,  -1,   0,   0,   0,   1,   3,   6,   6,   3,   2,
    6,  12,  48,   3,  12,  48, 192,   2]
[ 161,2772,   3,  -1,  -1,   0,   0,   0,   1,   1,   3,  12,   3,   2,
    6,  12,  48,   3,  12,  48, 192,   3]
[ 162,2805,   2,  -1,  -1,   0,   0,   3,   1,   0,   3,   0,   3,   3,
    6,  24,  48,   3,  12,  48, 192,   3]
[ 163,2808,   1,  -1,  -1,   0,   0,   2,   1,   0,   3,   3,   3,   0,
    6,  24,  48,   6,  12,  48, 192,   2]
[ 164,2814,   1,  -1,  -1,   0,   0,   0,   3,   1,   0,   3,   6,   0,
    6,  24,  48,   6,  12,  48, 192,   0]
[ 165,2814,   1,  -1,  -1,   0,   0,   3,   1,   1,   3,   6,   0,   6,
   24,  48,   0,   6,  12,  48, 192,   3]
[ 166,3066,   2,  -1,  -1,   0,   0,   1,   0,   0,   3,   3,   1,   1,
   24,   6,   0,  12,  12,  96, 192,   2]
[ 167,3096,   3,  -1,  -1,   0,   0,   0,   1,   0,   0,   6,   1,   0,
    1,  24,   6,   2,  24,  96, 192,   0]
[ 168,3099,   3,  -1,  -1,   0,   0,   1,   0,   0,   6,   1,   0,   1,
   24,   6,   3,   2,  24,  96, 192,   3]
[ 169,3186,   2,  -1,  -1,   0,   3,   1,   0,   0,   0,   1,   0,   0,
    6,   6,   3,   3,  48,  96, 192,   2]
[ 170,3195,   3,  -1,  -1,   0,   0,   3,   1,   2,   0,   0,   1,   0,
    0,  12,   3,   3,  48,  96, 192,   0]
[ 171,3198,   2,  -1,  -1,   0,   3,   1,   3,   2,   0,   1,   0,   0,
   12,   3,   0,   3,  48,  96, 192,   3]
[ 172,3198,   3,  -1,  -1,   2,   0,   1,   0,   0,   3,   1,   3,   2,
   12,   3,   0,   3,  48,  96, 192,   3]
[ 173,3201,   1,  -1,  -1,   3,   0,   1,   0,   2,   3,   1,   0,   2,
   12,   3,   3,   3,  48,  96, 192,   2]
[ 174,3204,   6,  12,  24,   1,   3,   0,   1,   0,   2,   3,   1,   0,
    2,  12,   6,   3,  48,  96, 192,   0]
[ 175,3285,   3,  -1,  -1,   1,   3,   1,   0,   2,   3,   1,   0,   2,
   12,   6,  24,   3,  48,  96, 192,   3]
[ 176,3294,   1,  -1,  -1,   0,   3,   1,   0,   3,   6,   1,   0,   2,
   12,   6,  24,   3,  48,  96, 192,   2]
[ 177,3294,   3,  -1,  -1,   0,   0,   3,   1,   1,   3,   6,   1,   2,
   12,   6,  24,   3,  48,  96, 192,   3]
[ 178,3309,   1,  -1,  -1,   0,   0,   3,   1,   0,   3,   3,   1,   3,
   12,  12,  24,   3,  48,  96, 192,   2]
[ 179,3339,   2,  -1,  -1,   0,   0,   3,   1,   0,   0,   6,   1,   1,
    3,  24,  24,   3,  48,  96, 192,   2]
[ 180,3420,   2,  -1,  -1,   0,   0,   3,   1,   0,   0,   6,   1,   2,
    1,   3,  48,   3,  48,  96, 192,   2]
[ 181,3423,   1,  -1,  -1,   0,   0,   3,   1,   0,   0,   6,   1,   2,
    3,   3,  48,   3,  48,  96, 192,   2]
[ 182,3426,   2,  -1,  -1,   0,   0,   3,   1,   0,   0,   6,   1,   1,
    2,   6,  48,   3,  48,  96, 192,   2]
[ 183,3429,   2,  -1,  -1,   0,   0,   3,   1,   0,   0,   6,   1,   2,
    3,   6,  48,   3,  48,  96, 192,   3]
[ 184,3438,   3,  -1,  -1,   0,   0,   2,   1,   0,   0,   3,   1,   2,
    3,  12,  48,   3,  48,  96, 192,   2]
[ 185,3444,   6,  12,  24,   3,   0,   0,   3,   0,   0,   3,   1,   2,
    3,  12,  48,   3,  48,  96, 192,   2]
[ 186,3525,   1,  -1,  -1,  24,   3,   0,   3,   0,   0,   3,   1,   2,
    3,  12,  48,   3,  48,  96, 192,   3]
[ 187,3525,   1,  -1,  -1,   0,   1,   0,   3,  24,   3,   3,   1,   2,
    3,  12,  48,   3,  48,  96, 192,   3]
[ 188,3528,   3,  -1,  -1,   0,   1,   0,   3,  24,   1,   3,   1,   2,
    6,  12,  48,   3,  48,  96, 192,   0]
[ 189,3531,   2,  -1,  -1,   1,   0,   3,   3,  24,   1,   3,   1,   2,
    6,  12,  48,   3,  48,  96, 192,   3]
[ 190,3534,   2,  -1,  -1,   1,   0,   2,   3,  24,   1,   6,   1,   2,
    6,  12,  48,   3,  48,  96, 192,   2]
[ 191,3534,   3,  -1,  -1,   2,   1,   2,   3,  24,   1,   6,   1,   2,
    6,  12,  48,   3,  48,  96, 192,   2]
[ 192,3540,   2,  -1,  -1,   3,   2,   3,   3,  24,   1,   6,   1,   2,
    6,  12,  48,   3,  48,  96, 192,   3]
[ 193,3543,   2,  -1,  -1,   3,   2,   3,   3,  24,   3,   6,   1,   2,
    6,  12,  48,   3,  48,  96, 192,   0]
[ 194,3546,   1,  -1,  -1,   3,   2,   6,   2,  24,   3,   6,   1,   2,
    6,  12,  48,   3,  48,  96, 192,   3]
[ 195,3558,   3,  -1,  -1,   3,   2,   1,   0,  24,   3,  12,   3,   2,
    6,  12,  48,   3,  48,  96, 192,   3]
[ 196,3588,   3,  -1,  -1,   3,   2,   3,   0,  24,   3,   1,   3,   2,
    6,  24,  48,   3,  48,  96, 192,   2]
[ 197,3591,   1,  -1,  -1,   3,   3,   2,   3,  24,   3,   1,   3,   2,
    6,  24,  48,   3,  48,  96, 192,   3]
[ 198,3600,   3,  -1,  -1,   3,   1,   0,   0,  24,   6,   3,   6,   2,
    6,  24,  48,   3,  48,  96, 192,   3]
[ 199,3612,   2,  -1,  -1,   3,   3,   0,   0,  24,   1,   3,   6,   2,
   12,  24,  48,   3,  48,  96, 192,   0]
[ 200,3615,   1,  -1,  -1,   6,   0,   0,   2,  24,   1,   3,   6,   2,
   12,  24,  48,   3,  48,  96, 192,   0]
[ 201,3615,   3,  -1,  -1,   6,   0,   2,   1,  24,   1,   3,   6,   2,
   12,  24,  48,   3,  48,  96, 192,   0]
[ 202,3618,   2,  -1,  -1,   6,   2,   1,   3,  24,   1,   3,   6,   2,
   12,  24,  48,   3,  48,  96, 192,   3]
[ 203,3621,   2,  -1,  -1,   6,   2,   1,   3,  24,   3,   3,   6,   2,
   12,  24,  48,   3,  48,  96, 192,   2]
[ 204,3627,   1,  -1,  -1,   2,   6,   3,   3,   0,  24,   6,   6,   2,
   12,  24,  48,   3,  48,  96, 192,   2]
[ 205,3639,   1,  -1,  -1,   0,   2,   6,   6,   1,   0,  24,  12,   2,
   12,  24,  48,   3,  48,  96, 192,   3]
[ 206,3723,   3,  -1,  -1,   0,   0,   1,   6,   0,   2,   6,  12,   3,
   12,  48,  48,   3,  48,  96, 192,   0]
[ 207,3969,   1,  -1,  -1,   0,   1,   6,   0,   2,   6,  12,   3,   3,
   12,  96,   0,   3,  48,  96, 192,   3]
[ 208,4701,   2,  -1,  -1,   1,   1,   0,   0,   0,   6,   6,   0,   2,
   12,  12,   3,   6,  48, 192, 192,   2]
[ 209,6915,   3,  -1,  -1,   0,   1,   1,   0,   0,   0,   6,   6,   2,
    2,  24,   3,   0,   6,  48, 384,   2]
[ 210,6927,   3,  -1,  -1,   3,   0,   1,   1,   0,   0,   0,  12,   2,
    2,  24,   3,   0,   6,  48, 384,   2]
[ 211,6930,   3,  -1,  -1,   3,   3,   1,   1,   0,   0,   0,  12,   2,
    2,  24,   3,   0,   6,  48, 384,   3]
[ 212,6933,   2,  -1,  -1,   3,   0,   0,   1,   3,   3,   1,  12,   0,
    2,  24,   3,   2,   6,  48, 384,   2]
[ 213,6936,   3,  -1,  -1,   0,   3,   0,   1,   2,   6,   1,  12,   0,
    2,  24,   3,   2,   6,  48, 384,   3]
[ 214,6939,   1,  -1,  -1,   3,   3,   0,   1,   0,   6,   1,  12,   2,
    2,  24,   3,   2,   6,  48, 384,   0]
[ 215,6942,   2,  -1,  -1,   6,   0,   1,   1,   6,   1,  12,   0,   2,
    2,  24,   3,   2,   6,  48, 384,   3]
[ 216,6954,   1,  -1,  -1,   0,   0,   1,   2,  12,   0,  12,   1,   2,
    3,  24,   3,   2,   6,  48, 384,   3]
[ 217,6957,   2,  -1,  -1,   0,   0,   1,   1,  12,   0,  12,   3,   2,
    3,  24,   3,   2,   6,  48, 384,   2]
[ 218,6957,   1,  -1,  -1,   0,   0,   1,   1,   2,  12,  12,   3,   2,
    3,  24,   3,   2,   6,  48, 384,   2]
[ 219,6984,   2,  -1,  -1,   0,   0,   1,   1,   1,   2,  24,   3,   2,
    3,  24,   3,   2,   6,  48, 384,   3]
[ 220,7071,   1,  -1,  -1,   0,   0,   2,   0,   0,   2,   1,   1,   3,
    3,  48,   6,   2,   6,  48, 384,   2]
[ 221,7077,   3,  -1,  -1,   0,   0,   0,   2,   1,   0,   3,   1,   0,
    6,  48,   6,   2,   6,  48, 384,   3]
[ 222,7335,   1,  -1,  -1,   3,   0,   0,   0,   0,   0,   0,   3,   1,
    0,   3,   6,   2,  12,  96, 384,   3]
[ 223,7338,   3,  -1,  -1,   1,   0,   0,   0,   3,   0,   0,   3,   0,
    0,   3,   6,   3,  12,  96, 384,   3]
[ 224,7341,   1,  -1,  -1,   3,   0,   0,   0,   1,   0,   0,   3,   3,
    0,   3,   6,   3,  12,  96, 384,   2]
[ 225,7341,   3,  -1,  -1,   0,   3,   0,   0,   0,   1,   0,   3,   1,
    3,   3,   6,   3,  12,  96, 384,   2]
[ 226,7347,   2,  -1,  -1,   0,   0,   3,   0,   3,   0,   1,   3,   0,
    1,   6,   6,   3,  12,  96, 384,   2]
[ 227,7356,   3,  -1,  -1,   0,   0,   0,   3,   2,   3,   1,   3,   0,
    0,   1,  12,   3,  12,  96, 384,   3]
[ 228,7362,   1,  -1,  -1,   0,   3,   0,   0,   0,   0,   1,   6,   2,
    3,   1,  12,   3,  12,  96, 384,   3]
[ 229,7362,  12,  24,  48,   0,   1,   0,   0,   0,   3,   1,   6,   2,
    3,   1,  12,   3,  12,  96, 384,   3]
[ 230,7608,   2,  -1,  -1,   0,  48,   0,   0,   0,   1,   1,   6,   2,
    6,   1,  12,   3,  12,  96, 384,   2]
[ 231,7608,   2,  -1,  -1,   2,   0,  48,   0,   0,   1,   1,   6,   2,
    6,   1,  12,   3,  12,  96, 384,   2]
[ 232,7608,   3,  -1,  -1,   2,   2,   0,  48,   0,   1,   1,   6,   2,
    6,   1,  12,   3,  12,  96, 384,   2]
[ 233,7611,   1,  -1,  -1,   3,   2,   2,  48,   0,   1,   1,   6,   2,
    6,   1,  12,   3,  12,  96, 384,   3]
[ 234,7617,   2,  -1,  -1,   1,   0,   0,  48,   3,   3,   3,   6,   2,
    6,   1,  12,   3,  12,  96, 384,   2]
[ 235,7620,   2,  -1,  -1,   2,   1,   0,  48,   0,   3,   6,   6,   2,
    6,   1,  12,   3,  12,  96, 384,   2]
[ 236,7629,   3,  -1,  -1,   0,   2,   1,  48,   2,   0,   3,  12,   2,
    6,   1,  12,   3,  12,  96, 384,   2]
[ 237,7635,   3,  -1,  -1,   3,   0,   3,  48,   0,   2,   3,  12,   2,
    6,   1,  12,   3,  12,  96, 384,   3]
[ 238,7668,   2,  -1,  -1,   0,   0,   0,   3,   3,   2,   6,  48,   2,
    6,   1,  24,   3,  12,  96, 384,   0]
[ 239,7668,   1,  -1,  -1,   0,   0,   3,   2,   3,   2,   6,  48,   2,
    6,   1,  24,   3,  12,  96, 384,   0]
[ 240,7668,   2,  -1,  -1,   0,   3,   2,   1,   3,   2,   6,  48,   2,
    6,   1,  24,   3,  12,  96, 384,   2]
[ 241,7671,   1,  -1,  -1,   2,   0,   3,   3,   3,   2,   6,  48,   2,
    6,   1,  24,   3,  12,  96, 384,   2]
[ 242,7674,   3,  -1,  -1,   1,   2,   0,   6,   3,   2,   6,  48,   2,
    6,   1,  24,   3,  12,  96, 384,   2]
[ 243,7677,   2,  -1,  -1,   3,   1,   2,   6,   3,   2,   6,  48,   2,
    6,   1,  24,   3,  12,  96, 384,   0]
[ 244,7680,   1,  -1,  -1,   3,   3,   6,   2,   3,   2,   6,  48,   2,
    6,   1,  24,   3,  12,  96, 384,   3]
[ 245,7692,   3,  -1,  -1,   0,   3,   1,   2,   6,   2,  12,  48,   2,
    6,   1,  24,   3,  12,  96, 384,   2]
[ 246,7698,   1,  -1,  -1,   3,   0,   3,   3,   6,   2,  12,  48,   2,
    6,   1,  24,   3,  12,  96, 384,   2]
[ 247,7701,   1,  -1,  -1,   1,   3,   0,   6,   6,   2,  12,  48,   2,
    6,   1,  24,   3,  12,  96, 384,   2]
[ 248,7701,   3,  -1,  -1,   1,   1,   3,   6,   6,   2,  12,  48,   2,
    6,   1,  24,   3,  12,  96, 384,   1]
[ 249,7707,   2,  -1,  -1,   1,   3,   3,   6,   6,   6,  12,  48,   2,
   12,   1,  24,   3,   3,  96, 384,   2]
[ 250,7722,   1,  -1,  -1,   0,   1,   6,   6,   0,  12,  12,  48,   2,
   12,   1,  24,   2,   6,  96, 384,   1]
[ 251,7749,   3,  -1,  -1,   0,   1,   6,   6,   2,  24,  12,  48,   2,
    6,   1,  24,   0,   1,  96, 384,   2]
[ 252,7761,   3,  -1,  -1,   3,   0,   1,  12,   2,  24,  12,  48,   2,
    6,   1,  24,   0,   1,  96, 384,   3]
[ 253,7764,   2,  -1,  -1,   3,   0,   1,  12,   3,  24,  12,  48,   2,
    6,   1,  24,   2,   1,  96, 384,   2]
[ 254,7767,   2,  -1,  -1,   2,   3,   1,  12,   3,  24,  12,  48,   2,
    6,   1,  24,   0,   3,  96, 384,   3]
