1516446021
[ 0, 9, 1,-1,-1, 0, 3, 2, 1, 0, 0, 0, 2, 0, 3, 2, 0, 3, 2, 1, 0, 3]
[ 1,12, 3,-1,-1, 0, 1, 0, 0, 0, 3, 2, 1, 0, 3, 0, 2, 3, 2, 3, 0, 3]
[ 2,18, 1,-1,-1, 0, 0, 3, 0, 0, 1, 0, 0, 0, 6, 2, 1, 3, 2, 3, 2, 3]
[ 3,21, 1,-1,-1, 0, 0, 0, 1, 0, 1, 3, 0, 0, 6, 2, 0, 3, 2, 3, 3, 2]
[ 4,24, 2,-1,-1, 0, 0, 0, 1, 0, 0, 1, 3, 1, 0, 6, 2, 0, 3, 2, 6, 0]
[ 5,24, 3,-1,-1, 0, 0, 1, 0, 0, 1, 3, 0, 1, 6, 2, 2, 3, 2, 6, 0, 2]
[ 6,27, 2,-1,-1, 3, 0, 0, 1, 0, 0, 1, 3, 1, 6, 2, 2, 0, 3, 2, 6, 3]
[ 7,30, 2,-1,-1, 2, 0, 0, 1, 3, 0, 0, 3, 0, 6, 3, 2, 1, 3, 2, 6, 1]
[ 8,30, 3,-1,-1, 2, 0, 0, 1, 3, 6, 3, 3, 1, 3, 2, 2, 0, 0, 2, 6, 2]
[ 9,36, 2,-1,-1, 3, 2, 0, 1, 0, 3, 6, 6, 1, 3, 2, 2, 0, 0, 2, 6, 3]
[10,36, 1,-1,-1, 2, 0, 0, 1, 3, 2, 6, 6, 0, 3, 2, 2, 1, 3, 2, 6, 0]
[11,45, 3,-1,-1, 2, 0, 1, 0, 3, 2,12, 1, 3, 2, 2, 0, 1, 3, 2, 6, 3]
[12,51, 1,-1,-1, 3, 0, 1, 0, 2, 2,12, 0, 6, 2, 2, 1, 1, 3, 2, 6, 2]
[13,54, 1,-1,-1, 1, 3, 0, 1, 0, 2, 2,12, 0, 6, 2, 3, 1, 3, 2, 6, 0]
[14,54, 3,-1,-1, 1, 3, 1, 0, 2, 2,12, 0, 6, 2, 3, 1, 1, 3, 2, 6, 1]
[15,60, 1,-1,-1, 3, 3, 1, 0, 6, 2,12, 1, 1, 2, 3, 6, 3, 3, 2, 0, 2]
[16,63, 2,-1,-1, 0, 3, 3, 1, 6, 2,12, 1, 0, 3, 3, 6, 1, 3, 3, 2, 0]
[17,66, 3,-1,-1, 3, 3, 1, 0, 6, 2,12, 1, 3, 3, 6, 2, 1, 6, 2, 0, 1]
[18,69, 3,-1,-1, 3, 3, 1, 1, 6, 2,12, 2, 3, 3, 6, 0, 1, 6, 2, 3, 3]
[19,72, 2,-1,-1, 3, 3, 1, 3, 6, 2,12, 1, 3, 3, 6, 2, 1, 6, 2, 3, 3]
[20,75, 1,-1,-1, 3, 3, 1, 2, 6, 2,12, 3, 3, 3, 6, 3, 1, 6, 2, 3, 3]
[21,78, 2,-1,-1, 3, 3, 1, 1, 6, 2,12, 2, 3, 3, 6, 3, 1, 6, 2, 6, 3]
[22,81, 2,-1,-1, 3, 3, 1, 2, 6, 2,12, 3, 3, 3, 6, 3, 1, 6, 2, 6, 3]
[23,84, 3,-1,-1, 3, 3, 1, 2, 6, 2,12, 2, 3, 3, 6, 6, 1, 6, 2, 6, 3]
[24,96, 3,-1,-1, 3, 3, 1, 3, 6, 2,12, 2, 3, 3, 6, 2, 1, 6, 2,12, 0]
[ 25,105,  1, -1, -1,  6,  1,  3,  0,  6,  2, 12,  2,  6,  6,  2,  3,  1,
   6,  2, 12,  1]
[ 26,117,  1, -1, -1, 12,  3,  3,  2,  6,  6, 12,  3,  1,  6,  2, 12,  0,
   1,  2,  0,  2]
[ 27,129,  3, -1, -1,  0, 12,  6,  2,  0, 12, 12,  3,  1,  6,  2, 12,  1,
   0,  1,  2,  2]
[ 28,162,  2, -1, -1,  0, 12,  6,  2,  3,  0, 24,  3,  1,  6,  2, 12,  0,
   1,  0,  3,  2]
[ 29,162,  2, -1, -1,  0, 12,  6,  2,  2,  3, 24,  3,  1,  6,  2, 12,  0,
   0,  1,  3,  3]
[ 30,165,  3, -1, -1,  0,  0,  2,  2,  0, 12,  6,  3,  2,  3, 24, 12,  1,
   6,  3,  3,  2]
[ 31,171,  1, -1, -1,  0,  0,  2,  2,  0, 12,  6,  3,  2,  3, 24, 12,  3,
   1,  6,  6,  2]
[ 32,180,  3, -1, -1,  0,  0,  2,  2,  0, 12,  6,  3,  2,  3, 24, 12,  1,
   3,  1, 12,  3]
[ 33,216,  1, -1, -1,  0,  0,  2,  3,  0,  0,  6,  2,  0, 12, 24,  3,  3,
   6,  1, 24,  0]
[ 34,216,  2, -1, -1,  0,  2,  3,  1,  0,  6,  2,  0, 12, 24,  3,  0,  3,
   6,  1, 24,  3]
[ 35,216,  1, -1, -1,  0,  2,  3,  2,  0,  6,  2,  1, 12, 24,  3,  0,  3,
   6,  1, 24,  2]
[ 36,219,  1, -1, -1,  0,  2,  3,  2,  0,  0,  6,  3,  1, 12, 24,  3,  3,
   6,  1, 24,  3]
[ 37,222,  2, -1, -1,  0,  1,  3,  0,  0,  2,  6,  2,  1, 12, 24,  6,  3,
   6,  1, 24,  3]
[ 38,225,  3, -1, -1,  0,  2,  3,  0,  0,  3,  6,  2,  1, 12, 24,  6,  3,
   6,  1, 24,  0]
[ 39,228,  3, -1, -1,  2,  3,  0,  0,  3,  6,  2,  3,  1, 12, 24,  6,  3,
   6,  1, 24,  2]
[ 40,231,  2, -1, -1,  3,  2,  3,  0,  3,  6,  2,  3,  1, 12, 24,  6,  3,
   6,  1, 24,  2]
[ 41,231,  2, -1, -1,  2,  3,  2,  3,  3,  6,  2,  3,  1, 12, 24,  6,  3,
   6,  1, 24,  3]
[ 42,234,  2, -1, -1,  2,  3,  2,  2,  3,  6,  2,  6,  1, 12, 24,  6,  3,
   6,  1, 24,  3]
