1516443448
[ 0, 6, 2,-1,-1, 2, 1, 0, 2, 0, 1, 0, 0, 1, 1, 0, 0, 0, 2, 3, 3, 3]
[ 1, 9, 3,-1,-1, 0, 0, 0, 2, 2, 1, 0, 2, 0, 1, 0, 0, 1, 3, 3, 3, 3]
[ 2,12, 3,-1,-1, 0, 0, 0, 3, 0, 1, 0, 2, 2, 1, 0, 2, 1, 3, 3, 3, 3]
[ 3,18, 3,-1,-1, 3, 0, 0, 3, 0, 1, 0, 2, 0, 1, 0, 2, 3, 3, 3, 3, 2]
[ 4,24, 1,-1,-1, 3, 3, 0, 3, 0, 0, 1, 2, 0, 0, 1, 2, 0, 3, 3, 6, 2]
[ 5,33, 2,-1,-1, 0, 3, 3, 3, 1, 0, 0, 3, 0, 0, 0, 3, 0, 0, 6, 6, 3]
[ 6,36, 3,-1,-1, 0, 2, 0, 0, 0, 3, 3, 3, 1, 0, 0, 6, 0, 0, 6, 6, 3]
[ 7,48, 1,-1,-1, 3, 0, 0, 0, 0, 2, 0, 0, 0, 3, 3, 3, 1, 0, 6,12, 3]
[ 8,48, 2,-1,-1, 1, 0, 0, 0, 3, 0, 0, 0, 0, 2, 3, 3, 1, 3, 6,12, 2]
[ 9,51, 1,-1,-1, 0, 1, 0, 0, 0, 3, 0, 0, 2, 0, 2, 6, 1, 3, 6,12, 3]
[10,54, 3,-1,-1, 1, 0, 0, 0, 0, 1, 0, 0, 0, 3, 2, 6, 3, 3, 6,12, 3]
[11,60, 2,-1,-1, 3, 0, 0, 0, 1, 0, 0, 0, 0, 1, 2, 6, 3, 6, 6,12, 2]
[12,72, 3,-1,-1, 0, 3, 0, 0, 0, 1, 0, 0, 2, 0, 3, 6, 0, 3,12,12, 2]
[ 13,102,  2, -1, -1,  0,  0,  3,  0,  3,  0,  1,  0,  0,  2,  3,  6,  0,
   0,  3, 24,  2]
[ 14,102,  1, -1, -1,  0,  0,  0,  3,  2,  3,  0,  1,  0,  2,  3,  6,  0,
   0,  3, 24,  2]
[ 15,102,  2, -1, -1,  0,  0,  0,  3,  1,  2,  3,  1,  0,  2,  3,  6,  0,
   0,  3, 24,  3]
[ 16,105,  3, -1, -1,  2,  0,  0,  3,  0,  0,  0,  1,  1,  2,  3,  6,  0,
   2,  6, 24,  2]
[ 17,111,  3, -1, -1,  0,  2,  0,  3,  0,  0,  0,  1,  3,  3,  3,  6,  0,
   2,  6, 24,  2]
[ 18,117,  2, -1, -1,  3,  0,  2,  3,  0,  0,  0,  1,  0,  3,  6,  6,  0,
   2,  6, 24,  2]
[ 19,126,  1, -1, -1,  0,  3,  2,  3,  0,  0,  0,  1,  2,  0,  3, 12,  0,
   2,  6, 24,  3]
[ 20,126,  3, -1, -1,  1,  0,  0,  3,  0,  3,  2,  1,  0,  0,  3, 12,  2,
   2,  6, 24,  2]
[ 21,132,  2, -1, -1,  0,  1,  0,  3,  3,  0,  3,  3,  0,  0,  3, 12,  2,
   2,  6, 24,  3]
[ 22,138,  2, -1, -1,  0,  0,  2,  0,  0,  1,  0,  6,  3,  0,  6, 12,  2,
   2,  6, 24,  3]
[ 23,147,  1, -1, -1,  0,  0,  2,  0,  0,  0,  2,  6,  3,  1,  0, 12,  2,
   2, 12, 24,  3]
[ 24,150,  3, -1, -1,  0,  1,  0,  0,  0,  0,  2,  6,  3,  0,  2, 12,  2,
   3, 12, 24,  3]
[ 25,153,  1, -1, -1,  0,  3,  0,  0,  0,  1,  2,  6,  3,  0,  2, 12,  2,
   3, 12, 24,  3]
[ 26,153,  1, -1, -1,  0,  1,  0,  0,  0,  3,  2,  6,  3,  1,  2, 12,  2,
   3, 12, 24,  2]
[ 27,156,  1, -1, -1,  1,  0,  1,  0,  0,  3,  2,  6,  0,  3,  3, 12,  2,
   3, 12, 24,  3]
[ 28,162,  2, -1, -1,  0,  1,  0,  0,  1,  0,  3,  6,  0,  3,  3, 12,  2,
   6, 12, 24,  3]
[ 29,165,  3, -1, -1,  0,  0,  2,  0,  0,  1,  0,  6,  1,  3,  6, 12,  2,
   6, 12, 24,  3]
[ 30,171,  2, -1, -1,  3,  0,  0,  0,  0,  1,  2,  6,  0,  3,  6, 12,  3,
   6, 12, 24,  2]
[ 31,174,  3, -1, -1,  0,  3,  0,  0,  2,  0,  3,  6,  0,  3,  6, 12,  3,
   6, 12, 24,  2]
[ 32,177,  1, -1, -1,  0,  0,  3,  0,  3,  2,  3,  6,  0,  3,  6, 12,  3,
   6, 12, 24,  3]
[ 33,180,  2, -1, -1,  1,  0,  0,  0,  0,  2,  6,  6,  3,  3,  6, 12,  3,
   6, 12, 24,  3]
[ 34,192,  2, -1, -1,  2,  0,  0,  0,  1,  2,  0,  6,  0,  3, 12, 12,  6,
   6, 12, 24,  2]
[ 35,228,  3, -1, -1,  0,  2,  0,  0,  2,  1,  2,  6,  0,  0,  3, 24,  0,
  12, 12, 24,  2]
[ 36,261,  1, -1, -1,  0,  0,  2,  0,  0,  2,  3,  6,  0,  0,  3, 24,  3,
   0, 24, 24,  2]
[ 37,342,  3, -1, -1,  0,  0,  0,  2,  0,  2,  3,  6,  0,  0,  3, 24,  1,
   3,  0, 48,  3]
[ 38,345,  1, -1, -1,  0,  0,  3,  2,  0,  0,  0,  6,  0,  2,  3, 24,  1,
   3,  3, 48,  2]
[ 39,348,  2, -1, -1,  0,  0,  3,  2,  0,  0,  0,  6,  0,  2,  3, 24,  1,
   1,  6, 48,  3]
[ 40,351,  3, -1, -1,  0,  0,  2,  2,  0,  0,  3,  6,  0,  0,  3, 24,  1,
   3,  6, 48,  3]
[ 41,357,  6, -1, -1,  0,  0,  3,  2,  0,  0,  2,  6,  0,  0,  6, 24,  1,
   3,  6, 48,  3]
[ 42,375,  1, -1, -1,  0,  0,  6,  2,  0,  0,  3,  6,  0,  0,  2, 24,  1,
   3, 12, 48,  0]
[ 43,375,  1, -1, -1,  0,  6,  2,  1,  0,  3,  6,  0,  0,  2, 24,  0,  1,
   3, 12, 48,  2]
[ 44,378,  3, -1, -1,  0,  0,  6,  3,  0,  0,  3,  6,  1,  0,  2, 24,  1,
   3, 12, 48,  2]
[ 45,381,  1, -1, -1,  0,  0,  6,  3,  0,  0,  3,  6,  3,  1,  2, 24,  1,
   3, 12, 48,  2]
[ 46,384,  3, -1, -1,  0,  0,  6,  3,  0,  0,  3,  6,  1,  3,  3, 24,  1,
   3, 12, 48,  3]
[ 47,393,  1, -1, -1,  0,  0,  3,  3,  0,  0,  6,  6,  1,  0,  6, 24,  1,
   6, 12, 48,  3]
[ 48,402,  3, -1, -1,  0,  0,  1,  3,  0,  0,  3,  6,  1,  0, 12, 24,  1,
   6, 12, 48,  3]
[ 49,432,  2, -1, -1,  0,  0,  3,  3,  0,  0,  1,  6,  1,  0,  3, 24,  1,
   6, 24, 48,  2]
[ 50,435,  2, -1, -1,  2,  0,  0,  6,  0,  0,  1,  6,  0,  1,  3, 24,  1,
   6, 24, 48,  3]
[ 51,444,  2, -1, -1,  0,  0,  0,  2,  2,  0,  1, 12,  0,  1,  3, 24,  1,
   6, 24, 48,  2]
[ 52,444,  3, -1, -1,  0,  0,  0,  2,  2,  2,  1, 12,  0,  1,  3, 24,  1,
   6, 24, 48,  3]
[ 53,450,  3, -1, -1,  3,  0,  0,  2,  0,  0,  1, 12,  2,  3,  3, 24,  1,
   6, 24, 48,  3]
[ 54,456,  2, -1, -1,  3,  0,  0,  2,  3,  0,  1, 12,  0,  3,  3, 24,  3,
   6, 24, 48,  3]
[ 55,456,  1, -1, -1,  2,  0,  0,  2,  3,  0,  1, 12,  3,  3,  3, 24,  3,
   6, 24, 48,  2]
[ 56,459,  1, -1, -1,  0,  2,  0,  2,  0,  3,  1, 12,  1,  3,  6, 24,  3,
   6, 24, 48,  2]
[ 57,459,  2, -1, -1,  1,  0,  2,  2,  0,  3,  1, 12,  1,  3,  6, 24,  3,
   6, 24, 48,  3]
[ 58,465,  2, -1, -1,  0,  2,  0,  2,  1,  0,  3, 12,  1,  6,  6, 24,  3,
   6, 24, 48,  3]
[ 59,474,  1, -1, -1,  0,  2,  0,  2,  1,  2,  3, 12,  1,  0,  6, 24,  3,
  12, 24, 48,  3]
[ 60,474,  3, -1, -1,  0,  1,  0,  2,  1,  2,  3, 12,  1,  2,  6, 24,  3,
  12, 24, 48,  2]
[ 61,483,  2, -1, -1,  3,  0,  1,  2,  0,  3,  3, 12,  0,  3,  6, 24,  3,
  12, 24, 48,  2]
[ 62,489,  1, -1, -1,  2,  3,  0,  3,  0,  0,  6, 12,  0,  3,  6, 24,  3,
  12, 24, 48,  3]
[ 63,498,  3, -1, -1,  0,  0,  1,  3,  2,  3,  0, 12,  0,  3, 12, 24,  3,
  12, 24, 48,  2]
[ 64,501,  3, -1, -1,  0,  0,  1,  3,  3,  2,  3, 12,  0,  3, 12, 24,  3,
  12, 24, 48,  3]
[ 65,504,  1, -1, -1,  3,  0,  1,  3,  0,  2,  3, 12,  3,  3, 12, 24,  3,
  12, 24, 48,  0]
[ 66,507,  3, -1, -1,  3,  1,  3,  0,  2,  3, 12,  0,  6, 12, 24,  1,  3,
  12, 24, 48,  3]
[ 67,618,  1, -1, -1,  3,  0,  3,  0,  2,  1,  3,  0,  6,  3, 12,  1,  3,
  24, 48, 48,  0]
[ 68,864,  3, -1, -1,  3,  3,  0,  1,  3,  3,  0,  0,  6,  3, 12,  1,  3,
  24, 96,  0,  2]
[ 69,867,  1, -1, -1,  0,  3,  3,  1,  0,  3,  3,  0,  6,  3, 12,  1,  3,
   3, 24, 96,  3]
[ 70,873,  3, -1, -1,  0,  0,  0,  1,  0,  3,  6,  1,  6,  3, 12,  1,  3,
   6, 24, 96,  3]
[ 71,879,  2, -1, -1,  0,  3,  0,  1,  0,  0,  6,  1,  6,  6, 12,  1,  3,
   6, 24, 96,  2]
[ 72,888,  2, -1, -1,  0,  0,  3,  1,  0,  0,  6,  1,  2, 12, 12,  1,  3,
   6, 24, 96,  2]
[ 73,915,  2, -1, -1,  0,  0,  3,  1,  0,  0,  6,  1,  2,  2, 24,  1,  3,
   6, 24, 96,  3]
[ 74,996,  1, -1, -1,  0,  0,  2,  1,  0,  0,  3,  1,  2,  2,  6,  1,  3,
   6, 48, 96,  2]
[ 75,999,  2, -1, -1,  1,  0,  0,  3,  0,  0,  3,  1,  2,  2,  6,  1,  3,
   6, 48, 96,  2]
[ 76,999,  2, -1, -1,  2,  1,  0,  3,  0,  0,  3,  1,  2,  2,  6,  1,  3,
   6, 48, 96,  3]
[ 77,999,  2, -1, -1,  0,  2,  0,  3,  2,  1,  3,  1,  2,  2,  6,  1,  3,
   6, 48, 96,  3]
[  78,1002,   3,  -1,  -1,   0,   2,   0,   3,   2,   2,   3,   1,   2,
    3,   6,   1,   3,   6,  48,  96,   0]
[  79,1005,   1,  -1,  -1,   2,   0,   3,   3,   2,   2,   3,   1,   2,
    3,   6,   1,   3,   6,  48,  96,   3]
[  80,1008,   1,  -1,  -1,   2,   0,   1,   3,   2,   2,   6,   1,   2,
    3,   6,   1,   3,   6,  48,  96,   3]
[  81,1017,   3,  -1,  -1,   2,   0,   1,   3,   2,   2,   1,   1,   2,
    3,  12,   1,   3,   6,  48,  96,   2]
[  82,1023,   2,  -1,  -1,   3,   2,   1,   3,   0,   2,   3,   1,   2,
    3,  12,   1,   3,   6,  48,  96,   2]
[  83,1026,   3,  -1,  -1,   2,   3,   3,   3,   0,   2,   3,   1,   2,
    3,  12,   1,   3,   6,  48,  96,   3]
[  84,1032,   3,  -1,  -1,   3,   3,   0,   3,   2,   2,   6,   1,   2,
    3,  12,   1,   3,   6,  48,  96,   2]
[  85,1035,   1,  -1,  -1,   3,   3,   3,   3,   2,   2,   6,   1,   2,
    3,  12,   1,   3,   6,  48,  96,   2]
[  86,1038,   2,  -1,  -1,   1,   3,   3,   6,   2,   2,   6,   1,   2,
    3,  12,   1,   3,   6,  48,  96,   2]
[  87,1041,   1,  -1,  -1,   2,   1,   6,   6,   2,   2,   6,   1,   2,
    3,  12,   1,   3,   6,  48,  96,   3]
[  88,1053,   3,  -1,  -1,   2,   1,   0,   6,   2,   3,  12,   1,   2,
    3,  12,   1,   3,   6,  48,  96,   3]
[  89,1086,   1,  -1,  -1,   2,   0,   3,   6,   2,   1,   0,   1,   2,
    6,  24,   1,   3,   6,  48,  96,   2]
[  90,1086,   1,  -1,  -1,   1,   2,   3,   6,   0,   2,   1,   1,   2,
    6,  24,   1,   3,   6,  48,  96,   2]
[  91,1092,   3,  -1,  -1,   1,   3,   3,   6,   0,   0,   3,   1,   2,
    6,  24,   1,   3,   6,  48,  96,   3]
[  92,1107,   2,  -1,  -1,   3,   0,   0,   6,   1,   3,   6,   1,   2,
    0,  24,   1,   3,  12,  48,  96,   3]
[  93,1110,   3,  -1,  -1,   0,   2,   0,   6,   3,   0,   6,   1,   3,
    3,  24,   1,   3,  12,  48,  96,   3]
[  94,1116,   1,  -1,  -1,   0,   3,   0,   6,   0,   2,   6,   1,   3,
    3,  24,   1,   6,  12,  48,  96,   2]
[  95,1119,   2,  -1,  -1,   0,   0,   3,   6,   0,   2,   6,   1,   1,
    6,  24,   1,   6,  12,  48,  96,   0]
[  96,1119,   1,  -1,  -1,   0,   3,   6,   0,   2,   6,   1,   2,   1,
    6,  24,   1,   6,  12,  48,  96,   3]
[  97,1134,   2,  -1,  -1,   0,   0,   6,   1,   0,   3,   1,   0,   3,
   12,  24,   3,   6,  12,  48,  96,   3]
[  98,1161,   3,  -1,  -1,   0,   2,   6,   0,   0,   0,   1,   1,   3,
    3,  24,   3,   6,  24,  48,  96,   3]
[  99,1164,   2,  -1,  -1,   0,   3,   6,   0,   0,   2,   1,   1,   3,
    3,  24,   3,   6,  24,  48,  96,   2]
[ 100,1170,   3,  -1,  -1,   0,   0,   3,   6,   0,   0,   3,   1,   2,
    6,  24,   3,   6,  24,  48,  96,   3]
[ 101,1176,   2,  -1,  -1,   0,   0,   3,   6,   0,   0,   6,   1,   2,
    6,  24,   3,   6,  24,  48,  96,   0]
[ 102,1176,   3,  -1,  -1,   0,   3,   6,   0,   0,   6,   1,   2,   2,
    6,  24,   3,   6,  24,  48,  96,   3]
[ 103,1188,   1,  -1,  -1,   0,   3,   6,   0,   0,   3,   1,   2,   2,
   12,  24,   3,   6,  24,  48,  96,   2]
[ 104,1191,   1,  -1,  -1,   1,   0,   3,   6,   0,   0,   3,   3,   2,
   12,  24,   3,   6,  24,  48,  96,   3]
[ 105,1197,   1,  -1,  -1,   0,   0,   0,   1,   1,   0,   6,   6,   2,
   12,  24,   6,   6,  24,  48,  96,   3]
[ 106,1209,   6,  12,  -1,   1,   0,   0,   0,   0,   0,   6,   1,   3,
   12,  24,  12,   6,  24,  48,  96,   0]
[ 107,1218,   2,  -1,  -1,   1,   0,   0,   0,   0,   6,   1,   6,   3,
   12,  24,  12,   6,  24,  48,  96,   3]
[ 108,1218,   1,  -1,  -1,   2,   0,   0,   0,   1,   6,   1,   6,   3,
   12,  24,  12,   6,  24,  48,  96,   3]
[ 109,1221,   3,  -1,  -1,   1,   0,   0,   0,   3,   6,   1,   6,   3,
   12,  24,  12,   6,  24,  48,  96,   3]
[ 110,1227,   2,  -1,  -1,   3,   0,   0,   0,   1,   6,   1,   6,   6,
   12,  24,  12,   6,  24,  48,  96,   2]
[ 111,1227,   3,  -1,  -1,   2,   3,   0,   0,   1,   6,   1,   6,   6,
   12,  24,  12,   6,  24,  48,  96,   3]
[ 112,1239,   2,  -1,  -1,   3,   3,   0,   0,   2,   6,   1,   6,   1,
   12,  24,  12,  12,  24,  48,  96,   3]
[ 113,1242,   2,  -1,  -1,   2,   3,   0,   0,   3,   6,   1,   6,   3,
   12,  24,  12,  12,  24,  48,  96,   2]
[ 114,1242,   3,  -1,  -1,   2,   2,   3,   0,   3,   6,   1,   6,   3,
   12,  24,  12,  12,  24,  48,  96,   2]
[ 115,1245,   3,  -1,  -1,   3,   2,   2,   3,   3,   6,   1,   6,   3,
   12,  24,  12,  12,  24,  48,  96,   3]
[ 116,1254,   1,  -1,  -1,   0,   2,   3,   3,   3,   6,   3,   6,   6,
   12,  24,  12,  12,  24,  48,  96,   3]
[ 117,1257,   1,  -1,  -1,   0,   2,   1,   3,   3,   6,   6,   6,   6,
   12,  24,  12,  12,  24,  48,  96,   2]
[ 118,1269,   3,  -1,  -1,   1,   0,   3,   3,   0,   3,   6,  12,   6,
   12,  24,  12,  12,  24,  48,  96,   3]
[ 119,1299,   1,  -1,  -1,   3,   0,   3,   0,   1,   3,   6,   3,   6,
   12,  24,  24,  12,  24,  48,  96,   2]
[ 120,1380,   2,  -1,  -1,   0,   3,   0,   3,   1,   3,   6,   3,   1,
    6,  12,  48,  12,  24,  48,  96,   3]
[ 121,1386,   2,  -1,  -1,   0,   2,   0,   0,   1,   6,   6,   6,   1,
    6,  12,  48,  12,  24,  48,  96,   3]
[ 122,1395,   1,  -1,  -1,   0,   2,   0,   0,   1,   2,   6,   6,   1,
   12,  12,  48,  12,  24,  48,  96,   2]
[ 123,1431,   3,  -1,  -1,   0,   0,   2,   0,   0,   1,   2,  12,   1,
    1,  24,  48,  12,  24,  48,  96,   2]
[ 124,1437,   2,  -1,  -1,   3,   0,   0,   2,   0,   0,   3,  12,   1,
    1,  24,  48,  12,  24,  48,  96,   2]
[ 125,1437,   2,  -1,  -1,   2,   3,   0,   2,   0,   0,   3,  12,   1,
    1,  24,  48,  12,  24,  48,  96,   2]
[ 126,1437,   1,  -1,  -1,   2,   2,   3,   2,   0,   0,   3,  12,   1,
    1,  24,  48,  12,  24,  48,  96,   3]
[ 127,1440,   2,  -1,  -1,   1,   0,   0,   2,   2,   2,   6,  12,   1,
    1,  24,  48,  12,  24,  48,  96,   3]
[ 128,1446,   2,  -1,  -1,   0,   2,   0,   2,   1,   0,   6,  12,   3,
    3,  24,  48,  12,  24,  48,  96,   3]
[ 129,1446,   1,  -1,  -1,   0,   2,   0,   2,   1,   2,   6,  12,   3,
    3,  24,  48,  12,  24,  48,  96,   2]
[ 130,1452,   3,  -1,  -1,   0,   0,   2,   2,   0,   3,   6,  12,   1,
    6,  24,  48,  12,  24,  48,  96,   0]
[ 131,1455,   1,  -1,  -1,   0,   2,   2,   3,   3,   6,  12,   0,   1,
    6,  24,  48,  12,  24,  48,  96,   3]
[ 132,1464,   3,  -1,  -1,   0,   1,   2,   0,   3,   2,  12,   3,   1,
   12,  24,  48,  12,  24,  48,  96,   3]
[ 133,1470,   3,  -1,  -1,   0,   3,   2,   0,   3,   3,  12,   3,   1,
   12,  24,  48,  12,  24,  48,  96,   0]
[ 134,1476,   2,  -1,  -1,   3,   2,   0,   3,   6,  12,   3,   0,   1,
   12,  24,  48,  12,  24,  48,  96,   3]
[ 135,1503,   1,  -1,  -1,   3,   2,   0,   0,   6,   2,   3,   3,   1,
   24,  24,  48,  12,  24,  48,  96,   2]
[ 136,1587,   3,  -1,  -1,   0,   3,   2,   0,   0,   6,   2,   6,   1,
    1,  48,  48,  12,  24,  48,  96,   3]
[ 137,1833,   2,  -1,  -1,   0,   3,   3,   0,   0,   6,   2,   6,   1,
    1,   2,  48,  12,  24,  96,  96,   2]
[ 138,2565,   3,  -1,  -1,   0,   0,   3,   3,   0,   6,   2,   6,   2,
    1,   3,  48,   0,  12,  24, 192,   2]
[ 139,2574,   2,  -1,  -1,   0,   0,   0,   6,   0,   6,   2,   6,   3,
    3,   3,  48,   0,  12,  24, 192,   2]
[ 140,2577,   1,  -1,  -1,   0,   0,   0,   6,   0,   6,   2,   6,   2,
    3,   6,  48,   0,  12,  24, 192,   3]
[ 141,2586,   2,  -1,  -1,   0,   0,   0,   1,   0,   6,   2,  12,   0,
    3,   6,  48,   2,  12,  24, 192,   0]
[ 142,2586,   3,  -1,  -1,   0,   0,   1,   0,   6,   2,  12,   2,   3,
    6,  48,   0,   2,  12,  24, 192,   2]
[ 143,2589,   3,  -1,  -1,   0,   0,   0,   1,   6,   2,  12,   2,   3,
    3,   6,  48,   2,  12,  24, 192,   3]
[ 144,2595,   1,  -1,  -1,   0,   0,   0,   3,   6,   2,  12,   3,   3,
    3,   6,  48,   2,  12,  24, 192,   3]
[ 145,2598,   3,  -1,  -1,   0,   0,   0,   1,   6,   2,  12,   6,   3,
    3,   6,  48,   2,  12,  24, 192,   0]
[ 146,2604,   2,  -1,  -1,   0,   0,   1,   0,   6,   2,  12,   6,   6,
    6,  48,   3,   2,  12,  24, 192,   2]
[ 147,2613,   6,  12,  24,   2,   0,   0,   1,   6,   2,  12,   6,   0,
   12,  48,   3,   2,  12,  24, 192,   3]
[ 148,2667,   1,  -1,  -1,  12,   0,   0,   1,   2,   0,  12,   6,   6,
    2,  48,   3,   2,  24,  24, 192,   2]
[ 149,2748,   1,  -1,  -1,   1,  12,   0,   1,   0,   2,  12,   6,   6,
    2,  48,   3,   0,   2,  48, 192,   3]
[ 150,2991,   1,  -1,  -1,   1,  12,   0,   1,   1,   2,   0,   6,   0,
    2,  12,   3,   6,   2,  96, 192,   3]
[ 151,2991,   2,  -1,  -1,   1,  12,   0,   1,   1,   2,   0,   6,   1,
    2,  12,   3,   6,   2,  96, 192,   2]
[ 152,2994,   3,  -1,  -1,   0,   1,  12,   1,   2,   1,   2,   6,   0,
    3,  12,   3,   6,   2,  96, 192,   2]
[ 153,3000,   1,  -1,  -1,   0,   1,  12,   1,   3,   2,   3,   6,   0,
    3,  12,   3,   6,   2,  96, 192,   3]
[ 154,3003,   2,  -1,  -1,   0,   1,  12,   1,   0,   3,   3,   6,   3,
    3,  12,   3,   6,   2,  96, 192,   2]
[ 155,3009,   1,  -1,  -1,   0,   1,  12,   1,   2,   0,   6,   6,   0,
    6,  12,   3,   6,   2,  96, 192,   2]
[ 156,3018,   3,  -1,  -1,   0,   1,  12,   1,   1,   2,   0,  12,   0,
    6,  12,   3,   6,   2,  96, 192,   3]
[ 157,3024,   1,  -1,  -1,   0,   3,   0,   1,   0,   3,  12,  12,   1,
    6,  12,   3,   6,   2,  96, 192,   3]
[ 158,3054,   2,  -1,  -1,   0,   0,   1,   1,   0,   6,   0,  12,   1,
    6,  24,   3,   6,   2,  96, 192,   3]
[ 159,3063,   3,  -1,  -1,   0,   2,   0,   1,   0,   0,   1,  12,   1,
   12,  24,   3,   6,   2,  96, 192,   2]
[ 160,3066,   2,  -1,  -1,   3,   0,   2,   1,   0,   0,   1,  12,   1,
   12,  24,   3,   6,   2,  96, 192,   3]
[ 161,3069,   3,  -1,  -1,   2,   0,   0,   1,   3,   0,   3,  12,   1,
   12,  24,   3,   6,   2,  96, 192,   2]
[ 162,3072,   2,  -1,  -1,   3,   2,   0,   1,   0,   3,   3,  12,   1,
   12,  24,   3,   6,   2,  96, 192,   2]
[ 163,3075,   1,  -1,  -1,   2,   3,   2,   1,   0,   0,   6,  12,   1,
   12,  24,   3,   6,   2,  96, 192,   2]
[ 164,3078,   3,  -1,  -1,   1,   2,   3,   3,   0,   0,   6,  12,   1,
   12,  24,   3,   6,   2,  96, 192,   2]
[ 165,3084,   1,  -1,  -1,   3,   1,   2,   6,   0,   0,   6,  12,   1,
   12,  24,   3,   6,   2,  96, 192,   2]
[ 166,3087,   2,  -1,  -1,   1,   3,   3,   6,   0,   0,   6,  12,   1,
   12,  24,   3,   6,   2,  96, 192,   2]
[ 167,3090,   3,  -1,  -1,   2,   1,   6,   6,   0,   0,   6,  12,   1,
   12,  24,   3,   6,   2,  96, 192,   3]
[ 168,3102,   2,  -1,  -1,   0,   3,   0,   6,   2,   1,  12,  12,   1,
   12,  24,   3,   6,   2,  96, 192,   3]
[ 169,3105,   3,  -1,  -1,   2,   3,   0,   6,   0,   1,  12,  12,   3,
   12,  24,   3,   6,   2,  96, 192,   2]
[ 170,3135,   3,  -1,  -1,   3,   2,   3,   6,   0,   0,   1,  24,   3,
   12,  24,   3,   6,   2,  96, 192,   3]
[ 171,3138,   1,  -1,  -1,   3,   0,   3,   6,   3,   2,   1,  24,   3,
   12,  24,   3,   6,   2,  96, 192,   2]
[ 172,3141,   2,  -1,  -1,   1,   3,   3,   6,   0,   3,   3,  24,   3,
   12,  24,   3,   6,   2,  96, 192,   3]
[ 173,3147,   1,  -1,  -1,   0,   2,   0,   6,   1,   6,   6,  24,   3,
   12,  24,   3,   6,   2,  96, 192,   2]
[ 174,3156,   3,  -1,  -1,   1,   0,   2,   6,   0,   1,  12,  24,   3,
   12,  24,   3,   6,   2,  96, 192,   0]
[ 175,3159,   2,  -1,  -1,   1,   2,   6,   3,   1,  12,  24,   0,   3,
   12,  24,   3,   6,   2,  96, 192,   3]
[ 176,3267,   2,  -1,  -1,   1,   0,   0,   2,   1,   2,   6,   3,   3,
   24,  48,   3,   6,   2,  96, 192,   2]
[ 177,3270,   2,  -1,  -1,   0,   1,   0,   2,   2,   3,   6,   3,   3,
   24,  48,   3,   6,   2,  96, 192,   3]
[ 178,3273,   3,  -1,  -1,   0,   1,   0,   2,   2,   3,   6,   2,   3,
   24,  48,   6,   6,   2,  96, 192,   0]
[ 179,3276,   3,  -1,  -1,   1,   0,   2,   3,   2,   3,   6,   2,   3,
   24,  48,   6,   6,   2,  96, 192,   3]
[ 180,3282,   1,  -1,  -1,   3,   0,   2,   3,   3,   3,   6,   2,   3,
   24,  48,   6,   6,   2,  96, 192,   2]
[ 181,3285,   1,  -1,  -1,   0,   3,   2,   3,   1,   6,   6,   2,   3,
   24,  48,   6,   6,   2,  96, 192,   0]
[ 182,3294,   1,  -1,  -1,   3,   2,   3,   1,   1,  12,   2,   0,   3,
   24,  48,   6,   6,   2,  96, 192,   3]
[ 183,3294,   1,  -1,  -1,   3,   2,   3,   1,   1,  12,   2,   1,   3,
   24,  48,   6,   6,   2,  96, 192,   2]
[ 184,3297,   3,  -1,  -1,   3,   2,   3,   1,   1,   1,  12,   3,   3,
   24,  48,   6,   6,   2,  96, 192,   3]
[ 185,3303,   2,  -1,  -1,   3,   3,   3,   1,   1,   3,  12,   3,   3,
   24,  48,   6,   6,   2,  96, 192,   0]
[ 186,3306,   2,  -1,  -1,   6,   3,   1,   2,   1,   3,  12,   3,   3,
   24,  48,   6,   6,   2,  96, 192,   3]
[ 187,3309,   1,  -1,  -1,   6,   2,   1,   2,   1,   6,  12,   3,   3,
   24,  48,   6,   6,   2,  96, 192,   0]
[ 188,3312,   3,  -1,  -1,   6,   3,   2,   1,   1,   6,  12,   3,   3,
   24,  48,   6,   6,   2,  96, 192,   0]
[ 189,3318,   3,  -1,  -1,   6,   3,   3,   3,   1,   6,  12,   3,   3,
   24,  48,   6,   6,   2,  96, 192,   0]
[ 190,3324,   2,  -1,  -1,   6,   6,   3,   3,   1,   6,  12,   3,   3,
   24,  48,   6,   6,   2,  96, 192,   3]
[ 191,3336,   2,  -1,  -1,   6,   0,   3,   2,   1,  12,  12,   6,   3,
   24,  48,   6,   6,   2,  96, 192,   2]
[ 192,3363,   3,  -1,  -1,   2,   6,   3,   2,   0,   1,  24,   6,   3,
   24,  48,   6,   6,   2,  96, 192,   3]
[ 193,3375,   3,  -1,  -1,   0,   6,   3,   3,   2,   1,  24,   2,   3,
   24,  48,  12,   6,   2,  96, 192,   0]
[ 194,3381,   1,  -1,  -1,   6,   3,   3,   3,   3,  24,   2,   0,   3,
   24,  48,  12,   6,   2,  96, 192,   3]
[ 195,3465,   1,  -1,  -1,   1,   0,   3,   0,   6,   3,   2,   3,   6,
   48,  48,  12,   6,   2,  96, 192,   2]
[ 196,3708,   1,  -1,  -1,   1,   1,   0,   3,   6,   3,   2,   3,   0,
    6,  96,  12,   6,   2,  96, 192,   3]
[ 197,4440,   2,  -1,  -1,   1,   1,   0,   0,   1,   3,   0,   6,   6,
    6,   2,  12,   6,   2, 192, 192,   2]
[ 198,6636,   6,  12,  24,   0,   1,   1,   0,   2,   1,   3,   6,   0,
   12,   2,  12,   0,   6,   2, 384,   2]
[ 199,6648,   2,  -1,  -1,   6,   0,   1,   1,   0,   3,   3,   6,   0,
   12,   2,  12,   0,   6,   2, 384,   2]
[ 200,6651,   3,  -1,  -1,   0,   6,   1,   1,   2,   0,   6,   6,   0,
   12,   2,  12,   0,   6,   2, 384,   2]
[ 201,6663,   3,  -1,  -1,   0,   6,   1,   1,   3,   2,   0,  12,   0,
   12,   2,  12,   0,   6,   2, 384,   3]
[ 202,6693,   2,  -1,  -1,   0,   6,   0,   3,   0,   2,   1,   1,   3,
   12,   2,  24,   0,   6,   2, 384,   2]
[ 203,6696,   2,  -1,  -1,   2,   0,   6,   3,   0,   0,   3,   1,   3,
   12,   2,  24,   0,   6,   2, 384,   3]
[ 204,6696,   1,  -1,  -1,   2,   0,   6,   3,   2,   0,   3,   1,   0,
   12,   2,  24,   3,   6,   2, 384,   2]
[ 205,6696,   1,  -1,  -1,   1,   2,   6,   3,   0,   2,   3,   1,   0,
   12,   2,  24,   3,   6,   2, 384,   3]
[ 206,6696,   1,  -1,  -1,   1,   2,   6,   3,   1,   2,   3,   1,   0,
   12,   2,  24,   3,   6,   2, 384,   2]
[ 207,6702,   1,  -1,  -1,   0,   3,   6,   3,   1,   3,   3,   1,   0,
   12,   2,  24,   3,   6,   2, 384,   0]
[ 208,6705,   3,  -1,  -1,   3,   6,   3,   0,   1,   6,   1,   1,  12,
    2,  24,   0,   3,   6,   2, 384,   2]
[ 209,6708,   3,  -1,  -1,   3,   3,   6,   3,   1,   6,   1,   1,   0,
   12,   2,  24,   3,   6,   2, 384,   3]
[ 210,6714,   2,  -1,  -1,   3,   3,   0,   3,   3,   6,   6,   1,   1,
   12,   3,  24,   3,   6,   2, 384,   0]
[ 211,6726,   1,  -1,  -1,   6,   0,   3,   0,   3,  12,   1,   2,   1,
   12,   3,  24,   3,   6,   2, 384,   0]
[ 212,6729,   3,  -1,  -1,   6,   3,   0,   0,   3,  12,   3,   1,   1,
   12,   3,  24,   3,   6,   2, 384,   3]
[ 213,6762,   2,  -1,  -1,   6,   0,   3,   0,   3,   3,   0,   1,   1,
   24,   6,  24,   3,   6,   2, 384,   0]
[ 214,6765,   1,  -1,  -1,   6,   3,   0,   2,   6,   0,   1,   0,   1,
   24,   6,  24,   3,   6,   2, 384,   3]
[ 215,6774,   2,  -1,  -1,   1,   0,   0,   0,  12,   3,   1,   2,   1,
   24,   6,  24,   3,   6,   2, 384,   2]
[ 216,6777,   2,  -1,  -1,   2,   1,   0,   0,   0,  12,   3,   3,   1,
   24,   6,  24,   3,   6,   2, 384,   2]
[ 217,6780,   1,  -1,  -1,   0,   2,   1,   0,   2,   0,  12,   6,   1,
   24,   6,  24,   3,   6,   2, 384,   3]
[ 218,6783,   2,  -1,  -1,   0,   1,   1,   0,   0,   2,  12,   6,   3,
   24,   6,  24,   3,   6,   2, 384,   3]
[ 219,6789,   3,  -1,  -1,   2,   0,   1,   0,   0,   3,  12,   6,   0,
   24,   6,  24,   6,   6,   2, 384,   2]
[ 220,6801,   1,  -1,  -1,   0,   2,   0,   1,   0,   3,  12,   6,   0,
   24,   6,  24,   3,  12,   2, 384,   2]
[ 221,6801,   3,  -1,  -1,   1,   0,   2,   1,   0,   3,  12,   6,   0,
   24,   6,  24,   3,  12,   2, 384,   2]
[ 222,6807,   3,  -1,  -1,   3,   1,   0,   3,   0,   3,  12,   6,   0,
   24,   6,  24,   3,  12,   2, 384,   3]
[ 223,6810,   1,  -1,  -1,   3,   1,   0,   3,   3,   3,  12,   6,   0,
   24,   6,  24,   3,  12,   2, 384,   2]
[ 224,6813,   1,  -1,  -1,   1,   3,   1,   3,   0,   6,  12,   6,   0,
   24,   6,  24,   3,  12,   2, 384,   3]
[ 225,6813,   1,  -1,  -1,   1,   3,   1,   3,   1,   6,  12,   6,   0,
   24,   6,  24,   3,  12,   2, 384,   0]
[ 226,6813,   3,  -1,  -1,   1,   3,   1,   3,   1,   6,  12,   6,  24,
    6,  24,   1,   3,  12,   2, 384,   3]
[ 227,6825,   1,  -1,  -1,   1,   3,   1,   3,   1,   3,  12,   6,  24,
   12,  24,   1,   3,  12,   2, 384,   1]
[ 228,6828,   3,  -1,  -1,   1,   6,   1,   3,   1,  12,  12,   6,  24,
   12,  24,   1,   3,   1,   2, 384,   3]
[ 229,6858,   3,  -1,  -1,   1,   3,   1,   3,   1,   6,  12,   6,  24,
   24,  24,   1,   3,   1,   2, 384,   2]
[ 230,6945,   2,  -1,  -1,   1,   3,   1,   3,   1,   6,  12,   6,   0,
   24,  48,   1,   3,   3,   3, 384,   3]
[ 231,6945,   3,  -1,  -1,   2,   3,   1,   3,   1,   6,  12,   6,   1,
   24,  48,   1,   3,   3,   3, 384,   3]
[ 232,6951,   2,  -1,  -1,   3,   3,   1,   3,   3,   6,  12,   6,   1,
   24,  48,   1,   3,   3,   3, 384,   3]
[ 233,6954,   2,  -1,  -1,   2,   3,   1,   3,   6,   6,  12,   6,   1,
   24,  48,   1,   3,   3,   3, 384,   2]
[ 234,6966,   2,  -1,  -1,   2,   3,   1,   3,   2,  12,  12,   6,   1,
   24,  48,   1,   0,   3,   6, 384,   3]
[ 235,6966,   1,  -1,  -1,   2,   3,   1,   3,   2,  12,  12,   6,   2,
   24,  48,   1,   1,   3,   6, 384,   3]
[ 236,6969,   2,  -1,  -1,   1,   3,   1,   3,   2,  12,  12,   6,   2,
   24,  48,   1,   3,   3,   6, 384,   1]
[ 237,6972,   3,  -1,  -1,   3,   3,   1,   3,   2,  12,  12,   6,   3,
   24,  48,   1,   2,   3,   6, 384,   2]
[ 238,7005,   1,  -1,  -1,   0,   6,   1,   3,   3,   2,  24,   6,   3,
   24,  48,   1,   2,   3,   6, 384,   3]
[ 239,7008,  12,  24,  48,   1,   6,   1,   3,   0,   2,  24,   6,   6,
   24,  48,   1,   2,   3,   6, 384,   3]
[ 240,7251,   2,  -1,  -1,  48,   6,   1,   3,   1,   2,  24,   6,   6,
   24,  48,   1,   2,   3,   6, 384,   2]
