1516446063
[ 0, 9, 1,-1,-1, 3, 2, 1, 0, 3, 2, 0, 0, 0, 3, 1, 2, 0, 2, 0, 0, 2]
[ 1,12, 1,-1,-1, 0, 3, 2, 1, 0, 3, 2, 0, 1, 0, 3, 3, 0, 0, 2, 0, 2]
[ 2,18, 3,-1,-1, 0, 0, 3, 3, 0, 0, 3, 2, 1, 1, 0, 6, 0, 0, 0, 2, 2]
[ 3,24, 3,-1,-1, 3, 0, 0, 6, 0, 0, 3, 2, 0, 1, 1, 6, 0, 0, 0, 2, 3]
[ 4,27, 3,-1,-1, 3, 0, 0, 6, 3, 0, 0, 2, 0, 0, 3, 6, 0, 1, 1, 2, 2]
[ 5,33, 1,-1,-1, 0, 3, 0, 6, 3, 3, 0, 2, 0, 0, 3, 6, 0, 0, 1, 3, 1]
[ 6,36, 2,-1,-1, 3, 6, 0, 6, 0, 0, 3, 2, 0, 0, 1, 6, 0, 1, 0, 3, 2]
[ 7,36, 1,-1,-1, 2, 3, 6, 6, 0, 0, 3, 2, 0, 0, 1, 6, 0, 0, 1, 3, 2]
[ 8,45, 3,-1,-1, 1, 2, 3,12, 0, 0, 3, 2, 0, 0, 1, 6, 0, 0, 1, 3, 1]
[ 9,51, 2,-1,-1, 1, 2, 6,12, 0, 0, 1, 2, 0, 0, 1, 6, 0, 0, 3, 3, 2]
[10,60, 2,-1,-1, 0, 3, 6,12, 2, 0, 0, 3, 0, 0, 1, 6, 0, 0, 0, 6, 2]
[11,60, 3,-1,-1, 0, 3, 6,12, 2, 2, 0, 3, 0, 0, 1, 6, 0, 0, 0, 6, 3]
[12,72, 1,-1,-1, 0, 0, 3, 0, 0, 3, 6,12, 2, 2, 0, 3, 0, 0, 1,12, 3]
[13,72, 2,-1,-1, 1, 0, 0, 0, 0, 0, 3,12, 0, 3, 6, 3, 2, 2, 1,12, 2]
[14,75, 1,-1,-1, 2, 1, 0, 0, 0, 0, 3,12, 0, 3, 6, 3, 0, 2, 3,12, 1]
[15,75, 3,-1,-1, 2, 1, 3,12, 0, 3, 6, 3, 0, 2, 3,12, 0, 0, 1, 0, 3]
[16,78, 3,-1,-1, 0, 0, 3, 3, 2, 1, 6,12, 0, 3, 3, 3, 0, 2, 1,12, 2]
[17,93, 2,-1,-1, 3, 0, 0, 6, 0, 3, 6,12, 0, 0, 3, 6, 0, 0, 3,12, 3]
[18,96, 2,-1,-1, 0, 0, 2, 6, 3, 0, 0,12, 0, 3, 6, 6, 0, 0, 6,12, 3]
[ 19,105,  2, -1, -1,  0,  2,  0,  6,  0,  0,  2, 12,  3,  0,  0,  6,  0,
   3, 12, 12,  2]
[ 20,132,  2, -1, -1,  0,  0,  2,  6,  0,  0,  2, 12,  0,  3,  0,  6,  2,
   0,  3, 24,  3]
[ 21,132,  1, -1, -1,  0,  0,  2,  6,  0,  0,  2, 12,  0,  0,  2,  6,  2,
   3,  3, 24,  2]
[ 22,135,  3, -1, -1,  0,  0,  2,  6,  0,  0,  2, 12,  0,  0,  2,  6,  1,
   2,  6, 24,  2]
[ 23,141,  1, -1, -1,  0,  0,  2,  6,  0,  0,  2, 12,  0,  0,  2,  6,  3,
   3,  6, 24,  2]
[ 24,144,  1, -1, -1,  0,  0,  2,  6,  0,  0,  2, 12,  0,  0,  2,  6,  1,
   6,  6, 24,  2]
[ 25,153,  1, -1, -1,  0,  0,  2,  6,  0,  0,  2, 12,  0,  0,  2,  6,  1,
   1, 12, 24,  1]
[ 26,153,  3, -1, -1,  0,  0,  2,  6,  0,  0,  2, 12,  1,  1,  2,  6,  0,
   1, 12, 24,  2]
[ 27,159,  3, -1, -1,  0,  0,  2,  6,  0,  0,  2, 12,  3,  1,  3,  6,  0,
   1, 12, 24,  1]
[ 28,162,  1, -1, -1,  0,  0,  2,  6,  3,  1,  2, 12,  0,  1,  3,  6,  0,
   3, 12, 24,  2]
[ 29,165,  1, -1, -1,  0,  0,  2,  6,  1,  3,  3, 12,  0,  1,  3,  6,  0,
   3, 12, 24,  2]
[ 30,168,  3, -1, -1,  0,  0,  2,  6,  1,  1,  6, 12,  0,  1,  3,  6,  0,
   3, 12, 24,  1]
[ 31,171,  2, -1, -1,  1,  1,  2,  6,  0,  1,  6, 12,  0,  3,  3,  6,  0,
   3, 12, 24,  2]
[ 32,177,  1, -1, -1,  2,  1,  3,  6,  0,  1,  6, 12,  0,  0,  6,  6,  0,
   3, 12, 24,  2]
[ 33,189,  3, -1, -1,  0,  3,  3,  6,  0,  1,  6, 12,  1,  0,  0, 12,  0,
   3, 12, 24,  3]
[ 34,219,  1, -1, -1,  3,  0,  0,  0,  0,  3,  3,  6,  0,  1,  6, 24,  1,
   3, 12, 24,  2]
[ 35,222,  2, -1, -1,  1,  3,  0,  0,  0,  0,  6,  6,  0,  1,  6, 24,  1,
   3, 12, 24,  2]
[ 36,231,  2, -1, -1,  0,  1,  3,  0,  2,  0,  0, 12,  0,  1,  6, 24,  1,
   3, 12, 24,  3]
[ 37,312,  2, -1, -1,  0,  2,  0,  0,  0,  1,  3,  0,  2,  1,  6, 12,  1,
   3, 12, 48,  3]
[ 38,318,  3, -1, -1,  0,  2,  0,  0,  0,  3,  3,  0,  0,  1,  6, 12,  3,
   3, 12, 48,  2]
[ 39,324,  2, -1, -1,  0,  0,  2,  0,  3,  0,  3,  3,  0,  1,  6, 12,  0,
   6, 12, 48,  2]
[ 40,327,  1, -1, -1,  2,  0,  0,  2,  0,  3,  0,  6,  0,  1,  6, 12,  0,
   6, 12, 48,  2]
[ 41,327,  2, -1, -1,  1,  2,  0,  2,  0,  0,  3,  6,  0,  1,  6, 12,  0,
   6, 12, 48,  3]
[ 42,327,  1, -1, -1,  0,  2,  0,  2,  1,  2,  3,  6,  0,  1,  6, 12,  0,
   6, 12, 48,  3]
[ 43,330,  3, -1, -1,  0,  1,  0,  2,  0,  2,  3,  6,  1,  3,  6, 12,  0,
   6, 12, 48,  3]
[ 44,336,  1, -1, -1,  0,  3,  0,  2,  0,  3,  3,  6,  0,  3,  6, 12,  1,
   6, 12, 48,  2]
[ 45,339,  2, -1, -1,  1,  0,  3,  2,  0,  0,  6,  6,  0,  3,  6, 12,  1,
   6, 12, 48,  3]
[ 46,348,  1, -1, -1,  2,  0,  0,  2,  1,  0,  3,  6,  0,  3, 12, 12,  1,
   6, 12, 48,  3]
[ 47,375,  2, -1, -1,  1,  0,  0,  2,  2,  0,  0,  6,  1,  3,  3, 12,  1,
   6, 24, 48,  3]
[ 48,378,  6, -1, -1,  2,  0,  0,  2,  1,  0,  0,  6,  3,  3,  3, 12,  1,
   6, 24, 48,  3]
[ 49,390,  3, -1, -1,  6,  0,  0,  2,  3,  0,  0,  6,  3,  3,  3, 12,  1,
   6, 24, 48,  2]
[ 50,396,  3, -1, -1,  0,  6,  0,  2,  0,  3,  0,  6,  3,  3,  6, 12,  1,
   6, 24, 48,  3]
[ 51,402,  3, -1, -1,  0,  3,  0,  2,  0,  6,  0,  6,  3,  6,  6, 12,  1,
   6, 24, 48,  2]
[ 52,414,  3, -1, -1,  0,  0,  3,  2,  3,  0,  6,  6,  0,  3, 12, 12,  1,
   6, 24, 48,  2]
[ 53,453,  3, -1, -1,  0,  0,  3,  2,  3,  3,  0, 12,  0,  0,  3, 24,  1,
   6, 24, 48,  0]
[ 54,459,  1, -1, -1,  0,  3,  2,  0,  6,  0, 12,  0,  0,  3, 24,  3,  1,
   6, 24, 48,  3]
[ 55,540,  1, -1, -1,  0,  1,  0,  0,  0,  3,  2,  0,  6,  3, 12,  3,  1,
   6, 48, 48,  2]
[ 56,783,  2, -1, -1,  0,  0,  1,  0,  1,  0,  3,  2,  6,  3, 12,  3,  0,
   1,  6, 96,  2]
[ 57,783,  1, -1, -1,  0,  0,  0,  1,  2,  1,  3,  2,  6,  3, 12,  3,  0,
   1,  6, 96,  3]
[ 58,786,  3, -1, -1,  0,  0,  0,  1,  0,  1,  3,  3,  2,  3, 12,  3,  6,
   1,  6, 96,  2]
[ 59,792,  2, -1, -1,  0,  0,  0,  1,  3,  0,  1,  6,  2,  3, 12,  3,  6,
   1,  6, 96,  0]
[ 60,792,  1, -1, -1,  0,  0,  1,  2,  3,  1,  6,  0,  2,  3, 12,  3,  6,
   1,  6, 96,  3]
[ 61,792,  3, -1, -1,  0,  0,  1,  1,  3,  1,  6,  2,  2,  3, 12,  3,  6,
   1,  6, 96,  3]
[ 62,798,  6, 12, -1,  0,  0,  1,  3,  3,  1,  6,  3,  2,  3, 12,  3,  6,
   1,  6, 96,  3]
[ 63,810,  2, -1, -1,  0,  0,  1,  6,  3,  1,  6,  3,  2,  3, 12,  6,  6,
   1,  6, 96,  0]
[ 64,810,  2, -1, -1,  0,  1,  6,  2,  3,  1,  6,  3,  2,  3, 12,  6,  6,
   1,  6, 96,  3]
[ 65,819,  2, -1, -1,  0,  1,  2,  2,  3,  1, 12,  3,  2,  3, 12,  6,  6,
   1,  6, 96,  3]
[ 66,846,  2, -1, -1,  0,  1,  2,  2,  3,  1,  2,  3,  2,  3, 24,  6,  6,
   1,  6, 96,  2]
[ 67,852,  1, -1, -1,  2,  0,  3,  2,  0,  3,  3,  3,  2,  3, 24,  6,  6,
   1,  6, 96,  2]
[ 68,855,  1, -1, -1,  0,  2,  3,  2,  1,  0,  3,  6,  2,  3, 24,  6,  6,
   1,  6, 96,  3]
[ 69,870,  1, -1, -1,  1,  0,  0,  0,  0,  2,  6,  2,  3,  3, 24, 12,  6,
   1,  6, 96,  2]
[ 70,873,  2, -1, -1,  0,  1,  0,  0,  0,  2,  6,  2,  1,  6, 24, 12,  6,
   1,  6, 96,  2]
[ 71,873,  1, -1, -1,  2,  0,  1,  0,  0,  2,  6,  2,  1,  6, 24, 12,  6,
   1,  6, 96,  2]
[ 72,873,  3, -1, -1,  1,  2,  0,  1,  0,  2,  6,  2,  1,  6, 24, 12,  6,
   1,  6, 96,  3]
[ 73,879,  3, -1, -1,  0,  2,  0,  3,  1,  2,  6,  3,  1,  6, 24, 12,  6,
   1,  6, 96,  2]
[ 74,885,  2, -1, -1,  3,  0,  2,  3,  0,  3,  6,  3,  1,  6, 24, 12,  6,
   1,  6, 96,  3]
[ 75,888,  3, -1, -1,  0,  0,  2,  2,  3,  3,  6,  6,  1,  6, 24, 12,  6,
   1,  6, 96,  2]
[ 76,900,  3, -1, -1,  0,  0,  2,  2,  3,  3,  3, 12,  1,  6, 24, 12,  6,
   1,  6, 96,  2]
[ 77,906,  3, -1, -1,  0,  0,  2,  2,  3,  3,  6, 12,  1,  6, 24, 12,  6,
   1,  6, 96,  3]
[ 78,936,  3, -1, -1,  0,  0,  2,  3,  3,  3,  6,  2,  1,  6, 24, 24,  6,
   1,  6, 96,  2]
[  79,1023,   2,  -1,  -1,   0,   0,   2,   3,   3,   6,   6,   2,   0,
    1,   6,  48,   6,   1,   6,  96,   3]
[  80,1032,   1,  -1,  -1,   0,   0,   2,   3,   0,   6,   2,   2,   3,
    1,   6,  48,   6,   1,  12,  96,   0]
[  81,1032,   3,  -1,  -1,   0,   2,   3,   1,   6,   2,   2,   0,   3,
    1,   6,  48,   6,   1,  12,  96,   3]
[  82,1038,   1,  -1,  -1,   0,   3,   3,   0,   6,   2,   2,   1,   3,
    3,   6,  48,   6,   1,  12,  96,   2]
[  83,1044,   6,  12,  -1,   0,   0,   3,   3,   0,   6,   2,   3,   1,
    6,   6,  48,   6,   1,  12,  96,   3]
[  84,1083,   2,  -1,  -1,   0,  12,   3,   0,   0,   0,   2,   6,   1,
   12,   6,  48,   6,   1,  12,  96,   0]
[  85,1083,   3,  -1,  -1,  12,   3,   0,   0,   0,   2,   6,   2,   1,
   12,   6,  48,   6,   1,  12,  96,   3]
[  86,1095,   1,  -1,  -1,   0,   3,   3,   0,  12,   2,   0,   2,   1,
   12,  12,  48,   6,   1,  12,  96,   2]
[  87,1122,   2,  -1,  -1,   1,   0,   3,   3,   0,  12,   2,   2,   0,
    1,  24,  48,   6,   1,  12,  96,   0]
[  88,1122,   2,  -1,  -1,   1,   3,   3,   0,  12,   2,   2,   2,   1,
   24,  48,   0,   6,   1,  12,  96,   2]
[  89,1122,   1,  -1,  -1,   2,   1,   3,   3,  12,   2,   2,   2,   0,
    1,  24,  48,   6,   1,  12,  96,   3]
[  90,1125,   1,  -1,  -1,   0,   1,   3,   3,   2,   1,   2,   2,  12,
    3,  24,  48,   6,   1,  12,  96,   2]
[  91,1131,   2,  -1,  -1,   1,   0,   1,   6,   0,   2,   3,   2,  12,
    3,  24,  48,   6,   1,  12,  96,   3]
[  92,1131,   1,  -1,  -1,   2,   0,   1,   6,   1,   2,   3,   2,  12,
    3,  24,  48,   6,   1,  12,  96,   2]
[  93,1134,   1,  -1,  -1,   0,   2,   1,   6,   1,   3,   3,   2,  12,
    3,  24,  48,   6,   1,  12,  96,   2]
[  94,1140,   6,  12,  -1,   0,   0,   3,   6,   1,   1,   6,   2,  12,
    3,  24,  48,   6,   1,  12,  96,   0]
[  95,1167,   2,  -1,  -1,   0,   3,   6,  12,   1,   1,   6,   2,  12,
    3,  24,  48,   6,   1,  12,  96,   3]
[  96,1176,   3,  -1,  -1,   0,   3,   2,  12,   1,   1,  12,   2,  12,
    3,  24,  48,   6,   1,  12,  96,   0]
[  97,1179,   3,  -1,  -1,   3,   2,  12,   3,   1,   1,  12,   2,  12,
    3,  24,  48,   6,   1,  12,  96,   3]
[  98,1212,   2,  -1,  -1,   3,   3,   0,   3,   1,   3,  24,   2,  12,
    3,  24,  48,   6,   1,  12,  96,   3]
[  99,1296,   1,  -1,  -1,   3,   0,   2,   3,   1,   3,   0,   2,  12,
    6,  48,  48,   6,   1,  12,  96,   2]
[ 100,1539,   2,  -1,  -1,   0,   3,   2,   3,   1,   1,   3,   2,   0,
   12,   6,  96,   6,   1,  12,  96,   3]
[ 101,2268,   3,  -1,  -1,   2,   3,   2,   0,   0,   1,   3,   3,   1,
   12,   6,   2,   6,   1,  12, 192,   2]
[ 102,2274,   3,  -1,  -1,   3,   2,   3,   2,   0,   0,   1,   6,   1,
   12,   6,   2,   6,   1,  12, 192,   0]
[ 103,2277,   3,  -1,  -1,   3,   2,   3,   2,   0,   1,   6,   3,   1,
   12,   6,   2,   6,   1,  12, 192,   3]
[ 104,2292,   1,  -1,  -1,   0,   0,   3,   2,   3,   3,   3,   3,   1,
   12,  12,   2,   6,   1,  12, 192,   2]
[ 105,2322,   3,  -1,  -1,   0,   0,   3,   2,   0,   3,   3,   6,   1,
    1,  24,   2,   6,   1,  12, 192,   3]
[ 106,2328,   3,  -1,  -1,   0,   0,   3,   2,   0,   3,   6,   6,   1,
    1,  24,   2,   6,   1,  12, 192,   2]
[ 107,2340,   2,  -1,  -1,   0,   0,   3,   2,   3,   0,   3,  12,   1,
    1,  24,   2,   6,   1,  12, 192,   1]
[ 108,2343,   2,  -1,  -1,   3,   0,   6,   2,   1,   1,  24,  12,   6,
    1,  12,   2,   0,   0,   2, 192,   3]
[ 109,2343,   1,  -1,  -1,   0,   2,   6,   2,   3,   0,  24,  12,   1,
    1,  12,   2,   6,   1,   2, 192,   2]
[ 110,2346,   1,  -1,  -1,   0,   2,   6,   2,   1,   3,  24,  12,   1,
    1,  12,   2,   0,   6,   3, 192,   1]
[ 111,2346,   3,  -1,  -1,   1,   2,   6,   2,   1,   3,  24,  12,   0,
    1,  12,   2,   1,   6,   3, 192,   2]
[ 112,2352,   1,  -1,  -1,   3,   3,   6,   2,   1,   3,  24,  12,   0,
    1,  12,   2,   1,   6,   3, 192,   0]
[ 113,2355,   6,  12,  24,   6,   6,   2,   0,   1,   3,  24,  12,   1,
   12,   2,   1,   1,   6,   3, 192,   2]
[ 114,2439,   2,  -1,  -1,   0,   6,   6,   2,   1,   3,  24,  12,  24,
    1,  12,   3,   1,   6,   3, 192,   2]
[ 115,2448,   2,  -1,  -1,   2,   0,  12,   2,   1,   3,  24,  12,  24,
    1,  12,   3,   1,   6,   3, 192,   3]
[ 116,2451,   3,  -1,  -1,   2,   0,  12,   2,   3,   3,  24,  12,  24,
    1,  12,   3,   1,   6,   3, 192,   2]
[ 117,2457,   2,  -1,  -1,   0,   2,  12,   2,   3,   6,  24,  12,  24,
    1,  12,   3,   1,   6,   3, 192,   1]
[ 118,2457,   2,  -1,  -1,   3,   2,  12,   2,  24,   6,  24,  12,   1,
    1,  12,   3,   2,   6,   3, 192,   3]
