1515863039
[ 0, 9, 2,-1,-1, 1, 2, 3, 0, 0, 0, 2, 0, 1, 2, 0, 3, 0, 3, 0, 1, 3]
[ 1, 9, 1,-1,-1, 0, 0, 2, 0, 1, 2, 3, 0, 0, 2, 2, 3, 1, 3, 0, 1, 3]
[ 2, 9, 3,-1,-1, 0, 0, 1, 0, 0, 2, 2, 0, 1, 2, 3, 3, 1, 3, 2, 1, 2]
[ 3,18, 3,-1,-1, 0, 0, 0, 1, 0, 0, 2, 2, 0, 1, 2, 6, 3, 1, 3, 3, 2]
[ 4,27, 1,-1,-1, 0, 0, 0, 1, 0, 0, 2, 2, 0, 0, 3, 6, 3, 3, 1, 6, 3]
[ 5,36, 3,-1,-1, 0, 0, 0, 1, 0, 0, 2, 1, 0, 0, 3, 2, 3, 3, 1,12, 3]
[ 6,42, 1,-1,-1, 0, 0, 0, 3, 0, 0, 2, 1, 0, 0, 3, 3, 3, 3, 1,12, 2]
[ 7,51, 2,-1,-1, 0, 0, 0, 3, 0, 0, 0, 3, 0, 0, 0, 6, 1, 6, 1,12, 3]
[ 8,54, 3,-1,-1, 0, 0, 0, 2, 0, 0, 0, 6, 0, 0, 0, 6, 1, 6, 1,12, 3]
[ 9,66, 2,-1,-1, 0, 0, 0, 3, 0, 0, 0, 2, 0, 0, 0,12, 1, 6, 1,12, 3]
[10,93, 1,-1,-1, 0, 0, 0, 2, 0, 0, 0, 3, 0, 0, 0, 2, 1, 6, 1,24, 1]
[11,93, 2,-1,-1, 0, 0, 0, 2, 0, 0, 0, 3, 1, 6, 1, 2, 1, 0, 0,24, 2]
[12,96, 3,-1,-1, 0, 0, 0, 2, 0, 0, 0, 3, 2, 1, 6, 3, 0, 1, 0,24, 3]
[ 13,102,  2, -1, -1,  3,  0,  0,  0,  0,  0,  0,  2,  0,  1,  0,  6,  2,
   1,  6, 24,  2]
[ 14,105,  1, -1, -1,  2,  3,  0,  0,  0,  0,  0,  2,  0,  0,  1,  6,  0,
   3,  6, 24,  2]
[ 15,105,  2, -1, -1,  1,  2,  3,  0,  0,  0,  0,  2,  0,  0,  1,  6,  0,
   3,  6, 24,  2]
[ 16,105,  1, -1, -1,  2,  1,  2,  3,  0,  0,  0,  2,  0,  0,  1,  6,  0,
   3,  6, 24,  3]
[ 17,105,  1, -1, -1,  0,  0,  1,  3,  2,  1,  2,  2,  0,  0,  1,  6,  0,
   3,  6, 24,  3]
[ 18,108,  2, -1, -1,  1,  0,  0,  3,  0,  0,  1,  2,  2,  1,  3,  6,  0,
   3,  6, 24,  2]
[ 19,114,  2, -1, -1,  2,  1,  0,  3,  0,  0,  0,  3,  0,  3,  3,  6,  0,
   3,  6, 24,  2]
[ 20,117,  1, -1, -1,  2,  2,  1,  3,  0,  0,  0,  3,  0,  0,  6,  6,  0,
   3,  6, 24,  3]
[ 21,129,  3, -1, -1,  0,  0,  0,  1,  2,  2,  1,  6,  0,  0,  0,  6,  0,
   3, 12, 24,  2]
[ 22,135,  1, -1, -1,  0,  0,  0,  1,  3,  2,  3,  6,  0,  0,  0,  6,  0,
   3, 12, 24,  3]
[ 23,144,  3, -1, -1,  0,  0,  1,  0,  0,  0,  0,  1,  3,  2,  3, 12,  0,
   3, 12, 24,  3]
[ 24,147,  2, -1, -1,  3,  0,  0,  0,  0,  0,  1,  1,  0,  2,  3, 12,  3,
   3, 12, 24,  2]
[ 25,150,  3, -1, -1,  2,  3,  0,  0,  0,  0,  1,  1,  0,  2,  3, 12,  0,
   6, 12, 24,  2]
[ 26,153,  3, -1, -1,  3,  2,  3,  0,  0,  0,  1,  1,  0,  2,  3, 12,  0,
   6, 12, 24,  2]
[ 27,156,  3, -1, -1,  3,  3,  2,  3,  0,  0,  1,  1,  0,  2,  3, 12,  0,
   6, 12, 24,  3]
[ 28,162,  1, -1, -1,  3,  0,  0,  3,  3,  3,  3,  1,  0,  2,  3, 12,  0,
   6, 12, 24,  3]
[ 29,165,  2, -1, -1,  1,  0,  0,  3,  3,  3,  0,  1,  3,  2,  6, 12,  0,
   6, 12, 24,  2]
[ 30,165,  3, -1, -1,  0,  1,  0,  3,  2,  3,  3,  1,  3,  2,  6, 12,  0,
   6, 12, 24,  2]
[ 31,171,  1, -1, -1,  0,  0,  1,  3,  3,  2,  6,  1,  3,  2,  6, 12,  0,
   6, 12, 24,  3]
[ 32,180,  3, -1, -1,  0,  0,  1,  3,  0,  2,  1,  1,  3,  2, 12, 12,  3,
   6, 12, 24,  2]
[ 33,213,  2, -1, -1,  0,  0,  1,  3,  3,  0,  3,  1,  0,  3,  2, 24,  3,
   6, 12, 24,  3]
[ 34,294,  2, -1, -1,  2,  0,  1,  0,  0,  0,  3,  3,  3,  3,  2,  1,  3,
   6, 12, 48,  2]
[ 35,300,  6, -1, -1,  0,  2,  0,  1,  0,  0,  0,  6,  2,  3,  3,  3,  3,
   6, 12, 48,  2]
[ 36,312,  1, -1, -1,  0,  0,  2,  1,  0,  0,  0,  6,  6,  2,  3,  6,  3,
   6, 12, 48,  3]
[ 37,321,  1, -1, -1,  0,  0,  0,  1,  0,  0,  2,  1,  6,  2,  3, 12,  3,
   6, 12, 48,  2]
[ 38,324,  6, -1, -1,  0,  0,  0,  1,  1,  0,  0,  3,  6,  2,  3, 12,  3,
   6, 12, 48,  2]
[ 39,333,  2, -1, -1,  0,  0,  0,  1,  6,  1,  0,  3,  6,  2,  3, 12,  3,
   6, 12, 48,  3]
[ 40,345,  3, -1, -1,  2,  0,  0,  1,  0,  0,  0,  3, 12,  3,  3, 12,  3,
   6, 12, 48,  2]
[ 41,351,  1, -1, -1,  0,  2,  0,  1,  0,  0,  0,  3,  3, 12,  6, 12,  3,
   6, 12, 48,  3]
[ 42,354,  1, -1, -1,  1,  0,  0,  1,  0,  2,  0,  3,  0, 12,  6, 12,  6,
   6, 12, 48,  0]
[ 43,363,  3, -1, -1,  1,  0,  1,  1,  2,  0,  3,  0, 12,  6, 12,  0, 12,
  12, 48,  0,  2]
[ 44,366,  2, -1, -1,  3,  1,  1,  1,  0,  2,  0,  3,  0, 12,  6, 12,  0,
  12, 12, 48,  3]
[ 45,393,  1, -1, -1,  0,  2,  0,  1,  3,  1,  1,  3,  0,  2,  6, 12,  0,
  24, 12, 48,  3]
[ 46,396,  2, -1, -1,  0,  1,  0,  1,  0,  2,  1,  3,  3,  3,  6, 12,  0,
  24, 12, 48,  2]
[ 47,402,  2, -1, -1,  0,  0,  1,  1,  2,  0,  3,  3,  0,  6,  6, 12,  0,
  24, 12, 48,  3]
[ 48,402,  3, -1, -1,  2,  0,  1,  1,  0,  0,  3,  3,  2,  6,  6, 12,  0,
  24, 12, 48,  2]
[ 49,417,  3, -1, -1,  0,  2,  1,  1,  3,  0,  0,  6,  0,  2, 12, 12,  0,
  24, 12, 48,  3]
[ 50,447,  2, -1, -1,  0,  3,  0,  1,  0,  2,  1,  6,  3,  2,  0, 12,  0,
  24, 24, 48,  2]
[ 51,531,  1, -1, -1,  2,  0,  3,  1,  0,  0,  3,  6,  0,  3,  2, 12,  0,
   0, 48, 48,  3]
[ 52,534,  3, -1, -1,  0,  1,  0,  1,  2,  0,  6,  6,  0,  0,  2, 12,  0,
   3, 48, 48,  2]
[ 53,789,  1, -1, -1,  0,  0,  1,  1,  3,  2,  0, 12,  0,  0,  2, 12,  0,
   0,  3, 96,  3]
[ 54,816,  1, -1, -1,  0,  0,  0,  1,  0,  0,  1,  1,  3,  2,  2, 24,  0,
   0,  3, 96,  3]
[ 55,819,  3, -1, -1,  0,  0,  1,  1,  0,  0,  0,  1,  0,  0,  3, 24,  3,
   2,  3, 96,  3]
[ 56,825,  2, -1, -1,  0,  0,  3,  1,  0,  0,  1,  1,  0,  0,  0, 24,  3,
   2,  6, 96,  3]
[ 57,825,  3, -1, -1,  0,  0,  2,  1,  0,  0,  3,  1,  0,  0,  1, 24,  3,
   2,  6, 96,  2]
[ 58,831,  3, -1, -1,  3,  0,  0,  3,  0,  0,  3,  1,  0,  0,  1, 24,  3,
   2,  6, 96,  2]
[ 59,834,  2, -1, -1,  3,  3,  0,  3,  0,  0,  3,  1,  0,  0,  1, 24,  3,
   2,  6, 96,  2]
[ 60,834,  2, -1, -1,  2,  3,  3,  3,  0,  0,  3,  1,  0,  0,  1, 24,  3,
   2,  6, 96,  2]
[ 61,837,  1, -1, -1,  2,  2,  3,  6,  0,  0,  3,  1,  0,  0,  1, 24,  3,
   2,  6, 96,  3]
[ 62,840,  1, -1, -1,  0,  1,  0,  6,  2,  2,  6,  1,  0,  0,  1, 24,  3,
   2,  6, 96,  3]
[ 63,840,  2, -1, -1,  0,  1,  0,  6,  0,  1,  6,  1,  2,  2,  1, 24,  3,
   2,  6, 96,  2]
[ 64,843,  3, -1, -1,  2,  0,  1,  6,  0,  1,  6,  1,  0,  2,  3, 24,  3,
   2,  6, 96,  3]
[ 65,849,  2, -1, -1,  0,  3,  1,  6,  2,  0,  6,  1,  0,  3,  3, 24,  3,
   2,  6, 96,  2]
[ 66,852,  3, -1, -1,  0,  3,  1,  6,  2,  2,  6,  1,  0,  0,  6, 24,  3,
   2,  6, 96,  3]
[ 67,864,  2, -1, -1,  0,  0,  3,  6,  0,  3,  1,  1,  2,  2,  6, 24,  3,
   2, 12, 96,  1]
[ 68,864,  1, -1, -1,  0,  3,  3,  6,  2,  2,  1,  1,  3,  2,  6, 24,  0,
   2, 12, 96,  2]
[ 69,870,  3, -1, -1,  1,  0,  6,  6,  0,  2,  3,  1,  3,  2,  6, 24,  0,
   2, 12, 96,  2]
[ 70,882,  3, -1, -1,  3,  1,  0, 12,  0,  2,  3,  1,  3,  2,  6, 24,  0,
   2, 12, 96,  3]
[ 71,888,  3, -1, -1,  3,  0,  0, 12,  3,  3,  3,  1,  0,  2,  6, 24,  3,
   2, 12, 96,  2]
[ 72,894,  1, -1, -1,  3,  3,  0, 12,  0,  3,  6,  1,  0,  2,  6, 24,  3,
   2, 12, 96,  3]
[ 73,906,  1, -1, -1,  0,  0,  1, 12,  3,  6,  0,  1,  0,  2, 12, 24,  3,
   2, 12, 96,  3]
[ 74,933,  2, -1, -1,  1,  0,  0, 12,  0,  6,  1,  1,  3,  2,  0, 24,  3,
   2, 24, 96,  3]
[ 75,936,  2, -1, -1,  2,  0,  0, 12,  1,  6,  0,  1,  0,  2,  1, 24,  6,
   2, 24, 96,  0]
[ 76,936,  1, -1, -1,  2,  0, 12,  0,  1,  6,  1,  0,  2,  1, 24,  2,  6,
   2, 24, 96,  3]
[  77,1023,   2,  -1,  -1,   0,   1,   0,   0,   2,   0,  12,   0,   3,
    6,   1,   2,   6,   3,  48,  96,   2]
[  78,1026,   3,  -1,  -1,   0,   0,   1,   0,   0,   2,   0,  12,   2,
    3,   6,   3,   6,   3,  48,  96,   3]
[  79,1032,   3,  -1,  -1,   0,   3,   0,   0,   0,   0,   1,  12,   2,
    2,   6,   3,   6,   6,  48,  96,   0]
[  80,1044,   3,  -1,  -1,   3,   0,   0,   3,   0,   1,  12,   0,   2,
    2,   6,   3,  12,  48,  96,   0,   2]
[  81,1047,   1,  -1,  -1,   0,   3,   0,   3,   0,   0,   1,  12,   2,
    2,   6,   3,   3,  12,  48,  96,   0]
[  82,1047,   3,  -1,  -1,   3,   0,   3,   1,   0,   1,  12,   0,   2,
    2,   6,   3,   3,  12,  48,  96,   3]
[  83,1053,   2,  -1,  -1,   0,   3,   3,   0,   3,   0,  12,   1,   2,
    3,   6,   3,   3,  12,  48,  96,   3]
[  84,1053,   1,  -1,  -1,   0,   2,   3,   0,   3,   3,  12,   1,   2,
    3,   6,   3,   3,  12,  48,  96,   3]
[  85,1056,   1,  -1,  -1,   0,   1,   3,   0,   3,   2,  12,   1,   2,
    6,   6,   3,   3,  12,  48,  96,   2]
[  86,1065,   2,  -1,  -1,   1,   0,   1,   3,   3,   2,  12,   1,   0,
    2,  12,   3,   3,  12,  48,  96,   3]
[  87,1092,   2,  -1,  -1,   2,   0,   0,   3,   1,   2,   1,   1,   3,
    2,  24,   3,   3,  12,  48,  96,   2]
[  88,1095,   1,  -1,  -1,   0,   2,   0,   3,   2,   1,   3,   1,   3,
    2,  24,   3,   3,  12,  48,  96,   3]
[  89,1101,   2,  -1,  -1,   0,   1,   0,   3,   0,   2,   3,   1,   2,
    3,  24,   3,   6,  12,  48,  96,   3]
[  90,1104,   1,  -1,  -1,   0,   2,   0,   3,   0,   3,   3,   1,   2,
    3,  24,   3,   6,  12,  48,  96,   3]
[  91,1107,   1,  -1,  -1,   0,   1,   0,   3,   0,   2,   3,   1,   2,
    6,  24,   3,   6,  12,  48,  96,   3]
[  92,1110,   2,  -1,  -1,   0,   1,   0,   3,   0,   3,   3,   1,   2,
    6,  24,   3,   6,  12,  48,  96,   0]
[  93,1110,   1,  -1,  -1,   1,   0,   3,   0,   3,   3,   1,   2,   2,
    6,  24,   3,   6,  12,  48,  96,   2]
[  94,1113,   2,  -1,  -1,   1,   1,   0,   3,   0,   3,   3,   3,   2,
    6,  24,   3,   6,  12,  48,  96,   2]
[  95,1116,   2,  -1,  -1,   0,   1,   1,   3,   2,   0,   3,   6,   2,
    6,  24,   3,   6,  12,  48,  96,   0]
[  96,1116,   1,  -1,  -1,   1,   1,   3,   0,   2,   3,   6,   2,   2,
    6,  24,   3,   6,  12,  48,  96,   3]
[  97,1119,   3,  -1,  -1,   1,   1,   3,   0,   3,   3,   6,   2,   2,
    6,  24,   3,   6,  12,  48,  96,   2]
[  98,1125,   3,  -1,  -1,   3,   1,   1,   3,   0,   6,   6,   2,   2,
    6,  24,   3,   6,  12,  48,  96,   3]
[  99,1137,   3,  -1,  -1,   0,   3,   1,   3,   3,   1,   6,   2,   2,
   12,  24,   3,   6,  12,  48,  96,   3]
[ 100,1167,   3,  -1,  -1,   0,   3,   1,   3,   3,   3,   6,   2,   2,
    1,  24,   3,   6,  24,  48,  96,   0]
[ 101,1176,   2,  -1,  -1,   3,   1,   3,   0,   6,   6,   2,   0,   3,
   24,   3,   3,   6,  24,  48,  96,   3]
[ 102,1257,   3,  -1,  -1,   3,   2,   3,   0,   6,   1,   2,   0,   3,
    6,   3,   3,   6,  48,  48,  96,   2]
[ 103,1506,   1,  -1,  -1,   0,   3,   2,   3,   3,   6,   1,   2,   0,
    3,   6,   6,   0,   6,  96,  96,   2]
[ 104,2247,   1,  -1,  -1,   0,   3,   2,   3,   0,   3,   6,   3,   1,
    0,   3,  12,   0,   0,   6, 192,   3]
[ 105,2250,   2,  -1,  -1,   0,   0,   2,   1,   0,   3,   6,   6,   0,
    3,   3,  12,   1,   0,   6, 192,   2]
[ 106,2265,   1,  -1,  -1,   0,   0,   0,   3,   0,   0,   3,  12,   0,
    0,   6,  12,   2,   1,   6, 192,   3]
[ 107,2301,   2,  -1,  -1,   0,   0,   1,   0,   0,   0,   0,   3,   0,
    0,   3,  24,   2,   1,  12, 192,   2]
[ 108,2304,   3,  -1,  -1,   2,   0,   0,   1,   0,   0,   0,   3,   0,
    0,   3,  24,   0,   3,  12, 192,   2]
[ 109,2307,   1,  -1,  -1,   3,   2,   0,   1,   0,   0,   0,   3,   0,
    0,   3,  24,   0,   3,  12, 192,   2]
[ 110,2307,   3,  -1,  -1,   1,   3,   2,   1,   0,   0,   0,   3,   0,
    0,   3,  24,   0,   3,  12, 192,   2]
[ 111,2313,   2,  -1,  -1,   3,   1,   3,   3,   0,   0,   0,   3,   0,
    0,   3,  24,   0,   3,  12, 192,   3]
[ 112,2316,   3,  -1,  -1,   0,   0,   0,   2,   3,   1,   3,   6,   0,
    0,   3,  24,   0,   3,  12, 192,   3]
[ 113,2322,   2,  -1,  -1,   0,   0,   3,   2,   0,   0,   0,   6,   3,
    1,   6,  24,   0,   3,  12, 192,   3]
[ 114,2322,   2,  -1,  -1,   2,   0,   0,   2,   0,   0,   3,   6,   0,
    1,   6,  24,   3,   3,  12, 192,   3]
[ 115,2322,   1,  -1,  -1,   2,   0,   0,   2,   2,   0,   3,   6,   0,
    1,   6,  24,   3,   3,  12, 192,   3]
[ 116,2322,   1,  -1,  -1,   1,   0,   0,   2,   2,   0,   3,   6,   2,
    1,   6,  24,   3,   3,  12, 192,   2]
[ 117,2328,   2,  -1,  -1,   1,   1,   0,   2,   0,   2,   3,   6,   0,
    3,   6,  24,   0,   6,  12, 192,   3]
[ 118,2331,   3,  -1,  -1,   2,   0,   0,   2,   1,   3,   3,   6,   0,
    3,   6,  24,   0,   6,  12, 192,   2]
[ 119,2337,   3,  -1,  -1,   3,   2,   0,   2,   0,   1,   6,   6,   0,
    3,   6,  24,   0,   6,  12, 192,   3]
[ 120,2352,   3,  -1,  -1,   0,   0,   3,   2,   3,   3,   0,   6,   0,
    3,  12,  24,   0,   6,  12, 192,   3]
[ 121,2385,   1,  -1,  -1,   3,   0,   0,   2,   0,   0,   3,   6,   3,
    6,   0,  24,   0,   6,  24, 192,   3]
[ 122,2394,   2,  -1,  -1,   1,   0,   0,   2,   3,   0,   0,   6,   0,
    0,   3,  24,   3,  12,  24, 192,   0]
[ 123,2394,   1,  -1,  -1,   1,   0,   2,   0,   3,   0,   6,   2,   0,
    3,  24,   0,   3,  12,  24, 192,   3]
[ 124,2475,   3,  -1,  -1,   0,   0,   0,   1,   1,   0,   2,   0,   3,
    3,   6,   2,   3,  12,  48, 192,   3]
[ 125,2481,   2,  -1,  -1,   0,   0,   0,   3,   0,   0,   2,   1,   1,
    3,   6,   2,   6,  12,  48, 192,   3]
[ 126,2484,   2,  -1,  -1,   0,   0,   0,   2,   0,   0,   2,   3,   1,
    3,   6,   3,   6,  12,  48, 192,   3]
[ 127,2487,   3,  -1,  -1,   0,   0,   0,   2,   0,   0,   2,   2,   1,
    3,   6,   6,   6,  12,  48, 192,   2]
[ 128,2499,   2,  -1,  -1,   0,   0,   0,   2,   0,   0,   2,   2,   3,
    1,   3,  12,   6,  12,  48, 192,   0]
[ 129,2499,   1,  -1,  -1,   0,   0,   2,   0,   0,   2,   2,   2,   3,
    1,   3,  12,   6,  12,  48, 192,   3]
[ 130,2502,   3,  -1,  -1,   0,   1,   2,   0,   0,   0,   2,   2,   3,
    3,   3,  12,   6,  12,  48, 192,   2]
[ 131,2508,   1,  -1,  -1,   3,   0,   1,   2,   0,   0,   2,   2,   0,
    3,   6,  12,   6,  12,  48, 192,   3]
[ 132,2511,   2,  -1,  -1,   1,   0,   0,   2,   3,   0,   3,   2,   0,
    3,   6,  12,   6,  12,  48, 192,   2]
[ 133,2511,   3,  -1,  -1,   2,   1,   0,   2,   0,   3,   3,   2,   0,
    3,   6,  12,   6,  12,  48, 192,   2]
[ 134,2517,   1,  -1,  -1,   0,   2,   1,   2,   3,   0,   6,   2,   0,
    3,   6,  12,   6,  12,  48, 192,   3]
[ 135,2526,   3,  -1,  -1,   0,   0,   1,   2,   0,   2,   1,   2,   3,
    3,  12,  12,   6,  12,  48, 192,   2]
[ 136,2562,   1,  -1,  -1,   3,   0,   0,   3,   0,   0,   2,   3,   0,
    3,   3,  24,   6,  12,  48, 192,   3]
[ 137,2565,   1,  -1,  -1,   0,   0,   0,   1,   3,   0,   2,   6,   0,
    3,   3,  24,   6,  12,  48, 192,   3]
[ 138,2565,   6,  12,  24,   1,   0,   0,   1,   0,   0,   2,   6,   3,
    3,   3,  24,   6,  12,  48, 192,   2]
[ 139,2649,   3,  -1,  -1,   0,   1,   0,   1,   0,   0,   2,   6,  24,
    3,   6,  24,   6,  12,  48, 192,   3]
[ 140,2652,   2,  -1,  -1,   0,   3,   0,   1,   0,   1,   2,   6,  24,
    3,   6,  24,   6,  12,  48, 192,   2]
[ 141,2655,   1,  -1,  -1,   2,   0,   3,   1,   0,   0,   3,   6,  24,
    3,   6,  24,   6,  12,  48, 192,   0]
[ 142,2655,   2,  -1,  -1,   2,   3,   1,   1,   0,   3,   6,   0,  24,
    3,   6,  24,   6,  12,  48, 192,   3]
[ 143,2667,   2,  -1,  -1,   0,   2,   0,   0,   2,   3,   1,   1,  24,
    6,  12,  24,   6,  12,  48, 192,   2]
[ 144,2667,   3,  -1,  -1,   2,   0,   2,   0,   2,   3,   1,   1,  24,
    6,  12,  24,   6,  12,  48, 192,   3]
[ 145,2673,   3,  -1,  -1,   2,   0,   3,   0,   2,   3,   3,   1,  24,
    6,  12,  24,   6,  12,  48, 192,   0]
[ 146,2679,   2,  -1,  -1,   2,   3,   0,   3,   2,   6,   1,   0,  24,
    6,  12,  24,   6,  12,  48, 192,   3]
[ 147,2688,   3,  -1,  -1,   2,   2,   0,   0,   2,   3,   1,   3,  24,
   12,  12,  24,   6,  12,  48, 192,   2]
[ 148,2718,   1,  -1,  -1,   3,   2,   2,   0,   2,   3,   1,   3,   0,
   24,  24,  24,   6,  12,  48, 192,   2]
[ 149,2799,   1,  -1,  -1,   0,   3,   2,   2,   2,   3,   1,   3,   1,
    0,  24,  48,   6,  12,  48, 192,   3]
[ 150,2805,   3,  -1,  -1,   0,   0,   1,   2,   0,   3,   3,   3,   3,
    3,  24,  48,   6,  12,  48, 192,   2]
[ 151,2817,   2,  -1,  -1,   0,   0,   0,   3,   3,   0,   3,   6,   0,
    6,  24,  48,   6,  12,  48, 192,   0]
[ 152,2817,   1,  -1,  -1,   0,   0,   3,   0,   3,   3,   6,   2,   6,
   24,  48,   0,   6,  12,  48, 192,   3]
[ 153,3069,   3,  -1,  -1,   1,   0,   0,   0,   0,   3,   3,   0,   3,
   24,   6,   2,  12,  12,  96, 192,   2]
[ 154,3099,   6,  12,  24,   0,   1,   0,   0,   3,   0,   3,   3,   3,
   24,   6,   2,   0,  24,  96, 192,   3]
[ 155,3207,   1,  -1,  -1,   0,  12,   0,   0,   0,   1,   3,   3,   3,
    0,   6,   2,   3,  48,  96, 192,   3]
[ 156,3210,   2,  -1,  -1,   1,   0,   0,   0,   0,  12,   3,   3,   0,
    1,   6,   2,   6,  48,  96, 192,   2]
[ 157,3213,   3,  -1,  -1,   0,   1,   0,   0,   2,   0,  12,   6,   0,
    1,   6,   2,   6,  48,  96, 192,   3]
[ 158,3216,   1,  -1,  -1,   3,   0,   0,   0,   0,   1,  12,   6,   2,
    1,   6,   2,   6,  48,  96, 192,   2]
[ 159,3219,   3,  -1,  -1,   0,   3,   0,   0,   0,   1,  12,   6,   1,
    3,   6,   2,   6,  48,  96, 192,   0]
[ 160,3222,   2,  -1,  -1,   3,   0,   0,   3,   1,  12,   6,   0,   1,
    3,   6,   2,   6,  48,  96, 192,   3]
[ 161,3231,   2,  -1,  -1,   3,   0,   0,   2,   1,  12,   0,   3,   1,
    3,  12,   2,   6,  48,  96, 192,   2]
[ 162,3231,   1,  -1,  -1,   2,   3,   0,   2,   0,   1,  12,   3,   1,
    3,  12,   2,   6,  48,  96, 192,   3]
[ 163,3258,   1,  -1,  -1,   0,   3,   1,   2,   2,   1,   0,   3,   1,
    3,  24,   2,   6,  48,  96, 192,   3]
[ 164,3261,   1,  -1,  -1,   0,   3,   1,   2,   0,   1,   1,   3,   3,
    3,  24,   2,   6,  48,  96, 192,   2]
[ 165,3267,   6,  12,  24,   0,   0,   3,   3,   0,   1,   1,   3,   1,
    6,  24,   2,   6,  48,  96, 192,   3]
[ 166,3297,   2,  -1,  -1,   0,   0,   3,  12,   0,   1,   1,   6,   1,
    6,  24,   2,   6,  48,  96, 192,   0]
[ 167,3297,   2,  -1,  -1,   0,   3,  12,   2,   1,   1,   6,   0,   1,
    6,  24,   2,   6,  48,  96, 192,   2]
[ 168,3297,   3,  -1,  -1,   0,   3,  12,   2,   2,   1,   1,   6,   1,
    6,  24,   2,   6,  48,  96, 192,   2]
[ 169,3303,   2,  -1,  -1,   0,   3,  12,   2,   3,   3,   1,   6,   1,
    6,  24,   2,   6,  48,  96, 192,   2]
[ 170,3306,   1,  -1,  -1,   0,   3,  12,   2,   2,   6,   1,   6,   1,
    6,  24,   2,   6,  48,  96, 192,   3]
[ 171,3318,   1,  -1,  -1,   0,   1,  12,   2,   0,   3,   1,   6,   3,
   12,  24,   2,   6,  48,  96, 192,   0]
[ 172,3318,   3,  -1,  -1,   1,  12,   2,   0,   3,   1,   6,   1,   3,
   12,  24,   2,   6,  48,  96, 192,   3]
[ 173,3327,   3,  -1,  -1,   0,  12,   2,   3,   1,   1,   6,   0,   6,
   12,  24,   3,   6,  48,  96, 192,   3]
[ 174,3339,   2,  -1,  -1,   0,  12,   2,   3,   0,   1,   6,   3,   1,
   12,  24,   3,  12,  48,  96, 192,   3]
[ 175,3342,   3,  -1,  -1,   0,  12,   2,   2,   0,   1,   6,   3,   1,
   12,  24,   6,  12,  48,  96, 192,   1]
[ 176,3345,   2,  -1,  -1,   0,  12,   2,   2,   1,   1,   6,   3,  12,
   12,  24,   6,   3,  48,  96, 192,   2]
[ 177,3372,   2,  -1,  -1,   0,  12,   2,   2,   1,   1,   6,   3,   2,
   24,  24,   6,   3,  48,  96, 192,   2]
[ 178,3453,   3,  -1,  -1,   0,  12,   2,   2,   1,   1,   6,   3,   2,
    2,  48,   6,   3,  48,  96, 192,   3]
[ 179,3462,   1,  -1,  -1,   0,   3,   2,   2,   0,  12,   6,   3,   3,
    3,  48,   6,   3,  48,  96, 192,   0]
[ 180,3465,   3,  -1,  -1,   3,   2,   2,   0,  12,   6,   3,   1,   6,
   48,   6,   0,   3,  48,  96, 192,   3]
[ 181,3711,   2,  -1,  -1,   3,   0,   2,   3,  12,   2,   3,   0,   6,
    6,   6,   1,   3,  96,  96, 192,   2]
[ 182,4449,   1,  -1,  -1,   0,   3,   2,   3,   0,  12,   2,   3,   2,
    6,  12,   1,   0,   3, 192, 192,   3]
[ 183,4452,   3,  -1,  -1,   1,   3,   2,   0,   0,  12,   2,   6,   0,
    6,  12,   1,   2,   3, 192, 192,   3]
[ 184,4455,   1,  -1,  -1,   3,   3,   2,   0,   1,  12,   2,   6,   0,
    6,  12,   1,   2,   3, 192, 192,   2]
[ 185,6642,   3,  -1,  -1,   0,   3,   3,   2,   1,  12,   2,   6,   0,
    6,  12,   1,   1,   2,   3, 384,   2]
[ 186,6651,   1,  -1,  -1,   0,   0,   6,   2,   1,  12,   2,   6,   0,
    6,  12,   1,   3,   3,   3, 384,   2]
[ 187,6654,   2,  -1,  -1,   0,   0,   6,   2,   1,  12,   2,   6,   0,
    6,  12,   1,   1,   3,   6, 384,   1]
[ 188,6654,   1,  -1,  -1,   1,  12,   6,   2,   0,   6,   2,   6,   1,
    3,  12,   1,   2,   0,   6, 384,   3]
[ 189,6657,   2,  -1,  -1,   0,   1,   6,   2,   1,  12,   2,   6,   0,
    6,  12,   1,   3,   3,   6, 384,   2]
[ 190,6660,   3,  -1,  -1,   0,   1,   6,   2,   1,  12,   2,   6,   0,
    6,  12,   1,   2,   6,   6, 384,   3]
[ 191,6672,   1,  -1,  -1,   0,   3,   6,   2,   0,   1,   2,   6,   1,
   12,  12,   1,   2,  12,   6, 384,   3]
[ 192,6702,   3,  -1,  -1,   1,   0,   6,   2,   0,   3,   2,   6,   0,
    1,  12,   1,   3,  24,   6, 384,   1]
[ 193,6705,   2,  -1,  -1,   1,   3,   6,   2,   0,   1,   2,   6,   3,
   24,  12,   1,   3,   0,   6, 384,   2]
[ 194,6708,   6,  12,  24,   1,   3,   6,   2,   2,   0,   3,   6,   3,
   24,  12,   1,   0,   3,   6, 384,   1]
[ 195,6738,   6,  12,  24,   3,   3,   6,   2,   3,  24,   3,   6,   0,
    3,  12,   1,   0,  12,   6, 384,   2]
[ 196,6750,   1,  -1,  -1,   6,   6,   6,   2,   3,  24,   3,   6,   0,
    3,  12,   1,   0,  12,   6, 384,   2]
[ 197,6759,   2,  -1,  -1,   1,   6,  12,   2,   3,  24,   3,   6,   0,
    3,  12,   1,   0,  12,   6, 384,   3]
[ 198,6759,   3,  -1,  -1,   2,   6,  12,   2,   1,  24,   3,   6,   3,
    3,  12,   1,   0,  12,   6, 384,   1]
[ 199,6765,   2,  -1,  -1,   3,   6,  12,   2,   3,  24,   3,   6,   0,
    3,  12,   1,   3,  12,   6, 384,   1]
[ 200,6768,  12,  24,  48,   6,   6,  12,   2,   0,  24,   3,   6,   3,
    3,  12,   1,   2,  12,   6, 384,   2]
[ 201,6807,   1,  -1,  -1,  12,  12,  12,   2,   0,  24,   3,   6,   0,
    6,  12,   1,   2,  12,   6, 384,   2]
[ 202,6834,   3,  -1,  -1,   1,  12,  24,   2,   0,  24,   3,   6,   0,
    6,  12,   1,   2,  12,   6, 384,   0]
[ 203,6837,  12,  24,  48,   1,  12,  24,   2,  24,   3,   6,   0,   6,
   12,   1,   3,   2,  12,   6, 384,   2]
[ 204,6864,   2,  -1,  -1,   1,  12,  24,   2,  12,  24,   3,   6,   6,
   12,   1,   3,   2,  12,   6, 384,   1]
[ 205,6891,   1,  -1,  -1,   1,  12,  24,   2,  12,  24,   3,   6,   6,
   24,   1,   3,   2,   2,   6, 384,   3]
[ 206,6972,   2,  -1,  -1,   1,   1,  24,   2,  12,  12,   3,   6,   6,
   48,   1,   3,   2,   2,   6, 384,   0]
