1516446021
0,3,2,1,0,0,0,2,0,3,2,0,3,2,1,0,1,-1,-1,3,3,0,1,0,0,0,3,2,1,0,3,0,2,3,2,3,0,3,-1,-1
0,0,1,0,0,3,2,1,0,3,0,2,3,2,3,0,3,-1,-1,3,6,0,0,3,0,0,0,1,0,0,6,2,1,3,2,3,2,1,-1,-1
0,0,3,0,0,0,1,0,0,6,2,1,3,2,3,2,1,-1,-1,3,6,0,0,1,0,0,0,3,0,0,6,3,0,3,2,3,3,2,-1,-1
0,0,0,1,0,0,3,0,0,6,3,0,3,2,3,3,2,-1,-1,2,3,0,0,0,1,2,0,0,3,0,0,6,3,0,3,2,6,3,-1,-1
0,0,0,1,2,0,0,3,0,0,6,3,0,3,2,6,3,-1,-1,0,3,0,0,1,3,2,0,3,0,0,6,3,0,3,2,6,0,2,-1,-1
0,0,1,0,2,0,3,0,0,6,3,0,3,2,6,3,2,-1,-1,2,0,2,0,0,1,0,2,0,3,0,0,6,3,3,2,6,3,3,-1,-1
0,0,0,1,2,2,0,3,0,0,6,3,3,2,6,3,3,-1,-1,3,15,0,0,0,3,0,0,0,1,2,2,0,3,3,2,12,6,1,-1,-1
0,0,0,3,0,0,0,1,2,2,0,3,3,2,12,6,1,-1,-1,1,0,0,0,0,3,2,2,0,1,3,2,12,3,1,0,0,6,1,-1,-1
0,0,0,3,2,2,0,1,3,2,12,3,0,0,1,6,1,-1,-1,2,0,0,0,0,3,1,2,2,1,3,2,12,3,0,0,1,6,1,-1,-1
0,0,0,3,1,2,2,1,3,2,12,3,0,0,1,6,1,-1,-1,3,0,0,1,0,3,0,0,2,1,1,2,12,3,3,2,1,6,2,-1,-1
1,0,0,3,0,0,2,1,1,2,12,3,3,2,1,6,2,-1,-1,0,6,1,0,3,2,0,2,1,0,3,12,3,0,3,3,6,0,3,-1,-1
1,0,3,0,0,2,1,2,3,12,3,0,3,3,6,0,3,-1,-1,3,6,0,0,3,3,1,2,1,0,0,12,3,2,6,3,6,0,3,-1,-1
3,0,3,0,1,2,1,0,0,12,3,2,6,3,6,0,3,-1,-1,2,3,0,3,0,3,0,1,2,1,0,12,3,2,3,6,3,6,2,-1,-1
0,3,0,3,3,1,2,1,0,12,3,2,0,6,3,6,2,-1,-1,0,3,3,0,3,0,3,3,1,0,12,3,2,0,6,3,6,2,1,-1,-1
3,0,3,0,3,3,1,2,12,3,2,0,6,3,6,0,1,-1,-1,1,6,6,3,3,2,12,3,3,0,6,3,6,0,0,0,1,0,1,-1,-1
6,3,3,2,12,3,3,0,6,3,6,0,0,0,1,0,1,-1,-1,2,3,0,6,6,2,1,12,3,3,0,6,3,6,0,0,0,1,1,-1,-1
1,6,6,2,0,12,3,3,0,6,3,6,0,0,0,1,1,-1,-1,0,9,1,12,2,0,12,3,3,0,6,3,6,0,0,0,1,1,3,-1,-1
1,12,2,1,12,3,3,0,6,3,6,0,0,0,1,0,3,-1,-1,1,6,1,12,2,1,12,6,3,0,6,0,6,0,0,3,1,0,1,-1,-1
1,12,2,1,12,6,3,0,6,0,6,0,0,3,1,0,1,-1,-1,3,0,0,0,2,1,1,12,3,1,12,6,6,0,6,3,1,0,2,-1,-1
0,0,2,1,1,12,3,1,12,6,6,0,6,3,1,0,2,-1,-1,3,0,0,0,2,2,1,12,3,1,12,6,6,1,6,3,1,0,3,-1,-1
0,0,2,2,1,12,3,1,12,6,6,1,6,3,1,0,3,-1,-1,3,3,0,0,2,3,1,12,3,2,12,6,6,1,6,3,1,1,3,-1,-1
0,0,2,3,1,12,3,2,12,6,6,1,6,3,1,1,3,-1,-1,3,6,0,0,2,3,1,12,3,3,12,6,6,3,6,3,1,1,1,-1,-1
0,0,2,3,1,12,3,3,12,6,6,3,6,3,1,1,1,-1,-1,3,3,0,0,2,1,1,12,3,3,12,6,6,6,6,3,1,1,2,-1,-1
0,0,2,1,1,12,3,3,12,6,6,6,6,3,1,1,2,-1,-1,0,12,0,2,1,2,1,12,6,0,12,12,6,0,6,3,1,1,2,-1,-1
0,2,1,0,1,12,6,0,12,12,6,2,6,3,1,1,2,-1,-1,1,36,1,2,1,0,12,24,12,2,6,3,1,1,0,0,0,2,3,-1,-1
1,2,1,0,12,24,12,2,6,3,1,1,0,0,2,0,3,-1,-1,2,3,0,1,2,1,12,24,12,2,6,3,1,1,3,0,0,2,2,-1,-1
3,1,2,1,12,24,12,2,6,3,1,1,0,0,0,2,2,-1,-1,2,3,2,3,1,3,12,24,12,2,6,3,1,1,0,0,0,2,1,-1,-1
2,3,1,3,12,24,12,2,6,3,1,1,0,0,0,2,1,-1,-1,3,3,0,0,0,1,2,3,1,3,12,24,12,2,6,3,1,3,2,-1,-1
0,0,0,1,2,3,1,3,12,24,12,2,6,3,1,3,2,-1,-1,0,0,0,0,1,2,2,3,1,3,12,24,12,2,6,3,1,3,2,-1,-1
0,0,1,2,2,3,1,3,12,24,12,2,6,3,1,3,2,-1,-1,2,3,2,0,0,3,2,3,1,3,12,24,12,2,6,3,1,3,2,-1,-1
2,0,0,3,2,3,1,3,12,24,12,2,6,3,1,3,2,-1,-1,3,3,2,0,0,2,2,3,1,6,12,24,12,2,6,3,1,3,1,-1,-1
2,0,0,2,2,3,1,6,12,24,12,2,6,3,1,3,1,-1,-1,0,0,2,0,2,1,2,3,1,6,12,24,12,2,6,3,1,3,3,-1,-1
2,0,2,1,2,3,1,6,12,24,12,2,6,3,1,3,3,-1,-1,2,6,3,2,0,3,2,3,1,6,12,24,12,2,6,3,1,3,3,-1,-1
3,2,0,3,2,3,1,6,12,24,12,2,6,3,1,3,3,-1,-1,2,3,3,3,2,3,2,3,1,6,12,24,12,2,6,3,1,3,1,-1,-1
3,3,2,3,2,3,1,6,12,24,12,2,6,3,1,3,1,-1,-1,3,6,3,0,1,3,2,6,3,6,12,24,12,2,6,3,1,3,2,-1,-1
1516446063
3,2,1,0,3,2,0,0,0,3,1,2,0,2,0,0,1,-1,-1,2,3,0,3,2,1,0,3,2,0,1,0,3,3,0,0,2,0,1,-1,-1
0,3,2,1,0,3,2,0,1,0,3,3,0,0,2,0,1,-1,-1,2,6,0,0,3,3,0,0,3,2,0,1,0,6,1,0,0,2,3,-1,-1
1,0,3,3,0,0,3,2,0,1,0,6,0,0,0,2,3,-1,-1,2,6,0,1,0,6,0,0,3,2,3,0,1,6,0,0,0,2,1,-1,-1
0,1,0,6,0,0,3,2,3,0,1,6,0,0,0,2,1,-1,-1,3,0,1,0,0,6,0,1,0,2,0,0,3,6,3,0,1,2,2,-1,-1
0,0,1,6,0,1,0,2,0,0,3,6,3,0,1,2,2,-1,-1,2,3,0,0,1,6,2,0,1,2,0,0,3,6,0,3,0,3,3,-1,-1
0,0,1,6,0,0,1,2,0,0,3,6,2,3,0,3,3,-1,-1,1,3,0,0,1,6,0,0,1,2,2,3,3,6,0,3,0,3,3,-1,-1
0,0,1,6,0,0,1,2,2,3,3,6,3,0,0,3,3,-1,-1,2,9,0,0,1,6,0,0,0,3,3,2,6,6,0,3,0,3,2,-1,-1
0,0,1,6,3,0,0,3,0,2,6,6,0,3,0,3,2,-1,-1,2,9,0,0,1,6,2,3,0,3,0,0,2,12,0,0,3,3,1,-1,-1
0,0,1,6,0,3,0,3,2,0,2,12,0,0,3,3,1,-1,-1,1,0,0,3,1,6,2,0,2,3,0,0,3,12,0,0,1,3,1,-1,-1
0,3,1,6,2,0,2,3,0,0,3,12,1,0,0,3,1,-1,-1,2,0,0,3,1,6,0,2,2,3,0,0,3,12,1,1,0,3,2,-1,-1
0,3,1,6,0,2,2,3,0,0,3,12,1,1,0,3,2,-1,-1,2,0,0,3,1,6,0,2,2,3,0,0,3,12,2,1,1,3,2,-1,-1
0,3,1,6,0,2,2,3,0,0,3,12,2,1,1,3,2,-1,-1,3,3,0,0,2,6,0,3,3,3,0,2,3,12,2,1,1,3,3,-1,-1
0,2,0,6,0,3,3,3,0,2,3,12,2,1,1,3,3,-1,-1,3,9,0,3,0,6,0,2,0,3,0,3,6,12,2,3,1,3,3,-1,-1
0,0,3,6,0,2,0,3,0,3,6,12,2,3,1,3,3,-1,-1,2,3,0,0,3,6,3,0,2,3,0,3,6,12,2,3,1,3,1,-1,-1
0,0,3,6,3,0,2,3,0,3,6,12,2,3,1,3,1,-1,-1,1,0,3,0,3,6,0,3,2,3,2,3,6,12,0,1,1,3,3,-1,-1
3,0,3,6,0,3,2,3,2,3,6,12,0,1,1,3,3,-1,-1,3,6,3,0,3,6,3,0,2,3,0,6,6,12,2,1,1,3,3,-1,-1
0,3,3,6,3,0,2,3,0,6,6,12,2,1,1,3,3,-1,-1,2,18,0,0,6,6,0,3,2,3,0,0,12,12,3,3,1,3,2,-1,-1
3,0,6,6,0,3,2,3,0,0,12,12,0,3,1,3,2,-1,-1,3,0,0,2,6,6,3,0,2,3,0,3,12,12,0,3,1,3,2,-1,-1
2,0,6,6,3,0,2,3,0,3,12,12,0,3,1,3,2,-1,-1,3,3,0,2,6,6,2,0,2,3,3,0,12,12,0,6,1,3,3,-1,-1
0,2,6,6,2,0,2,3,3,0,12,12,0,6,1,3,3,-1,-1,2,39,0,0,2,12,0,2,2,3,3,3,0,24,0,6,1,3,2,-1,-1
3,0,2,12,0,2,2,3,0,3,0,24,0,6,1,3,2,-1,-1,3,0,2,0,0,12,3,2,2,3,0,3,2,24,0,6,1,3,1,-1,-1
0,0,2,12,3,2,2,3,0,3,2,24,0,6,1,3,1,-1,-1,1,3,3,2,2,12,0,3,2,3,0,6,3,24,0,1,0,3,1,-1,-1
3,2,2,12,0,3,2,3,0,6,3,24,0,1,0,3,1,-1,-1,2,0,3,2,2,12,0,3,2,3,0,6,3,24,1,0,1,3,1,-1,-1
3,2,2,12,0,3,2,3,0,6,3,24,1,0,1,3,1,-1,-1,1,0,3,2,2,12,0,3,2,3,1,6,3,24,1,0,1,3,1,-1,-1
3,2,2,12,0,3,2,3,1,6,3,24,1,0,1,3,1,-1,-1,2,0,3,2,2,12,0,3,2,3,1,6,3,24,1,1,1,3,3,-1,-1
3,2,2,12,0,3,2,3,1,6,3,24,1,1,1,3,3,-1,-1,1,3,3,2,2,12,1,3,2,3,1,6,3,24,3,1,1,3,2,-1,-1
1516446193
0,0,2,2,1,1,3,2,0,1,2,0,0,0,0,1,3,-1,-1,2,3,0,0,2,2,1,1,3,2,3,0,1,2,0,0,0,1,3,-1,-1
0,0,2,2,1,1,3,2,3,0,1,2,0,0,0,1,3,-1,-1,3,6,0,0,3,0,0,0,2,2,1,1,3,2,3,0,1,3,3,-1,-1
0,0,3,0,0,0,2,2,1,1,3,2,3,0,1,3,3,-1,-1,3,3,0,3,3,0,0,0,2,2,1,0,3,2,3,1,1,3,2,-1,-1
0,3,3,0,0,0,2,2,1,0,3,2,3,1,1,3,2,-1,-1,0,0,3,3,0,0,0,2,2,2,1,3,2,0,3,1,1,3,1,-1,-1
3,3,0,2,0,2,2,0,1,3,2,0,3,1,1,3,1,-1,-1,3,3,1,3,0,0,3,2,0,2,1,3,2,0,3,1,3,3,1,-1,-1
0,3,0,1,3,2,0,2,1,3,2,0,3,1,3,3,1,-1,-1,2,3,0,0,3,1,0,3,2,2,1,1,3,2,0,3,1,6,2,-1,-1
0,0,3,1,0,3,2,2,1,1,3,2,0,3,1,6,2,-1,-1,3,3,0,0,3,2,0,3,2,3,0,1,3,2,1,3,1,6,2,-1,-1
2,0,3,0,0,3,2,3,0,1,3,2,1,3,1,6,2,-1,-1,2,0,2,2,0,3,0,3,2,3,0,1,3,2,1,3,1,6,1,-1,-1
2,2,0,3,0,3,2,3,0,1,3,2,1,3,1,6,1,-1,-1,3,3,0,2,0,1,2,3,2,6,0,1,3,2,1,3,1,6,3,-1,-1
1,2,0,0,2,3,2,6,0,1,3,2,1,3,1,6,3,-1,-1,2,3,3,1,2,0,2,3,2,6,0,1,3,2,1,3,1,6,3,-1,-1
3,1,2,0,2,3,2,6,0,1,3,2,1,3,1,6,3,-1,-1,3,3,3,1,2,0,3,3,2,6,2,1,3,2,1,3,1,6,3,-1,-1
3,1,2,0,3,3,2,6,2,1,3,2,1,3,1,6,3,-1,-1,3,6,3,1,2,0,3,3,2,6,3,1,3,2,3,3,1,6,2,-1,-1
3,1,2,0,3,3,2,6,3,1,3,2,3,3,1,6,2,-1,-1,2,6,2,3,1,2,0,6,2,6,3,1,3,2,0,6,1,6,1,-1,-1
0,3,1,2,2,6,2,6,3,1,3,2,0,6,1,6,1,-1,-1,2,3,1,0,3,3,2,6,2,6,3,1,3,2,0,6,1,6,3,-1,-1
1,0,3,3,2,6,2,6,3,1,3,2,0,6,1,6,3,-1,-1,0,3,1,3,3,0,2,6,2,6,3,1,3,2,6,1,6,3,2,-1,-1
1,3,3,0,2,6,2,6,3,1,3,2,6,1,6,3,2,-1,-1,3,3,2,3,3,0,3,6,2,6,3,1,3,2,6,1,6,3,2,-1,-1
2,3,3,0,3,6,2,6,3,1,3,2,6,1,6,3,2,-1,-1,3,3,2,3,3,0,2,6,2,6,6,1,3,2,6,1,6,3,1,-1,-1
2,3,3,0,2,6,2,6,6,1,3,2,6,1,6,3,1,-1,-1,0,3,2,6,0,1,2,6,2,6,6,1,3,2,6,1,6,3,1,-1,-1
2,6,0,1,2,6,2,6,6,1,3,2,6,1,6,3,1,-1,-1,3,18,1,0,0,1,2,12,2,6,2,1,3,2,12,1,6,3,1,-1,-1
1,0,0,1,2,12,2,6,2,1,3,2,12,1,6,3,1,-1,-1,2,3,0,1,0,1,2,12,2,6,1,3,3,2,12,1,6,3,2,-1,-1
0,1,0,1,2,12,2,6,1,3,3,2,12,1,6,3,2,-1,-1,2,3,2,0,1,1,2,12,2,6,0,1,6,2,12,1,6,3,1,-1,-1
0,0,1,1,2,12,2,6,2,1,6,2,12,1,6,3,1,-1,-1,2,3,0,0,1,1,2,12,2,6,1,3,6,2,12,1,6,3,3,-1,-1
0,0,1,1,2,12,2,6,1,3,6,2,12,1,6,3,3,-1,-1,3,15,0,0,3,1,0,12,1,6,3,3,2,2,12,1,12,3,3,-1,-1
0,0,3,1,0,12,1,6,3,3,2,2,12,1,12,3,3,-1,-1,2,6,0,0,3,1,0,12,1,6,3,6,2,2,12,1,12,3,3,-1,-1
0,0,3,1,0,12,1,6,3,6,2,2,12,1,12,3,3,-1,-1,3,6,0,0,3,1,0,12,3,6,3,6,3,2,12,1,12,3,3,-1,-1
0,0,3,1,0,12,3,6,3,6,3,2,12,1,12,3,3,-1,-1,3,6,0,0,3,1,0,12,3,6,3,6,6,2,12,1,12,3,2,-1,-1
0,0,3,1,0,12,3,6,3,6,6,2,12,1,12,3,2,-1,-1,2,9,0,0,3,1,0,12,3,6,2,3,12,2,12,1,12,3,1,-1,-1
0,0,3,1,0,12,3,6,2,3,12,2,12,1,12,3,1,-1,-1,0,0,0,3,1,0,12,3,6,1,2,3,12,2,12,1,12,3,3,-1,-1
0,3,1,1,12,3,6,0,2,3,12,2,12,1,12,3,3,-1,-1,3,33,0,3,0,0,12,3,1,1,2,6,6,2,12,1,24,3,1,-1,-1
0,0,0,3,12,3,1,1,2,6,6,2,12,1,24,3,1,-1,-1,2,9,0,0,0,3,12,3,1,1,1,2,12,2,12,1,24,3,2,-1,-1
0,0,0,3,12,3,1,1,1,2,12,2,12,1,24,3,2,-1,-1,3,6,0,0,0,2,12,0,1,3,1,3,12,3,12,3,24,3,3,-1,-1
0,2,0,0,12,0,1,3,1,3,12,3,12,3,24,3,3,-1,-1,0,3,2,0,0,3,12,1,3,0,1,3,12,3,12,3,24,3,2,-1,-1
2,0,0,0,12,1,3,3,1,3,12,3,12,3,24,3,2,-1,-1,3,6,2,0,0,2,12,0,3,0,1,1,12,3,12,6,24,6,1,-1,-1
2,2,0,0,12,0,3,0,1,1,12,3,12,6,24,6,1,-1,-1,3,0,2,1,0,0,12,2,3,0,1,1,12,3,12,6,24,6,2,-1,-1
2,1,0,0,12,2,3,0,1,1,12,3,12,6,24,6,2,-1,-1,2,0,2,2,1,0,0,12,2,3,1,1,12,3,12,6,24,6,3,-1,-1
2,2,1,0,0,12,2,3,1,1,12,3,12,6,24,6,3,-1,-1,3,9,3,2,0,0,2,12,3,0,1,1,12,6,12,6,24,6,1,-1,-1
0,2,0,3,2,12,3,0,1,1,12,6,12,6,24,6,1,-1,-1,3,12,0,2,0,1,0,12,3,3,3,1,12,0,12,6,24,12,2,-1,-1
0,2,0,1,0,12,3,3,3,1,12,0,12,6,24,12,2,-1,-1,2,3,2,0,2,1,0,0,12,6,0,3,1,12,12,6,24,12,3,-1,-1
0,0,2,1,0,0,12,6,2,3,1,12,12,6,24,12,3,-1,-1,3,30,0,0,2,3,0,0,12,1,2,3,1,6,12,6,24,24,1,-1,-1
0,0,2,3,0,0,12,1,2,3,1,6,12,6,24,24,1,-1,-1,2,81,0,0,2,3,0,0,12,1,2,3,1,6,1,12,6,48,3,-1,-1
0,0,2,3,0,0,12,1,2,3,1,6,1,12,6,48,3,-1,-1,3,6,3,0,2,3,0,0,12,1,0,3,1,6,3,12,6,48,1,-1,-1
3,0,2,3,0,0,12,1,0,3,1,6,3,12,6,48,1,-1,-1,3,0,1,0,2,3,3,0,12,1,0,3,1,6,3,12,6,48,2,-1,-1
1,0,2,3,3,0,12,1,0,3,1,6,3,12,6,48,2,-1,-1,2,0,2,1,2,3,0,3,12,1,0,3,1,6,3,12,6,48,3,-1,-1
2,1,2,3,0,3,12,1,0,3,1,6,3,12,6,48,3,-1,-1,3,6,0,3,2,3,2,1,12,1,0,6,1,6,3,12,6,48,2,-1,-1
0,3,2,3,2,1,12,1,0,6,1,6,3,12,6,48,2,-1,-1,3,0,2,3,2,3,0,1,12,1,2,6,1,6,3,12,6,48,3,-1,-1
2,3,2,3,0,1,12,1,2,6,1,6,3,12,6,48,3,-1,-1,0,3,2,3,2,3,1,12,1,3,2,6,1,6,3,12,6,48,2,-1,-1
2,3,2,3,1,12,1,3,2,6,1,6,3,12,6,48,2,-1,-1,3,9,2,3,0,0,2,12,3,6,3,6,1,6,3,12,6,48,1,-1,-1
0,3,0,2,2,12,3,6,3,6,1,6,3,12,6,48,1,-1,-1,2,0,1,0,3,2,2,12,3,6,3,6,1,6,3,12,6,48,1,-1,-1
1,0,3,2,2,12,3,6,3,6,1,6,3,12,6,48,1,-1,-1,3,15,1,0,0,0,1,12,6,2,2,6,1,12,6,12,6,48,3,-1,-1
0,0,0,1,1,12,6,2,2,6,1,12,6,12,6,48,3,-1,-1,3,9,0,0,0,3,0,12,6,3,3,6,1,12,6,12,6,48,2,-1,-1
3,0,0,0,0,12,6,3,3,6,1,12,6,12,6,48,2,-1,-1,2,0,2,3,0,0,0,12,6,3,3,6,1,12,6,12,6,48,2,-1,-1
2,3,0,0,0,12,6,3,3,6,1,12,6,12,6,48,2,-1,-1,2,0,2,2,3,0,0,12,6,3,3,6,1,12,6,12,6,48,1,-1,-1
2,2,3,0,0,12,6,3,3,6,1,12,6,12,6,48,1,-1,-1,3,0,1,2,3,0,2,12,6,3,3,6,1,12,6,12,6,48,1,-1,-1
1,2,3,0,2,12,6,3,3,6,1,12,6,12,6,48,1,-1,-1,2,0,1,1,2,3,2,12,6,3,3,6,1,12,6,12,6,48,1,-1,-1
1,1,2,3,2,12,6,3,3,6,1,12,6,12,6,48,1,-1,-1,1,6,3,1,2,6,3,12,6,12,6,6,1,48,1,12,6,0,2,-1,-1
3,1,2,6,3,12,6,12,6,6,1,48,1,12,6,0,2,-1,-1,2,12,0,3,3,6,3,12,6,12,2,12,1,48,0,1,12,6,3,-1,-1
0,3,3,6,3,12,6,12,0,12,1,48,2,1,12,6,3,-1,-1,3,30,0,3,3,6,0,3,6,12,3,24,1,48,2,1,12,6,1,-1,-1
0,3,3,6,0,3,6,12,3,24,1,48,2,1,12,6,1,-1,-1,3,3,0,1,3,6,0,6,6,12,3,24,1,48,2,1,12,6,2,-1,-1
0,1,3,6,0,6,6,12,3,24,1,48,2,1,12,6,2,-1,-1,2,12,0,1,3,6,2,0,12,12,3,24,1,48,0,3,12,6,3,-1,-1
0,1,3,6,0,0,12,12,3,24,1,48,2,3,12,6,3,-1,-1,3,3,0,3,3,6,0,1,12,12,3,24,1,48,2,3,12,6,3,-1,-1
0,3,3,6,0,1,12,12,3,24,1,48,2,3,12,6,3,-1,-1,1,3,0,3,3,6,3,1,12,12,2,24,1,48,3,3,12,6,2,-1,-1
0,3,3,6,3,1,12,12,2,24,1,48,3,3,12,6,2,-1,-1,2,33,0,0,6,6,0,3,1,24,2,24,1,48,2,6,12,6,3,-1,-1
0,0,6,6,2,3,1,24,2,24,1,48,0,6,12,6,6,-1,-1,2,18,6,0,0,12,2,3,1,24,2,24,1,48,0,6,12,6,3,-1,-1
6,0,0,12,2,3,1,24,2,24,1,48,0,6,12,6,3,-1,-1,3,3,3,0,0,12,6,3,1,24,2,24,1,48,2,6,12,6,3,-1,-1
3,0,0,12,6,3,1,24,2,24,1,48,2,6,12,6,6,-1,-1,1,9,3,3,1,12,6,24,1,24,2,6,12,48,2,6,0,6,3,-1,-1
3,3,1,12,6,24,1,24,2,6,12,48,2,6,0,6,3,-1,-1,1,12,3,3,1,12,6,24,1,24,2,12,12,48,2,3,0,6,2,-1,-1
3,3,1,12,6,24,1,24,2,12,12,48,2,3,0,6,2,-1,-1,2,30,2,6,1,12,6,24,1,24,0,2,24,48,0,2,3,6,2,-1,-1
2,6,1,12,6,24,1,24,0,2,24,48,0,2,3,6,2,-1,-1,0,0,2,6,1,12,6,24,1,24,2,24,48,0,2,3,6,2,2,-1,-1
2,6,1,12,6,24,1,24,2,24,48,2,2,3,6,0,2,-1,-1,3,81,2,0,1,2,6,6,1,12,2,48,48,24,2,3,6,2,1,-1,-1
1516447598
3,0,3,3,0,2,3,0,0,0,1,1,1,0,0,2,2,-1,-1,3,3,0,0,0,2,3,0,3,3,0,2,3,0,1,0,1,3,1,-1,-1
0,0,2,0,3,0,3,3,0,2,3,0,1,0,1,3,1,-1,-1,3,3,0,0,0,1,0,0,2,0,3,0,6,3,1,2,1,3,2,-1,-1
1,0,0,0,0,0,2,0,3,0,6,3,1,2,1,3,2,-1,-1,2,3,0,1,0,0,2,0,0,2,0,3,6,3,0,1,3,3,1,-1,-1
0,1,0,0,2,0,0,2,0,3,6,3,0,1,3,3,1,-1,-1,2,3,0,0,1,0,1,2,0,2,0,3,6,3,0,0,1,6,3,-1,-1
0,0,1,0,1,2,0,2,0,3,6,3,0,0,1,6,3,-1,-1,3,3,0,3,0,0,0,0,1,2,1,2,6,3,0,3,1,6,1,-1,-1
0,0,3,0,0,0,1,2,1,2,6,3,0,3,1,6,1,-1,-1,3,0,1,0,3,0,0,0,1,2,0,2,6,3,1,3,1,6,1,-1,-1
1,0,3,0,0,0,1,2,0,2,6,3,1,3,1,6,1,-1,-1,3,0,1,0,3,0,1,0,1,2,0,2,6,3,1,3,1,6,1,-1,-1
1,0,3,0,1,0,1,2,0,2,6,3,1,3,1,6,1,-1,-1,2,3,0,1,0,3,1,1,0,3,0,2,6,3,1,3,1,6,2,-1,-1
1,1,0,3,0,1,0,3,0,2,6,3,1,3,1,6,2,-1,-1,2,0,2,1,1,3,0,0,1,3,0,2,6,3,1,3,1,6,3,-1,-1
2,1,1,3,0,0,1,3,0,2,6,3,1,3,1,6,3,-1,-1,3,6,0,3,1,0,2,1,1,3,0,2,6,6,1,3,1,6,2,-1,-1
0,3,1,0,2,1,1,3,0,2,6,6,1,3,1,6,2,-1,-1,3,12,0,2,1,0,0,3,1,0,2,3,6,3,1,3,1,12,3,-1,-1
0,2,1,0,0,3,1,0,2,3,6,3,1,3,1,12,3,-1,-1,0,3,2,1,0,0,3,1,0,3,2,3,6,3,1,3,1,12,2,-1,-1
2,1,0,3,3,1,0,0,2,3,6,3,1,3,1,12,2,-1,-1,3,6,0,2,0,0,2,1,0,3,3,1,6,3,3,6,1,12,2,-1,-1
0,2,0,0,2,1,0,3,3,1,6,3,3,6,1,12,2,-1,-1,0,3,2,0,0,0,3,0,3,2,3,1,6,3,3,6,1,12,3,-1,-1
2,0,0,2,3,0,3,0,3,1,6,3,3,6,1,12,3,-1,-1,3,6,3,0,0,0,2,0,3,2,3,1,6,3,6,6,1,12,1,-1,-1
3,0,0,0,2,0,3,2,3,1,6,3,6,6,1,12,1,-1,-1,2,9,0,3,0,0,0,2,3,2,3,1,6,3,1,12,1,12,3,-1,-1
0,3,0,0,0,2,3,2,3,1,6,3,1,12,1,12,3,-1,-1,2,3,3,0,3,0,0,2,3,2,3,1,6,3,1,12,1,12,2,-1,-1
3,0,3,0,0,2,3,2,3,1,6,3,1,12,1,12,2,-1,-1,2,0,2,3,0,3,0,2,3,2,3,1,6,3,1,12,1,12,1,-1,-1
2,3,0,3,0,2,3,2,3,1,6,3,1,12,1,12,1,-1,-1,3,3,1,0,0,3,2,3,3,2,3,3,6,3,1,12,1,12,3,-1,-1
0,1,0,3,2,3,3,2,3,3,6,3,1,12,1,12,3,-1,-1,0,9,1,0,3,0,2,6,2,0,6,6,3,3,1,12,1,12,2,-1,-1
1,0,3,3,2,6,2,0,6,6,3,0,1,12,1,12,2,-1,-1,0,9,1,3,3,2,2,6,2,0,12,3,0,0,1,12,1,12,1,-1,-1
1,3,3,2,2,6,2,0,12,3,0,0,1,12,1,12,1,-1,-1,3,3,0,3,0,1,3,6,3,2,12,3,2,0,1,12,1,12,2,-1,-1
1,3,0,0,3,6,3,2,12,3,2,0,1,12,1,12,2,-1,-1,2,0,0,1,3,0,3,6,3,2,2,12,3,2,1,12,1,12,1,-1,-1
2,1,3,0,3,6,3,2,0,12,3,2,1,12,1,12,1,-1,-1,0,3,3,3,0,0,3,6,3,2,12,3,2,1,1,12,1,12,3,-1,-1
3,3,0,1,3,6,3,2,12,3,2,0,1,12,1,12,3,-1,-1,3,9,3,3,0,0,6,6,0,1,12,3,3,2,1,12,3,12,2,-1,-1
0,3,0,3,6,6,0,1,12,3,3,2,1,12,3,12,2,-1,-1,2,3,0,0,3,3,2,6,6,1,0,12,6,2,1,12,3,12,3,-1,-1
0,0,3,3,2,6,6,1,0,12,6,2,1,12,3,12,3,-1,-1,0,12,0,3,3,0,2,12,1,0,12,6,2,3,1,12,3,12,2,-1,-1
0,3,3,3,2,12,1,0,12,6,2,0,1,12,3,12,2,-1,-1,3,3,0,3,2,0,2,12,3,3,12,6,3,0,1,12,3,12,1,-1,-1
0,3,2,0,2,12,3,3,12,6,3,0,1,12,3,12,1,-1,-1,2,3,0,0,3,2,0,2,12,6,1,12,6,3,1,12,3,12,2,-1,-1
0,0,3,2,1,2,12,6,0,12,6,3,1,12,3,12,2,-1,-1,3,27,0,2,3,2,0,0,12,6,1,2,6,3,1,24,3,12,2,-1,-1
2,0,3,2,0,0,12,6,1,2,6,3,1,24,3,12,2,-1,-1,0,3,2,3,2,2,0,12,6,0,3,6,3,0,1,24,3,12,1,-1,-1
2,3,2,0,0,12,6,0,3,6,3,2,1,24,3,12,1,-1,-1,3,3,1,3,0,0,2,12,2,0,3,6,6,2,1,24,6,12,3,-1,-1
1,3,0,0,2,12,2,0,3,6,6,2,1,24,6,12,3,-1,-1,0,12,1,3,0,0,2,12,2,0,3,12,2,3,1,24,6,12,1,-1,-1
1,3,0,0,2,12,2,0,3,12,2,3,1,24,6,12,1,-1,-1,3,30,0,1,0,0,3,3,2,0,3,24,2,3,1,24,6,12,3,-1,-1
0,1,0,0,3,3,2,0,3,24,2,3,1,24,6,12,3,-1,-1,2,3,0,0,1,0,3,3,3,2,3,24,2,3,1,24,6,12,3,-1,-1
3,0,1,0,0,3,3,2,3,24,2,3,1,24,6,12,3,-1,-1,0,3,3,1,0,3,3,3,2,0,3,24,2,3,1,24,6,12,2,-1,-1
3,1,0,0,3,3,2,3,3,24,2,3,1,24,6,12,2,-1,-1,1,84,6,1,2,3,3,3,2,3,1,48,6,12,0,0,0,2,3,-1,-1
6,1,2,3,3,3,2,3,1,48,6,12,0,2,0,0,3,-1,-1,0,9,6,3,3,3,6,2,3,0,1,48,6,12,2,0,0,0,1,-1,-1
6,3,3,0,6,2,3,0,1,48,6,12,2,0,0,3,1,-1,-1,3,3,0,1,0,0,6,3,3,0,6,2,3,12,3,48,6,3,1,-1,-1
0,0,1,0,6,3,3,0,6,2,3,12,3,48,6,3,1,-1,-1,2,0,1,0,0,1,0,6,3,3,6,2,3,12,3,48,6,3,3,-1,-1
1,0,0,1,0,6,3,3,6,2,3,12,3,48,6,3,3,-1,-1,0,3,1,0,1,0,6,3,3,3,6,2,3,12,3,48,6,3,2,-1,-1
1,0,1,0,6,3,3,3,6,2,3,12,3,48,6,3,2,-1,-1,1,12,1,3,1,3,12,2,6,12,3,48,6,3,0,0,2,0,3,-1,-1
1,3,1,3,12,2,6,12,3,48,6,3,0,0,2,0,3,-1,-1,0,3,1,3,1,3,12,2,6,12,3,48,6,3,0,2,0,3,2,-1,-1
1,3,1,3,12,2,6,12,3,48,6,3,0,2,0,3,2,-1,-1,3,3,2,3,0,0,1,2,1,3,12,48,6,12,3,2,6,6,3,-1,-1
0,3,2,0,1,2,1,3,12,48,6,12,3,2,6,6,3,-1,-1,3,12,0,3,3,0,1,2,2,3,12,48,1,12,3,2,12,6,2,-1,-1
0,3,3,0,1,2,2,3,12,48,1,12,3,2,12,6,2,-1,-1,3,3,0,3,2,0,1,2,3,3,12,48,3,12,3,2,12,6,1,-1,-1
0,3,2,0,1,2,3,3,12,48,3,12,3,2,12,6,1,-1,-1,1,3,1,3,2,3,12,2,6,12,3,48,12,6,0,2,0,1,3,-1,-1
1,3,2,3,12,2,6,12,3,48,12,6,1,2,0,0,3,-1,-1,0,6,1,3,2,3,12,2,6,12,3,48,12,6,3,0,0,3,2,-1,-1
1,3,2,3,12,2,6,12,3,48,12,6,3,0,0,3,2,-1,-1,0,0,1,3,2,3,12,2,6,12,3,48,12,6,3,0,3,2,1,-1,-1
1,3,2,3,12,2,6,12,3,48,12,6,3,0,3,2,1,-1,-1,0,0,1,3,2,3,12,2,6,12,3,48,12,6,3,3,2,1,1,-1,-1
1,3,2,3,12,2,6,12,3,48,12,6,3,3,2,1,1,-1,-1,2,3,1,3,2,3,12,2,6,12,3,48,12,6,1,3,3,3,2,-1,-1
1,3,2,3,12,2,6,12,3,48,12,6,1,3,3,3,2,-1,-1,2,3,1,3,2,3,12,2,6,12,3,48,12,6,2,1,3,6,2,-1,-1
1,3,2,3,12,2,6,12,3,48,12,6,2,1,3,6,2,-1,-1,2,3,1,3,2,3,12,2,6,12,3,48,12,6,2,3,3,6,1,-1,-1
