1515861908
[ 0, 6, 3,-1,-1, 0, 1, 0, 2, 3, 0, 2, 0, 1, 0, 1, 0, 0, 3, 2, 1, 2]
[ 1,12, 2,-1,-1, 3, 0, 1, 2, 0, 3, 0, 2, 0, 1, 0, 1, 0, 0, 3, 3, 3]
[ 2,15, 3,-1,-1, 0, 0, 2, 0, 3, 0, 1, 2, 0, 3, 0, 3, 0, 1, 3, 3, 2]
[ 3,24, 2,-1,-1, 0, 0, 0, 2, 0, 3, 0, 3, 0, 0, 3, 3, 3, 0, 1, 6, 2]
[ 4,27, 1,-1,-1, 0, 0, 0, 2, 0, 0, 3, 3, 0, 0, 0, 6, 2, 3, 1, 6, 3]
[ 5,36, 1,-1,-1, 0, 0, 1, 0, 0, 0, 0, 2, 0, 0, 3, 3, 2, 3, 1,12, 2]
[ 6,39, 1,-1,-1, 0, 0, 0, 1, 0, 0, 0, 2, 1, 0, 0, 6, 2, 3, 1,12, 3]
[ 7,45, 3,-1,-1, 1, 0, 0, 0, 0, 0, 0, 3, 0, 0, 0, 6, 3, 3, 1,12, 2]
[ 8,51, 2,-1,-1, 3, 1, 0, 0, 0, 0, 0, 3, 0, 0, 0, 6, 0, 6, 1,12, 2]
[ 9,51, 2,-1,-1, 2, 3, 1, 0, 0, 0, 0, 3, 0, 0, 0, 6, 0, 6, 1,12, 2]
[10,51, 3,-1,-1, 2, 2, 3, 1, 0, 0, 0, 3, 0, 0, 0, 6, 0, 6, 1,12, 3]
[11,54, 2,-1,-1, 0, 3, 0, 1, 2, 2, 3, 3, 0, 0, 0, 6, 0, 6, 1,12, 2]
[12,57, 3,-1,-1, 2, 0, 3, 1, 0, 2, 2, 6, 0, 0, 0, 6, 0, 6, 1,12, 3]
[13,69, 1,-1,-1, 3, 0, 0, 0, 2, 0, 3, 1, 0, 2, 2,12, 0, 6, 1,12, 3]
[14,99, 3,-1,-1, 0, 0, 1, 0, 3, 0, 0, 0, 2, 2, 3, 1, 0, 6, 3,24, 3]
[ 15,105,  1, -1, -1,  3,  0,  0,  0,  0,  0,  1,  0,  3,  2,  0,  1,  2,
   6,  6, 24,  2]
[ 16,114,  3, -1, -1,  0,  3,  0,  0,  0,  0,  0,  1,  0,  3,  2,  1,  1,
   2, 12, 24,  2]
[ 17,123,  2, -1, -1,  3,  0,  3,  0,  0,  0,  0,  1,  0,  0,  3,  3,  0,
   3, 12, 24,  2]
[ 18,126,  1, -1, -1,  0,  3,  0,  3,  0,  0,  0,  1,  2,  0,  0,  6,  0,
   3, 12, 24,  3]
[ 19,126,  3, -1, -1,  1,  0,  0,  3,  0,  3,  0,  1,  0,  0,  0,  6,  2,
   3, 12, 24,  3]
[ 20,129,  2, -1, -1,  0,  3,  0,  3,  1,  0,  0,  1,  0,  3,  0,  6,  2,
   3, 12, 24,  3]
[ 21,132,  2, -1, -1,  0,  2,  0,  3,  0,  3,  0,  1,  1,  0,  0,  6,  2,
   6, 12, 24,  3]
[ 22,135,  3, -1, -1,  2,  0,  0,  3,  0,  2,  0,  1,  0,  3,  0,  6,  3,
   6, 12, 24,  2]
[ 23,138,  3, -1, -1,  0,  2,  0,  3,  0,  0,  2,  1,  3,  0,  3,  6,  3,
   6, 12, 24,  2]
[ 24,144,  1, -1, -1,  3,  0,  2,  3,  0,  0,  0,  3,  0,  3,  3,  6,  3,
   6, 12, 24,  2]
[ 25,147,  1, -1, -1,  1,  3,  2,  3,  0,  0,  0,  3,  0,  0,  6,  6,  3,
   6, 12, 24,  3]
[ 26,150,  2, -1, -1,  0,  1,  0,  0,  1,  3,  2,  6,  0,  0,  6,  6,  3,
   6, 12, 24,  3]
[ 27,159,  3, -1, -1,  0,  2,  0,  0,  0,  1,  2,  0,  1,  3,  6, 12,  3,
   6, 12, 24,  2]
[ 28,162,  2, -1, -1,  0,  0,  2,  0,  3,  0,  1,  2,  1,  3,  6, 12,  3,
   6, 12, 24,  2]
[ 29,165,  3, -1, -1,  2,  0,  0,  2,  0,  3,  0,  3,  1,  3,  6, 12,  3,
   6, 12, 24,  3]
[ 30,171,  2, -1, -1,  0,  3,  0,  2,  2,  0,  0,  3,  1,  6,  6, 12,  3,
   6, 12, 24,  3]
[ 31,183,  3, -1, -1,  2,  0,  0,  2,  0,  3,  0,  3,  3,  0,  6, 12,  3,
  12, 12, 24,  2]
[ 32,213,  1, -1, -1,  0,  2,  0,  2,  0,  0,  3,  3,  0,  3,  6, 12,  3,
   3, 24, 24,  2]
[ 33,297,  1, -1, -1,  0,  0,  2,  2,  0,  0,  0,  6,  0,  3,  6, 12,  1,
   3,  3, 48,  2]
[ 34,300,  2, -1, -1,  0,  0,  2,  2,  0,  0,  0,  6,  0,  3,  6, 12,  1,
   1,  6, 48,  3]
[ 35,309,  3, -1, -1,  0,  0,  2,  2,  0,  0,  2,  6,  0,  3,  0, 12,  1,
   1, 12, 48,  2]
[ 36,312,  1, -1, -1,  0,  0,  2,  2,  0,  0,  2,  6,  3,  0,  3, 12,  1,
   1, 12, 48,  0]
[ 37,312,  2, -1, -1,  0,  2,  2,  1,  0,  2,  6,  0,  3,  3, 12,  0,  1,
   1, 12, 48,  2]
[ 38,315,  1, -1, -1,  0,  0,  2,  3,  2,  0,  2,  6,  0,  3,  3, 12,  1,
   1, 12, 48,  3]
[ 39,315,  1, -1, -1,  1,  0,  2,  3,  0,  0,  2,  6,  2,  3,  3, 12,  1,
   1, 12, 48,  3]
[ 40,318,  2, -1, -1,  1,  0,  2,  3,  1,  0,  2,  6,  0,  3,  3, 12,  3,
   1, 12, 48,  2]
[ 41,321,  2, -1, -1,  0,  1,  2,  3,  0,  1,  2,  6,  2,  0,  6, 12,  3,
   1, 12, 48,  2]
[ 42,327,  3, -1, -1,  0,  0,  3,  3,  2,  0,  3,  6,  0,  2,  6, 12,  3,
   1, 12, 48,  3]
[ 43,336,  6, -1, -1,  0,  3,  0,  3,  0,  0,  6,  6,  2,  0,  6, 12,  3,
   3, 12, 48,  3]
[ 44,354,  1, -1, -1,  0,  0,  6,  3,  0,  3,  0,  6,  2,  0, 12, 12,  3,
   3, 12, 48,  3]
[ 45,381,  3, -1, -1,  0,  0,  1,  3,  0,  0,  6,  6,  2,  3,  0, 12,  3,
   3, 24, 48,  2]
[ 46,396,  3, -1, -1,  0,  0,  1,  3,  0,  0,  0, 12,  3,  2,  3, 12,  0,
   6, 24, 48,  3]
[ 47,426,  1, -1, -1,  0,  0,  0,  3,  0,  0,  1,  3,  0,  2,  3, 24,  3,
   6, 24, 48,  3]
[ 48,429,  1, -1, -1,  0,  0,  0,  1,  0,  0,  1,  6,  0,  2,  3, 24,  3,
   6, 24, 48,  0]
[ 49,429,  3, -1, -1,  0,  0,  1,  0,  0,  1,  6,  0,  2,  3, 24,  1,  3,
   6, 24, 48,  3]
[ 50,513,  2, -1, -1,  0,  0,  3,  0,  0,  1,  1,  0,  2,  3,  6,  1,  3,
   6, 48, 48,  0]
[ 51,756,  2, -1, -1,  0,  3,  0,  2,  1,  1,  0,  0,  2,  3,  6,  1,  3,
   6, 96,  0,  2]
[ 52,756,  3, -1, -1,  2,  0,  3,  2,  0,  1,  1,  0,  2,  3,  6,  1,  0,
   3,  6, 96,  3]
[ 53,771,  2, -1, -1,  0,  0,  3,  0,  2,  0,  3,  2,  0,  1,  1,  1,  2,
   6, 12, 96,  3]
[ 54,777,  2, -1, -1,  2,  0,  0,  0,  0,  0,  6,  0,  2,  1,  1,  3,  2,
   6, 12, 96,  2]
[ 55,780,  2, -1, -1,  0,  2,  0,  0,  0,  0,  0,  6,  2,  3,  1,  3,  2,
   6, 12, 96,  2]
[ 56,780,  1, -1, -1,  2,  0,  2,  0,  0,  0,  0,  6,  2,  3,  1,  3,  2,
   6, 12, 96,  3]
[ 57,780,  2, -1, -1,  0,  0,  1,  0,  2,  0,  2,  6,  2,  3,  1,  3,  2,
   6, 12, 96,  3]
[ 58,783,  3, -1, -1,  0,  0,  2,  0,  2,  0,  1,  6,  2,  3,  3,  3,  2,
   6, 12, 96,  2]
[ 59,789,  1, -1, -1,  0,  0,  0,  2,  3,  2,  1,  6,  0,  2,  3,  6,  2,
   6, 12, 96,  2]
[ 60,792,  3, -1, -1,  0,  0,  0,  2,  1,  3,  3,  6,  0,  2,  3,  6,  2,
   6, 12, 96,  3]
[ 61,807,  3, -1, -1,  0,  0,  0,  3,  0,  3,  0,  2,  1,  2,  6, 12,  2,
   6, 12, 96,  3]
[ 62,813,  1, -1, -1,  3,  0,  0,  3,  0,  3,  0,  2,  0,  2,  6, 12,  3,
   6, 12, 96,  2]
[ 63,813,  6, 12, -1,  1,  3,  0,  3,  0,  0,  3,  2,  0,  2,  6, 12,  3,
   6, 12, 96,  3]
[ 64,822,  1, -1, -1,  0,  6,  0,  3,  1,  3,  3,  2,  0,  2,  6, 12,  3,
   6, 12, 96,  2]
[ 65,825,  1, -1, -1,  0,  0,  6,  3,  1,  1,  6,  2,  0,  2,  6, 12,  3,
   6, 12, 96,  3]
[ 66,837,  2, -1, -1,  0,  1,  0,  3,  0,  0,  6,  2,  1,  3, 12, 12,  3,
   6, 12, 96,  3]
[ 67,864,  1, -1, -1,  0,  0,  2,  3,  0,  1,  0,  2,  1,  3,  6, 12,  3,
   6, 24, 96,  2]
[ 68,864,  1, -1, -1,  0,  0,  2,  3,  1,  0,  1,  2,  1,  3,  6, 12,  3,
   6, 24, 96,  2]
[ 69,867,  1, -1, -1,  0,  0,  2,  3,  1,  1,  0,  3,  1,  3,  6, 12,  3,
   6, 24, 96,  3]
[ 70,870,  2, -1, -1,  0,  0,  0,  1,  1,  1,  2,  6,  1,  3,  6, 12,  3,
   6, 24, 96,  2]
[ 71,873,  6, 12, -1,  0,  0,  0,  1,  2,  1,  3,  6,  1,  3,  6, 12,  3,
   6, 24, 96,  2]
[ 72,885,  3, -1, -1,  0,  0,  0,  1,  6,  3,  3,  6,  1,  3,  6, 12,  3,
   6, 24, 96,  2]
[ 73,891,  3, -1, -1,  0,  0,  0,  1,  3,  6,  6,  6,  1,  3,  6, 12,  3,
   6, 24, 96,  2]
[ 74,903,  3, -1, -1,  0,  0,  0,  1,  3,  3,  6, 12,  1,  3,  6, 12,  3,
   6, 24, 96,  3]
[ 75,945,  2, -1, -1,  0,  0,  3,  0,  3,  0,  0,  1,  1,  6, 12, 24,  3,
   6, 24, 96,  2]
[ 76,945,  2, -1, -1,  0,  0,  0,  3,  2,  3,  0,  1,  1,  6, 12, 24,  3,
   6, 24, 96,  3]
[ 77,957,  3, -1, -1,  0,  2,  0,  3,  0,  0,  0,  1,  3,  3, 12, 24,  3,
  12, 24, 96,  3]
[ 78,963,  3, -1, -1,  3,  0,  0,  3,  0,  2,  0,  1,  0,  3, 12, 24,  6,
  12, 24, 96,  2]
[ 79,966,  2, -1, -1,  0,  3,  0,  3,  3,  0,  2,  1,  0,  3, 12, 24,  6,
  12, 24, 96,  2]
[ 80,969,  1, -1, -1,  2,  0,  3,  3,  0,  3,  0,  3,  0,  3, 12, 24,  6,
  12, 24, 96,  3]
[ 81,975,  1, -1, -1,  0,  0,  0,  1,  2,  0,  3,  6,  0,  6, 12, 24,  6,
  12, 24, 96,  0]
[ 82,975,  3, -1, -1,  0,  0,  1,  0,  2,  3,  6,  0,  6, 12, 24,  1,  6,
  12, 24, 96,  3]
[  83,1095,   1,  -1,  -1,   0,   0,   3,   0,   0,   0,   1,   0,   2,
    3,   6,   1,  12,  24,  48,  96,   2]
[  84,1095,   1,  -1,  -1,   0,   0,   0,   3,   1,   0,   0,   1,   2,
    3,   6,   1,  12,  24,  48,  96,   3]
[  85,1098,   3,  -1,  -1,   1,   0,   0,   3,   0,   0,   0,   1,   3,
    3,   6,   1,  12,  24,  48,  96,   2]
[  86,1104,   3,  -1,  -1,   0,   1,   0,   3,   0,   0,   0,   1,   3,
    6,   6,   1,  12,  24,  48,  96,   2]
[  87,1116,   2,  -1,  -1,   3,   0,   1,   3,   0,   0,   0,   1,   0,
    3,  12,   1,  12,  24,  48,  96,   3]
[  88,1116,   2,  -1,  -1,   0,   0,   2,   3,   3,   0,   1,   1,   0,
    3,  12,   1,  12,  24,  48,  96,   3]
[  89,1119,   2,  -1,  -1,   2,   0,   0,   3,   0,   0,   3,   1,   3,
    3,  12,   1,  12,  24,  48,  96,   0]
[  90,1122,   2,  -1,  -1,   2,   0,   3,   0,   0,   3,   1,   0,   6,
   12,   1,   2,  12,  24,  48,  96,   2]
[  91,1125,   2,  -1,  -1,   2,   2,   0,   3,   0,   0,   3,   1,   0,
    6,  12,   3,  12,  24,  48,  96,   0]
[  92,1125,   3,  -1,  -1,   2,   2,   3,   2,   0,   3,   1,   0,   6,
   12,   3,   0,  12,  24,  48,  96,   3]
[  93,1128,   2,  -1,  -1,   3,   2,   3,   0,   2,   3,   1,   2,   6,
   12,   3,   0,  12,  24,  48,  96,   2]
[  94,1131,   2,  -1,  -1,   2,   3,   2,   3,   0,   2,   3,   3,   0,
    6,  12,   3,  12,  24,  48,  96,   3]
[  95,1134,   1,  -1,  -1,   0,   3,   2,   2,   2,   2,   3,   3,   0,
    6,  12,   6,  12,  24,  48,  96,   2]
[  96,1137,   3,  -1,  -1,   0,   3,   2,   2,   1,   2,   2,   6,   0,
    6,  12,   6,  12,  24,  48,  96,   2]
[  97,1143,   1,  -1,  -1,   0,   3,   2,   2,   3,   3,   2,   6,   0,
    6,  12,   6,  12,  24,  48,  96,   3]
[  98,1155,   3,  -1,  -1,   0,   1,   2,   0,   0,   6,   2,   2,   3,
    6,  12,  12,  12,  24,  48,  96,   3]
[  99,1167,   1,  -1,  -1,   0,   3,   2,   0,   0,   1,   2,   2,   3,
   12,  12,  12,  12,  24,  48,  96,   2]
[ 100,1197,   1,  -1,  -1,   0,   0,   3,   2,   1,   0,   3,   2,   0,
    3,  12,  24,  12,  24,  48,  96,   3]
[ 101,1200,   3,  -1,  -1,   1,   0,   0,   2,   0,   0,   6,   2,   1,
    3,  12,  24,  12,  24,  48,  96,   2]
[ 102,1203,   1,  -1,  -1,   3,   1,   0,   2,   0,   0,   6,   2,   1,
    3,  12,  24,  12,  24,  48,  96,   2]
[ 103,1203,   3,  -1,  -1,   1,   3,   1,   2,   0,   0,   6,   2,   1,
    3,  12,  24,  12,  24,  48,  96,   2]
[ 104,1209,   2,  -1,  -1,   3,   1,   3,   3,   0,   0,   6,   2,   1,
    3,  12,  24,  12,  24,  48,  96,   2]
[ 105,1212,   3,  -1,  -1,   2,   3,   1,   6,   0,   0,   6,   2,   1,
    3,  12,  24,  12,  24,  48,  96,   3]
[ 106,1215,   3,  -1,  -1,   0,   3,   1,   6,   2,   3,   6,   2,   1,
    3,  12,  24,  12,  24,  48,  96,   3]
[ 107,1224,   1,  -1,  -1,   0,   3,   1,   6,   0,   3,   6,   2,   3,
    6,  12,  24,  12,  24,  48,  96,   3]
[ 108,1227,   2,  -1,  -1,   0,   1,   1,   6,   0,   6,   6,   2,   3,
    6,  12,  24,  12,  24,  48,  96,   0]
[ 109,1227,   3,  -1,  -1,   1,   1,   6,   2,   6,   6,   2,   0,   3,
    6,  12,  24,  12,  24,  48,  96,   2]
[ 110,1230,   1,  -1,  -1,   1,   1,   6,   2,   3,   6,   6,   2,   3,
    6,  12,  24,  12,  24,  48,  96,   3]
[ 111,1251,   1,  -1,  -1,   0,   1,   0,   2,   1,   1,  12,   2,   6,
   12,  12,  24,  12,  24,  48,  96,   3]
[ 112,1278,   2,  -1,  -1,   0,   1,   1,   2,   1,   1,   0,   2,   6,
   12,  24,  24,  12,  24,  48,  96,   2]
[ 113,1362,   2,  -1,  -1,   0,   0,   1,   3,   0,   1,   1,   2,   2,
    6,  12,  48,  12,  24,  48,  96,   2]
[ 114,1365,   1,  -1,  -1,   0,   0,   1,   3,   2,   0,   1,   3,   2,
    6,  12,  48,  12,  24,  48,  96,   2]
[ 115,1365,   2,  -1,  -1,   0,   0,   1,   3,   1,   2,   1,   3,   2,
    6,  12,  48,  12,  24,  48,  96,   2]
[ 116,1368,   3,  -1,  -1,   0,   0,   1,   3,   2,   1,   3,   3,   2,
    6,  12,  48,  12,  24,  48,  96,   2]
[ 117,1374,   6,  12,  -1,   0,   0,   1,   3,   3,   2,   1,   6,   2,
    6,  12,  48,  12,  24,  48,  96,   2]
[ 118,1404,   2,  -1,  -1,   0,   0,   1,   3,  12,   3,   3,   6,   2,
    6,  12,  48,  12,  24,  48,  96,   2]
[ 119,1407,   3,  -1,  -1,   0,   0,   1,   3,   2,  12,   6,   6,   2,
    6,  12,  48,  12,  24,  48,  96,   2]
[ 120,1419,   1,  -1,  -1,   0,   0,   1,   3,   3,   2,  12,  12,   2,
    6,  12,  48,  12,  24,  48,  96,   3]
[ 121,1446,   1,  -1,  -1,   0,   0,   1,   3,   3,   2,   1,  12,   2,
    6,  24,  48,  12,  24,  48,  96,   2]
[ 122,1449,   2,  -1,  -1,   0,   0,   1,   3,   1,   3,   3,  12,   2,
    6,  24,  48,  12,  24,  48,  96,   3]
[ 123,1452,   1,  -1,  -1,   2,   0,   1,   3,   0,   3,   3,  12,   3,
    6,  24,  48,  12,  24,  48,  96,   2]
[ 124,1455,   2,  -1,  -1,   0,   2,   1,   3,   1,   0,   6,  12,   3,
    6,  24,  48,  12,  24,  48,  96,   2]
[ 125,1458,   3,  -1,  -1,   0,   0,   3,   3,   2,   1,   6,  12,   3,
    6,  24,  48,  12,  24,  48,  96,   2]
[ 126,1467,   3,  -1,  -1,   0,   0,   0,   6,   3,   3,   6,  12,   3,
    6,  24,  48,  12,  24,  48,  96,   2]
[ 127,1473,   1,  -1,  -1,   0,   0,   0,   6,   3,   6,   6,  12,   3,
    6,  24,  48,  12,  24,  48,  96,   3]
[ 128,1485,   1,  -1,  -1,   0,   1,   0,   6,   0,   0,   6,  12,   6,
   12,  24,  48,  12,  24,  48,  96,   0]
[ 129,1485,   2,  -1,  -1,   1,   0,   6,   0,   0,   6,  12,   1,   6,
   12,  24,  48,  12,  24,  48,  96,   0]
[ 130,1485,   6,  12,  -1,   1,   6,   0,   0,   6,  12,   1,   2,   6,
   12,  24,  48,  12,  24,  48,  96,   3]
[ 131,1548,   6,  12,  -1,  12,   0,   0,   0,   1,   6,   1,   2,  12,
   24,  24,  48,  12,  24,  48,  96,   2]
[ 132,1659,   3,  -1,  -1,   0,  12,   0,   0,  12,   1,   6,   3,   0,
   12,  48,  48,  12,  24,  48,  96,   2]
[ 133,1905,   2,  -1,  -1,   0,   0,  12,   0,  12,   1,   6,   3,   3,
    0,  12,  96,  12,  24,  48,  96,   3]
[ 134,2634,   1,  -1,  -1,   0,   0,  12,   2,  12,   0,   6,   0,   3,
    1,  12,   3,  12,  24,  48, 192,   0]
[ 135,2634,   3,  -1,  -1,   0,  12,   2,   1,  12,   6,   0,   0,   3,
    1,  12,   3,  12,  24,  48, 192,   2]
[ 136,2640,   3,  -1,  -1,   3,   0,  12,   3,   0,  12,   6,   0,   3,
    1,  12,   3,  12,  24,  48, 192,   3]
[ 137,2643,   1,  -1,  -1,   3,   0,  12,   0,   3,  12,   6,   3,   3,
    1,  12,   3,  12,  24,  48, 192,   0]
[ 138,2643,   2,  -1,  -1,   3,  12,   0,   1,   3,  12,   6,   3,   3,
    1,  12,   3,  12,  24,  48, 192,   3]
[ 139,2676,   2,  -1,  -1,   0,   2,   0,   0,   3,  24,   6,   1,   6,
    1,  12,   6,  12,  24,  48, 192,   2]
[ 140,2676,   3,  -1,  -1,   2,   0,   2,   0,   3,  24,   6,   1,   6,
    1,  12,   6,  12,  24,  48, 192,   2]
[ 141,2679,   3,  -1,  -1,   3,   2,   0,   2,   3,  24,   6,   1,   6,
    1,  12,   6,  12,  24,  48, 192,   3]
[ 142,2688,   2,  -1,  -1,   3,   2,   0,   0,   6,  24,   6,   3,   6,
    1,  12,   6,  12,  24,  48, 192,   3]
[ 143,2697,   2,  -1,  -1,   2,   2,   0,   0,   3,  24,   6,   3,  12,
    1,  12,   6,  12,  24,  48, 192,   3]
[ 144,2724,   3,  -1,  -1,   2,   2,   0,   0,   2,  24,   6,   3,   3,
    1,  12,   6,  24,  24,  48, 192,   2]
[ 145,2808,   1,  -1,  -1,   3,   2,   2,   0,   2,  24,   6,   3,   3,
    1,  12,   6,   0,  48,  48, 192,   3]
[ 146,2808,   1,  -1,  -1,   1,   2,   2,   0,   3,  24,   6,   3,   2,
    1,  12,   6,   3,  48,  48, 192,   2]
[ 147,3054,   2,  -1,  -1,   0,   1,   2,   2,   3,  24,   6,   3,   0,
    3,  12,   6,   1,   3,  96, 192,   3]
[ 148,3057,   1,  -1,  -1,   2,   0,   2,   2,   0,   1,   6,   3,   3,
   24,  12,   6,   1,   6,  96, 192,   0]
[ 149,3057,   2,  -1,  -1,   2,   2,   2,   0,   1,   6,   3,   1,   3,
   24,  12,   6,   1,   6,  96, 192,   2]
[ 150,3057,   6,  12,  24,   2,   2,   2,   2,   1,   6,   3,   1,   3,
   24,  12,   6,   1,   6,  96, 192,   3]
[ 151,3072,   3,  -1,  -1,   6,   2,   2,   0,   3,   6,   3,   3,   3,
   24,  12,   6,   1,   6,  96, 192,   2]
[ 152,3078,   3,  -1,  -1,   3,   6,   2,   2,   0,   3,   6,   6,   3,
   24,  12,   6,   1,   6,  96, 192,   3]
[ 153,3090,   1,  -1,  -1,   0,   6,   2,   3,   3,   3,   6,   2,   3,
   24,  12,  12,   1,   6,  96, 192,   2]
[ 154,3120,   1,  -1,  -1,   0,   6,   2,   3,   0,   6,   6,   2,   1,
    3,  24,  24,   1,   6,  96, 192,   0]
[ 155,3201,   2,  -1,  -1,   6,   2,   3,   1,   6,   6,   2,   0,   1,
    3,  48,   0,   1,   6,  96, 192,   3]
[ 156,3210,   3,  -1,  -1,   0,   2,   3,   2,  12,   6,   2,   1,   1,
    3,  48,   0,   1,   6,  96, 192,   2]
[ 157,3216,   3,  -1,  -1,   0,   2,   3,   2,   0,  12,   6,   3,   3,
    1,   3,  48,   1,   6,  96, 192,   0]
[ 158,3219,   1,  -1,  -1,   2,   3,   2,   0,  12,   6,   3,   3,   3,
    1,   3,  48,   1,   6,  96, 192,   3]
[ 159,3222,   1,  -1,  -1,   2,   3,   1,   0,  12,   6,   2,   3,   3,
    1,   6,  48,   1,   6,  96, 192,   3]
[ 160,3225,   2,  -1,  -1,   2,   3,   1,   0,  12,   6,   3,   3,   3,
    1,   6,  48,   1,   6,  96, 192,   2]
[ 161,3228,   3,  -1,  -1,   2,   2,   3,   1,   0,  12,   6,   6,   3,
    1,   6,  48,   1,   6,  96, 192,   3]
[ 162,3240,   2,  -1,  -1,   0,   2,   3,   1,   2,  12,   3,   6,   3,
    1,  12,  48,   1,   6,  96, 192,   3]
[ 163,3243,   3,  -1,  -1,   0,   2,   2,   1,   2,  12,   6,   6,   3,
    1,  12,  48,   1,   6,  96, 192,   2]
[ 164,3258,   2,  -1,  -1,   3,   0,   2,   3,   0,   2,  12,  12,   3,
    1,  12,  48,   1,   6,  96, 192,   3]
[ 165,3288,   1,  -1,  -1,   0,   2,   0,   3,   3,   0,   2,  12,   3,
    3,  24,  48,   1,   6,  96, 192,   2]
[ 166,3291,   1,  -1,  -1,   0,   0,   2,   3,   0,   3,   2,  12,   1,
    6,  24,  48,   1,   6,  96, 192,   3]
[ 167,3300,   1,  -1,  -1,   0,   1,   2,   3,   0,   0,   2,  12,   1,
    3,  24,  48,   1,  12,  96, 192,   3]
[ 168,3300,   2,  -1,  -1,   0,   1,   2,   3,   0,   1,   2,  12,   1,
    3,  24,  48,   1,  12,  96, 192,   2]
[ 169,3306,   3,  -1,  -1,   2,   0,   3,   3,   0,   0,   3,  12,   1,
    3,  24,  48,   1,  12,  96, 192,   3]
[ 170,3312,   3,  -1,  -1,   3,   0,   0,   3,   2,   0,   6,  12,   1,
    3,  24,  48,   1,  12,  96, 192,   3]
[ 171,3318,   2,  -1,  -1,   3,   0,   0,   3,   3,   0,   6,  12,   3,
    3,  24,  48,   1,  12,  96, 192,   2]
[ 172,3321,   1,  -1,  -1,   2,   3,   0,   3,   0,   3,   6,  12,   0,
    6,  24,  48,   1,  12,  96, 192,   3]
[ 173,3324,   2,  -1,  -1,   0,   1,   0,   3,   2,   6,   6,  12,   0,
    6,  24,  48,   1,  12,  96, 192,   3]
[ 174,3333,   3,  -1,  -1,   0,   2,   0,   3,   0,   1,   6,  12,   2,
   12,  24,  48,   1,  12,  96, 192,   3]
[ 175,3366,   2,  -1,  -1,   0,   3,   0,   3,   0,   2,   6,  12,   0,
    1,  24,  48,   3,  24,  96, 192,   3]
[ 176,3369,   6,  12,  24,   0,   2,   0,   3,   0,   3,   6,  12,   0,
    3,  24,  48,   3,  24,  96, 192,   0]
[ 177,3450,   6,  12,  24,   2,   0,   3,   0,   3,   6,  12,  24,   3,
   24,  48,   0,   3,  24,  96, 192,   3]
[ 178,3543,   1,  -1,  -1,   6,   0,   3,   0,   2,   0,  12,   0,   3,
    6,  48,  24,   6,  48,  96, 192,   2]
[ 179,3543,   3,  -1,  -1,   1,   6,   0,   3,   0,   2,   0,  12,   3,
    6,  48,  24,   6,  48,  96, 192,   2]
[ 180,3546,   3,  -1,  -1,   3,   1,   6,   3,   0,   0,   2,  12,   3,
    6,  48,  24,   6,  48,  96, 192,   3]
[ 181,3549,   2,  -1,  -1,   0,   3,   6,   3,   3,   1,   2,  12,   3,
    6,  48,  24,   6,  48,  96, 192,   2]
[ 182,3552,   1,  -1,  -1,   0,   3,   6,   3,   2,   3,   3,  12,   3,
    6,  48,  24,   6,  48,  96, 192,   2]
[ 183,3555,   3,  -1,  -1,   0,   3,   6,   3,   1,   2,   6,  12,   3,
    6,  48,  24,   6,  48,  96, 192,   3]
[ 184,3567,   1,  -1,  -1,   0,   3,   3,   3,   1,   2,  12,  12,   3,
    6,  48,  24,   6,  48,  96, 192,   2]
[ 185,3597,   2,  -1,  -1,   1,   0,   3,   6,   0,   1,   2,  24,   3,
    6,  48,  24,   6,  48,  96, 192,   3]
[ 186,3678,   3,  -1,  -1,   0,   0,   3,   2,   1,   1,   2,   6,   3,
    6,  48,  48,   6,  48,  96, 192,   2]
[ 187,3927,   2,  -1,  -1,   0,   0,   3,   2,   3,   1,   3,   6,   0,
    3,   6,  96,   6,  48,  96, 192,   3]
[ 188,3930,   1,  -1,  -1,   2,   0,   0,   2,   0,   1,   6,   6,   3,
    3,   6,  96,   6,  48,  96, 192,   3]
[ 189,3939,   1,  -1,  -1,   0,   0,   1,   2,   2,   1,   0,   6,   3,
    3,  12,  96,   6,  48,  96, 192,   2]
[ 190,3945,   3,  -1,  -1,   1,   0,   0,   3,   0,   2,   1,   6,   0,
    6,  12,  96,   6,  48,  96, 192,   2]
[ 191,3951,   2,  -1,  -1,   3,   1,   0,   3,   0,   0,   3,   6,   0,
    6,  12,  96,   6,  48,  96, 192,   3]
[ 192,3951,   3,  -1,  -1,   0,   2,   0,   3,   3,   1,   3,   6,   0,
    6,  12,  96,   6,  48,  96, 192,   3]
[ 193,3957,   2,  -1,  -1,   3,   0,   0,   3,   0,   3,   3,   6,   3,
    6,  12,  96,   6,  48,  96, 192,   0]
[ 194,3957,   3,  -1,  -1,   3,   0,   3,   0,   3,   3,   6,   2,   3,
    6,  12,  96,   6,  48,  96, 192,   3]
[ 195,3963,   2,  -1,  -1,   3,   0,   3,   0,   3,   3,   6,   2,   6,
    6,  12,  96,   6,  48,  96, 192,   3]
[ 196,3972,   1,  -1,  -1,   2,   0,   3,   0,   3,   3,   6,   2,   3,
    6,  12,  96,  12,  48,  96, 192,   3]
[ 197,3975,   1,  -1,  -1,   1,   0,   3,   0,   2,   3,   6,   2,   6,
    6,  12,  96,  12,  48,  96, 192,   0]
[ 198,3984,   3,  -1,  -1,   1,   3,   0,   1,   2,   3,   6,   2,  12,
   12,  96,   0,  12,  48,  96, 192,   3]
[ 199,4746,   3,  -1,  -1,   0,   0,   0,   3,   1,   6,   0,   1,   2,
   12,   6,   2,  24,  48, 192, 192,   3]
[ 200,4755,   2,  -1,  -1,   3,   0,   0,   0,   0,   6,   0,   3,   3,
   12,   6,   3,  24,  48, 192, 192,   3]
[ 201,4758,   2,  -1,  -1,   2,   0,   0,   0,   3,   6,   0,   0,   3,
   12,   6,   6,  24,  48, 192, 192,   2]
[ 202,6954,   1,  -1,  -1,   2,   2,   0,   0,   0,   3,   6,   0,   0,
    3,  12,  12,   0,  24,  48, 384,   2]
[ 203,6981,   1,  -1,  -1,   0,   2,   2,   0,   1,   0,   3,   6,   0,
    0,   3,  24,   0,  24,  48, 384,   3]
[ 204,6984,   2,  -1,  -1,   1,   0,   0,   0,   0,   2,   2,   6,   1,
    0,   6,  24,   0,  24,  48, 384,   3]
[ 205,6984,   1,  -1,  -1,   0,   2,   0,   0,   1,   0,   2,   6,   0,
    2,   6,  24,   1,  24,  48, 384,   0]
[ 206,6984,  12,  24,  48,   2,   0,   0,   0,   1,   2,   6,   0,   2,
    6,  24,   1,   1,  24,  48, 384,   3]
[ 207,7068,   3,  -1,  -1,  24,   0,   0,   0,   2,   2,   6,   0,   1,
    6,  24,   1,   3,  24,  48, 384,   3]
[ 208,7074,   2,  -1,  -1,   3,   0,   0,   0,  24,   2,   6,   0,   3,
    6,  24,   1,   3,  24,  48, 384,   3]
[ 209,7077,   1,  -1,  -1,   2,   0,   0,   0,   3,   2,   6,   0,  24,
    6,  24,   1,   6,  24,  48, 384,   2]
[ 210,7077,   6,  12,  24,   0,   2,   0,   0,   1,   3,   2,   6,  24,
    6,  24,   1,   6,  24,  48, 384,   0]
[ 211,7104,   3,  -1,  -1,   2,   0,   0,  12,   1,   3,   2,   6,  24,
    6,  24,   1,   6,  24,  48, 384,   3]
[ 212,7110,   3,  -1,  -1,   3,   0,   0,  12,   3,   3,   2,   6,  24,
    6,  24,   1,   6,  24,  48, 384,   2]
[ 213,7116,   3,  -1,  -1,   3,   3,   0,  12,   0,   6,   2,   6,  24,
    6,  24,   1,   6,  24,  48, 384,   3]
[ 214,7128,   2,  -1,  -1,   3,   0,   0,  12,   3,   3,   2,   6,  24,
   12,  24,   1,   6,  24,  48, 384,   0]
[ 215,7131,   1,  -1,  -1,   3,   0,  12,   2,   6,   2,   6,   0,  24,
   12,  24,   1,   6,  24,  48, 384,   3]
[ 216,7131,   1,  -1,  -1,   3,   0,  12,   1,   6,   2,   6,   2,  24,
   12,  24,   1,   6,  24,  48, 384,   3]
[ 217,7134,   2,  -1,  -1,   3,   0,  12,   1,   6,   2,   6,   1,  24,
   12,  24,   3,   6,  24,  48, 384,   0]
[ 218,7134,   1,  -1,  -1,   3,  12,   1,   2,   6,   2,   6,   1,  24,
   12,  24,   3,   6,  24,  48, 384,   3]
[ 219,7137,   1,  -1,  -1,   3,  12,   1,   1,   6,   2,   6,   3,  24,
   12,  24,   3,   6,  24,  48, 384,   1]
[ 220,7140,   2,  -1,  -1,   3,  12,   1,   1,   6,   2,   6,   6,  24,
   12,  24, 384,   6,  24,  48,   1,   0]
[ 221,7149,   2,  -1,  -1,   3,  12,   1,   1,   6,   2,  12,   2,  24,
   12,  24, 384,   6,  24,  48,   1,   3]
[ 222,7152,   6,  12,  24,   3,  12,   1,   2,   6,   2,  12,   3,  24,
   12,  24, 384,   6,  24,  48,   1,   2]
[ 223,7182,   3,  -1,  -1,  12,   3,  12,   3,   6,   2,  12,   3,  24,
   12,  24, 384,   6,  24,  48,   1,   3]
[ 224,7215,   3,  -1,  -1,  12,   3,   3,   0,   6,   2,  24,   6,  24,
   12,  24, 384,   6,  24,  48,   1,   3]
[ 225,7299,   2,  -1,  -1,  12,   3,   3,   0,   6,   2,   3,   6,  24,
   12,  48, 384,   6,  24,  48,   1,   1]
[ 226,7302,   3,  -1,  -1,  12,   3,   6,   6,   6,   2,  48, 384,  24,
   12,  48,   1,   6,  24,   2,   0,   3]
[ 227,7548,   1,  -1,  -1,  12,   3,   0,   3,   6,   2,   6,   6,  24,
   12,  96, 384,   6,  24,   2,   1,   2]
[ 228,7560,   1,  -1,  -1,   1,  12,   3,   3,   0,   6,   2,  12,  24,
   12,  96, 384,   0,   6,  24,   3,   2]
[ 229,7563,   2,  -1,  -1,   1,   1,  12,   6,   0,   6,   2,  12,  24,
   12,  96, 384,   0,   6,  24,   3,   3]
[ 230,7563,   3,  -1,  -1,   2,   1,  12,   6,   1,   6,   2,  12,   0,
   12,  96, 384,  24,   6,  24,   3,   3]
[ 231,7566,   2,  -1,  -1,   3,   1,  12,   6,   2,   6,   2,  12,   1,
   12,  96, 384,  24,   6,  24,   3,   3]
[ 232,7569,   2,  -1,  -1,   2,   1,  12,   6,   3,   6,   2,  12,   3,
   12,  96, 384,  24,   6,  24,   3,   0]
[ 233,7572,   1,  -1,  -1,   3,  12,   6,   2,   3,   6,   2,  12,   3,
   12,  96, 384,  24,   6,  24,   3,   3]
