1515862154
[ 0, 9, 2,-1,-1, 2, 0, 3, 0, 1, 0, 0, 3, 2, 0, 0, 3, 0, 2, 1, 1, 1]
[ 1,12, 1,-1,-1, 3, 0, 3, 3, 2, 0, 0, 3, 0, 2, 1, 1, 0, 0, 0, 2, 3]
[ 2,15, 3,-1,-1, 0, 0, 1, 0, 3, 0, 3, 3, 2, 0, 0, 3, 0, 2, 1, 3, 2]
[ 3,24, 2,-1,-1, 0, 0, 0, 1, 0, 3, 0, 6, 0, 2, 0, 3, 3, 0, 3, 3, 2]
[ 4,27, 2,-1,-1, 0, 0, 0, 1, 0, 0, 3, 6, 2, 0, 2, 3, 0, 3, 0, 6, 2]
[ 5,27, 3,-1,-1, 0, 0, 0, 1, 0, 0, 3, 6, 2, 2, 2, 3, 0, 0, 3, 6, 1]
[ 6,30, 1,-1,-1, 0, 0, 3, 1, 2, 2, 2, 6, 0, 0, 3, 3, 0, 0, 3, 6, 2]
[ 7,33, 2,-1,-1, 0, 0, 3, 1, 2, 2, 2, 6, 1, 0, 0, 6, 0, 0, 3, 6, 3]
[ 8,42, 1,-1,-1, 0, 0, 0, 2, 0, 0, 3, 1, 2, 2, 2, 6, 1, 0, 3,12, 3]
[ 9,48, 1,-1,-1, 0, 0, 0, 1, 0, 0, 3, 3, 0, 0, 2, 6, 3, 2, 3,12, 2]
[10,51, 3,-1,-1, 0, 0, 0, 1, 1, 0, 0, 6, 0, 0, 2, 6, 3, 2, 3,12, 3]
[11,63, 2,-1,-1, 0, 0, 0, 3, 0, 0, 0, 1, 1, 0, 2,12, 3, 2, 3,12, 3]
[12,90, 1,-1,-1, 0, 0, 0, 2, 0, 0, 0, 3, 1, 0, 2, 1, 3, 2, 3,24, 2]
[13,93, 3,-1,-1, 0, 0, 0, 2, 0, 0, 0, 3, 1, 1, 0, 3, 3, 2, 3,24, 3]
[ 14,102,  3, -1, -1,  0,  3,  0,  0,  0,  0,  0,  2,  1,  0,  0,  6,  3,
   3,  3, 24,  2]
[ 15,108,  3, -1, -1,  0,  0,  3,  0,  0,  0,  0,  2,  3,  1,  0,  6,  0,
   3,  6, 24,  2]
[ 16,111,  2, -1, -1,  0,  0,  0,  3,  0,  0,  0,  2,  3,  3,  1,  6,  0,
   3,  6, 24,  3]
[ 17,114,  2, -1, -1,  0,  2,  0,  3,  0,  0,  0,  2,  0,  0,  1,  6,  3,
   6,  6, 24,  1]
[ 18,114,  1, -1, -1,  0,  2,  0,  3,  0,  0,  1,  2,  3,  6,  6,  6,  2,
   0,  0, 24,  2]
[ 19,126,  2, -1, -1,  0,  0,  2,  3,  0,  0,  0,  3,  0,  3,  6, 12,  1,
   2,  0, 24,  2]
[ 20,126,  3, -1, -1,  0,  0,  2,  3,  0,  0,  0,  3,  0,  3,  6, 12,  2,
   1,  2, 24,  2]
[ 21,132,  1, -1, -1,  0,  0,  2,  3,  0,  0,  0,  3,  0,  3,  6, 12,  3,
   2,  3, 24,  1]
[ 22,135,  2, -1, -1,  0,  0,  2,  6,  0,  3,  6, 12,  3,  2,  3, 24,  1,
   0,  0,  0,  3]
[ 23,135,  3, -1, -1,  0,  2,  0,  0,  0,  0,  2,  6,  3,  3,  6, 12,  1,
   2,  3, 24,  2]
[ 24,144,  3, -1, -1,  0,  0,  2,  0,  0,  0,  2,  6,  3,  6,  6, 12,  0,
   3,  3, 24,  2]
[ 25,159,  1, -1, -1,  0,  0,  0,  2,  0,  0,  2,  6,  0,  3, 12, 12,  3,
   0,  6, 24,  3]
[ 26,159,  1, -1, -1,  0,  1,  0,  2,  0,  0,  2,  6,  0,  0, 12, 12,  3,
   3,  6, 24,  3]
[ 27,159,  2, -1, -1,  0,  1,  0,  2,  0,  1,  2,  6,  0,  0, 12, 12,  3,
   3,  6, 24,  2]
[ 28,192,  3, -1, -1,  2,  0,  1,  2,  0,  0,  3,  6,  0,  0,  0, 24,  0,
   6,  6, 24,  2]
[ 29,207,  3, -1, -1,  0,  2,  0,  3,  0,  0,  3,  6,  0,  0,  0, 24,  3,
   0, 12, 24,  2]
[ 30,210,  3, -1, -1,  0,  0,  2,  3,  0,  0,  3,  6,  0,  0,  0, 24,  3,
   3, 12, 24,  2]
[ 31,216,  3, -1, -1,  0,  0,  2,  3,  0,  0,  3,  6,  0,  0,  0, 24,  3,
   6, 12, 24,  3]
[ 32,300,  2, -1, -1,  0,  0,  3,  0,  0,  0,  2,  3,  0,  0,  3,  6,  3,
   6, 12, 48,  2]
[ 33,300,  1, -1, -1,  2,  0,  0,  3,  0,  0,  2,  3,  0,  0,  3,  6,  3,
   6, 12, 48,  3]
[ 34,303,  2, -1, -1,  0,  0,  0,  1,  2,  0,  2,  6,  0,  0,  3,  6,  3,
   6, 12, 48,  3]
[ 35,312,  1, -1, -1,  0,  0,  0,  2,  0,  0,  2,  1,  2,  0,  3, 12,  3,
   6, 12, 48,  2]
[ 36,315,  1, -1, -1,  0,  0,  0,  2,  0,  0,  0,  3,  1,  2,  3, 12,  3,
   6, 12, 48,  2]
[ 37,318,  2, -1, -1,  0,  0,  0,  2,  0,  0,  0,  3,  1,  3,  3, 12,  3,
   6, 12, 48,  2]
[ 38,321,  1, -1, -1,  0,  0,  0,  2,  0,  0,  0,  3,  2,  1,  6, 12,  3,
   6, 12, 48,  2]
[ 39,324,  2, -1, -1,  0,  0,  0,  2,  0,  0,  0,  3,  1,  3,  6, 12,  3,
   6, 12, 48,  0]
[ 40,324,  1, -1, -1,  0,  0,  2,  2,  0,  0,  3,  0,  1,  3,  6, 12,  3,
   6, 12, 48,  3]
[ 41,324,  1, -1, -1,  0,  0,  2,  1,  0,  0,  3,  2,  1,  3,  6, 12,  3,
   6, 12, 48,  2]
[ 42,327,  1, -1, -1,  1,  0,  0,  3,  0,  0,  3,  2,  1,  3,  6, 12,  3,
   6, 12, 48,  0]
[ 43,327,  3, -1, -1,  1,  0,  3,  0,  0,  3,  2,  1,  1,  3,  6, 12,  3,
   6, 12, 48,  3]
[ 44,333,  1, -1, -1,  3,  0,  3,  0,  1,  0,  2,  1,  1,  6,  6, 12,  3,
   6, 12, 48,  2]
[ 45,345,  2, -1, -1,  0,  3,  0,  3,  1,  1,  0,  3,  0,  1, 12, 12,  3,
   6, 12, 48,  2]
[ 46,372,  3, -1, -1,  0,  0,  3,  3,  2,  1,  1,  3,  0,  0,  1, 24,  3,
   6, 12, 48,  3]
[ 47,378,  2, -1, -1,  0,  3,  3,  0,  0,  0,  1,  6,  2,  1,  1, 24,  3,
   6, 12, 48,  2]
[ 48,381,  3, -1, -1,  0,  0,  3,  3,  0,  0,  1,  6,  2,  3,  1, 24,  3,
   6, 12, 48,  2]
[ 49,387,  2, -1, -1,  3,  0,  0,  6,  0,  0,  1,  6,  2,  3,  1, 24,  3,
   6, 12, 48,  2]
[ 50,387,  3, -1, -1,  2,  3,  0,  6,  0,  0,  1,  6,  2,  3,  1, 24,  3,
   6, 12, 48,  3]
[ 51,399,  2, -1, -1,  3,  0,  0,  0,  2,  3,  1, 12,  2,  3,  1, 24,  3,
   6, 12, 48,  3]
[ 52,402,  3, -1, -1,  3,  2,  0,  0,  2,  0,  1, 12,  2,  6,  1, 24,  3,
   6, 12, 48,  3]
[ 53,414,  3, -1, -1,  3,  3,  0,  0,  2,  2,  1, 12,  2,  0,  1, 24,  3,
  12, 12, 48,  2]
[ 54,447,  6, -1, -1,  0,  3,  3,  0,  0,  2,  3, 12,  3,  2,  1, 24,  0,
   3, 24, 48,  2]
[ 55,459,  2, -1, -1,  6,  0,  3,  3,  0,  2,  3, 12,  0,  3,  3, 24,  0,
   3, 24, 48,  3]
[ 56,465,  1, -1, -1,  2,  0,  0,  3,  6,  0,  3, 12,  0,  2,  6, 24,  0,
   6, 24, 48,  3]
[ 57,465,  1, -1, -1,  1,  0,  0,  3,  2,  0,  3, 12,  6,  2,  6, 24,  0,
   6, 24, 48,  3]
[ 58,465,  2, -1, -1,  1,  0,  0,  3,  1,  0,  3, 12,  2,  2,  6, 24,  6,
   6, 24, 48,  3]
[ 59,468,  1, -1, -1,  2,  0,  0,  3,  1,  0,  3, 12,  3,  2,  6, 24,  6,
   6, 24, 48,  2]
[ 60,477,  3, -1, -1,  1,  2,  0,  3,  0,  1,  3, 12,  3,  2,  6, 24,  0,
  12, 24, 48,  3]
[ 61,483,  2, -1, -1,  0,  3,  0,  3,  1,  2,  3, 12,  0,  3,  6, 24,  3,
  12, 24, 48,  2]
[ 62,486,  1, -1, -1,  2,  0,  3,  3,  0,  3,  3, 12,  0,  3,  6, 24,  3,
  12, 24, 48,  3]
[ 63,492,  3, -1, -1,  1,  0,  0,  3,  2,  0,  6, 12,  0,  6,  6, 24,  3,
  12, 24, 48,  3]
[ 64,504,  1, -1, -1,  3,  0,  0,  3,  1,  0,  0, 12,  2,  6, 12, 24,  3,
  12, 24, 48,  3]
[ 65,507,  3, -1, -1,  1,  0,  0,  3,  3,  0,  0, 12,  3,  6, 12, 24,  3,
  12, 24, 48,  3]
[ 66,513,  1, -1, -1,  3,  0,  0,  3,  1,  0,  0, 12,  3,  6, 12, 24,  6,
  12, 24, 48,  0]
[ 67,513,  2, -1, -1,  3,  0,  3,  0,  1,  0, 12,  1,  3,  6, 12, 24,  6,
  12, 24, 48,  3]
[ 68,540,  1, -1, -1,  3,  0,  2,  0,  1,  0,  3,  1,  3,  6, 24, 24,  6,
  12, 24, 48,  3]
[ 69,621,  3, -1, -1,  3,  0,  1,  0,  1,  0,  2,  1,  3,  6,  3, 24,  6,
  12, 48, 48,  2]
[ 70,870,  2, -1, -1,  0,  3,  0,  1,  0,  1,  0,  3,  3,  6,  3, 24,  3,
   6, 12, 96,  2]
[ 71,870,  3, -1, -1,  0,  0,  3,  1,  2,  0,  1,  3,  3,  6,  3, 24,  3,
   6, 12, 96,  2]
[ 72,873,  1, -1, -1,  0,  0,  3,  1,  3,  2,  1,  3,  3,  6,  3, 24,  3,
   6, 12, 96,  2]
[ 73,876,  2, -1, -1,  0,  0,  3,  1,  1,  3,  3,  3,  3,  6,  3, 24,  3,
   6, 12, 96,  3]
[ 74,891,  2, -1, -1,  2,  0,  0,  1,  0,  0,  3,  3,  1,  3,  6, 24,  6,
  12, 12, 96,  2]
[ 75,921,  3, -1, -1,  2,  2,  0,  1,  0,  0,  0,  6,  1,  3,  6, 24,  0,
   6, 24, 96,  2]
[ 76,924,  1, -1, -1,  3,  2,  2,  1,  0,  0,  0,  6,  1,  3,  6, 24,  0,
   6, 24, 96,  2]
[ 77,927,  3, -1, -1,  1,  3,  2,  3,  0,  0,  0,  6,  1,  3,  6, 24,  0,
   6, 24, 96,  3]
[ 78,930,  3, -1, -1,  0,  0,  3,  3,  1,  3,  2,  6,  0,  3,  6, 24,  1,
   6, 24, 96,  2]
[ 79,936,  2, -1, -1,  3,  0,  0,  6,  1,  3,  2,  6,  0,  3,  6, 24,  1,
   6, 24, 96,  3]
[ 80,948,  1, -1, -1,  0,  2,  0,  0,  3,  0,  2, 12,  1,  6,  6, 24,  1,
   6, 24, 96,  2]
[ 81,957,  2, -1, -1,  0,  0,  2,  0,  0,  3,  2, 12,  1,  1, 12, 24,  1,
   6, 24, 96,  0]
[ 82,957,  1, -1, -1,  0,  2,  0,  2,  3,  2, 12,  0,  1,  1, 12, 24,  1,
   6, 24, 96,  3]
[ 83,987,  3, -1, -1,  0,  1,  0,  0,  3,  2,  0,  2,  1,  3, 24, 24,  1,
   6, 24, 96,  3]
[  84,1074,   3,  -1,  -1,   0,   0,   3,   0,   3,   3,   0,   2,   1,
    3,   0,  24,   1,   6,  48,  96,   2]
[  85,1077,   1,  -1,  -1,   0,   0,   0,   3,   0,   3,   3,   2,   3,
    1,   3,  24,   1,   6,  48,  96,   3]
[  86,1080,   2,  -1,  -1,   0,   0,   1,   3,   0,   3,   0,   2,   3,
    1,   6,  24,   1,   6,  48,  96,   3]
[  87,1080,   6,  12,  -1,   0,   0,   2,   3,   0,   3,   1,   2,   3,
    1,   6,  24,   1,   6,  48,  96,   2]
[  88,1110,   2,  -1,  -1,   0,   0,   2,   3,  12,   0,   3,   3,   3,
    1,   6,  24,   1,   6,  48,  96,   2]
[  89,1113,   1,  -1,  -1,   0,   0,   2,   3,   2,  12,   0,   6,   3,
    1,   6,  24,   1,   6,  48,  96,   0]
[  90,1113,   2,  -1,  -1,   0,   2,   3,   0,   2,  12,   6,   1,   3,
    1,   6,  24,   1,   6,  48,  96,   3]
[  91,1122,   1,  -1,  -1,   0,   2,   2,   0,   2,  12,   3,   1,   3,
    1,  12,  24,   1,   6,  48,  96,   2]
[  92,1122,   2,  -1,  -1,   1,   0,   2,   2,   2,  12,   3,   1,   3,
    1,  12,  24,   1,   6,  48,  96,   3]
[  93,1128,   1,  -1,  -1,   2,   0,   2,   0,   3,  12,   3,   3,   3,
    1,  12,  24,   1,   6,  48,  96,   2]
[  94,1131,   3,  -1,  -1,   0,   2,   0,   2,   1,   3,  12,   6,   3,
    1,  12,  24,   1,   6,  48,  96,   3]
[  95,1161,   3,  -1,  -1,   0,   2,   3,   2,   1,   3,   0,   6,   3,
    1,  24,  24,   1,   6,  48,  96,   2]
[  96,1245,   3,  -1,  -1,   0,   2,   3,   2,   0,   1,   3,   6,   3,
    3,   1,  48,   1,   6,  48,  96,   2]
[  97,1251,   2,  -1,  -1,   0,   2,   3,   2,   0,   1,   3,   6,   3,
    6,   1,  48,   1,   6,  48,  96,   3]
[  98,1263,   3,  -1,  -1,   0,   0,   2,   2,   0,   2,   6,   6,   3,
    1,   1,  48,   1,  12,  48,  96,   3]
[  99,1269,   1,  -1,  -1,   0,   3,   2,   2,   0,   0,   6,   6,   3,
    3,   1,  48,   1,  12,  48,  96,   2]
[ 100,1281,   2,  -1,  -1,   0,   3,   2,   2,   1,   0,   0,  12,   0,
    6,   1,  48,   1,  12,  48,  96,   3]
[ 101,1281,   3,  -1,  -1,   0,   0,   2,   2,   0,   3,   2,  12,   1,
    6,   1,  48,   1,  12,  48,  96,   3]
[ 102,1287,   1,  -1,  -1,   0,   0,   3,   2,   0,   3,   2,  12,   1,
    6,   3,  48,   1,  12,  48,  96,   0]
[ 103,1287,   3,  -1,  -1,   0,   3,   2,   0,   3,   2,  12,   1,   1,
    6,   3,  48,   1,  12,  48,  96,   2]
[ 104,1290,   1,  -1,  -1,   3,   0,   3,   2,   3,   2,  12,   1,   1,
    6,   3,  48,   1,  12,  48,  96,   3]
[ 105,1296,   3,  -1,  -1,   0,   0,   3,   1,   6,   2,  12,   3,   1,
    6,   3,  48,   1,  12,  48,  96,   0]
[ 106,1299,   1,  -1,  -1,   0,   3,   1,   3,   6,   2,  12,   3,   1,
    6,   3,  48,   1,  12,  48,  96,   0]
[ 107,1299,   2,  -1,  -1,   3,   1,   3,   1,   6,   2,  12,   3,   1,
    6,   3,  48,   1,  12,  48,  96,   1]
[ 108,1302,   3,  -1,  -1,   3,   3,   3,   1,   6,   6,  12,   3,   1,
   12,   3,  48,   1,   2,  48,  96,   2]
[ 109,1320,   1,  -1,  -1,   3,   3,   6,   1,   0,  12,  12,   3,   1,
   12,   3,  48,   0,   3,  48,  96,   2]
[ 110,1350,   2,  -1,  -1,   1,   6,   6,   1,   0,   0,  24,   3,   1,
   12,   3,  48,   0,   3,  48,  96,   2]
[ 111,1359,   2,  -1,  -1,   2,   1,  12,   1,   0,   0,  24,   3,   1,
   12,   3,  48,   0,   3,  48,  96,   2]
[ 112,1362,   2,  -1,  -1,   2,   3,  12,   1,   0,   0,  24,   3,   1,
   12,   3,  48,   0,   3,  48,  96,   1]
[ 113,1362,   3,  -1,  -1,   2,   3,  12,   1,   1,  12,  24,   3,   0,
    3,   3,  48,   2,   0,  48,  96,   2]
[ 114,1368,   1,  -1,  -1,   2,   3,  12,   1,   1,  12,  24,   3,   3,
    0,   6,  48,   0,   2,  48,  96,   1]
[ 115,1371,   1,  -1,  -1,   3,   3,  12,   1,   3,  12,  24,   3,   0,
    2,   6,  48,   1,   0,  48,  96,   2]
[ 116,1374,   2,  -1,  -1,   1,   6,  12,   1,   3,  12,  24,   3,   0,
    2,   6,  48,   0,   1,  48,  96,   3]
[ 117,1377,   3,  -1,  -1,   2,   0,  12,   1,   1,   6,  24,   3,   3,
   12,   6,  48,   0,   3,  48,  96,   3]
[ 118,1380,   2,  -1,  -1,   3,   0,  12,   1,   2,   6,  24,   3,   1,
   12,   6,  48,   3,   3,  48,  96,   2]
[ 119,1383,   2,  -1,  -1,   0,   3,  12,   1,   2,   6,  24,   3,   1,
   12,   6,  48,   2,   6,  48,  96,   0]
[ 120,1383,   6,  12,  -1,   3,  12,   1,   2,   2,   6,  24,   3,   1,
   12,   6,  48,   2,   6,  48,  96,   1]
[ 121,1395,   1,  -1,  -1,   3,  12,   1,   2,   3,   6,  24,   3,   2,
   12,   6,  48,   6,   6,  48,  96,   2]
[ 122,1407,   2,  -1,  -1,   1,   3,  12,   3,   3,   6,  24,   3,   2,
   12,   6,  48,   0,  12,  48,  96,   3]
[ 123,1437,   6,  12,  -1,   0,   0,  12,   2,   1,   3,  24,   6,   3,
    6,   6,  48,   2,  24,  48,  96,   2]
[ 124,1473,   3,  -1,  -1,   0,   0,  12,   2,   1,   3,  24,   6,  12,
    3,  12,  48,   2,  24,  48,  96,   3]
[ 125,1479,   1,  -1,  -1,   0,   3,  12,   2,   1,   0,  24,   6,  12,
    6,  12,  48,   2,  24,  48,  96,   3]
[ 126,1479,   3,  -1,  -1,   0,   1,  12,   2,   1,   3,  24,   6,  12,
    6,  12,  48,   2,  24,  48,  96,   1]
