1516451542
2,0,1,3,1,1,0,0,0,3,0,3,0,2,2,0,3,-1,-1,3,3,3,0,0,0,2,1,1,3,1,3,0,0,0,2,2,3,2,-1,-1
3,0,0,0,2,1,1,3,1,3,0,0,0,2,2,3,2,-1,-1,3,0,2,0,0,0,3,1,0,0,2,3,1,3,1,2,2,3,1,-1,-1
2,0,0,0,3,1,0,0,2,3,1,3,1,2,2,3,1,-1,-1,3,9,0,0,0,1,2,1,0,0,3,3,0,0,3,2,3,6,3,-1,-1
1,0,0,0,2,1,0,0,3,3,0,0,3,2,3,6,3,-1,-1,2,3,0,1,0,0,0,2,1,0,3,3,3,0,3,2,3,6,3,-1,-1
0,1,0,0,0,2,1,0,3,3,3,0,3,2,3,6,3,-1,-1,3,12,0,3,0,0,0,3,0,0,0,3,1,0,6,2,6,6,1,-1,-1
0,3,0,0,0,3,0,0,0,3,1,0,6,2,6,6,1,-1,-1,0,9,3,0,0,0,3,0,0,1,3,1,0,0,6,2,12,0,3,-1,-1
3,0,0,1,3,0,0,0,3,1,0,0,6,2,12,0,3,-1,-1,3,9,3,0,0,0,3,0,0,1,6,0,0,0,6,3,12,0,2,-1,-1
3,0,0,0,3,0,0,1,6,0,0,0,6,3,12,0,2,-1,-1,3,9,0,0,0,2,3,0,0,0,3,0,0,1,12,3,12,0,1,-1,-1
0,0,0,2,3,0,0,0,3,0,0,1,12,3,12,0,1,-1,-1,2,0,0,0,0,2,0,3,0,0,0,3,0,1,1,12,3,12,2,-1,-1
0,0,0,2,0,3,0,0,1,3,0,1,0,12,3,12,2,-1,-1,3,3,2,0,0,0,0,0,0,2,0,6,0,1,1,12,3,12,2,-1,-1
0,2,0,0,0,0,0,2,0,6,0,1,1,12,3,12,2,-1,-1,3,3,0,0,0,2,0,2,0,0,0,6,0,3,1,12,3,12,3,-1,-1
0,0,0,2,0,2,0,0,0,6,0,3,1,12,3,12,3,-1,-1,0,3,0,0,2,0,2,0,0,3,6,0,3,0,1,12,3,12,1,-1,-1
0,0,2,0,2,0,0,0,6,0,3,3,1,12,3,12,1,-1,-1,3,3,0,0,1,0,2,0,2,0,6,0,0,3,1,12,6,12,1,-1,-1
0,0,1,0,2,0,2,0,6,0,0,3,1,12,6,12,1,-1,-1,2,0,0,0,0,1,1,2,0,2,0,6,0,3,1,12,6,12,2,-1,-1
1,0,0,1,0,2,0,2,0,6,0,3,1,12,6,12,2,-1,-1,3,3,0,0,0,2,1,2,0,3,0,6,0,3,1,12,6,12,1,-1,-1
0,0,0,2,1,2,0,3,0,6,0,3,1,12,6,12,1,-1,-1,2,0,0,0,0,2,0,1,2,3,1,0,6,3,1,12,6,12,2,-1,-1
0,0,0,2,1,1,2,3,0,0,6,3,1,12,6,12,2,-1,-1,3,12,0,2,0,0,0,0,0,2,1,1,2,6,1,12,12,12,3,-1,-1
0,2,0,0,0,0,0,2,1,1,2,6,1,12,12,12,3,-1,-1,2,33,3,0,2,0,0,0,0,2,0,1,3,6,0,1,12,24,1,-1,-1
0,0,2,0,0,0,0,2,0,1,3,6,3,1,12,24,1,-1,-1,3,0,0,0,1,0,0,0,2,2,0,1,3,6,3,1,12,24,2,-1,-1
0,0,1,0,0,0,2,2,0,1,3,6,3,1,12,24,2,-1,-1,3,3,0,0,2,0,0,0,3,2,0,1,3,6,3,1,12,24,1,-1,-1
0,0,2,0,0,0,3,2,0,1,3,6,3,1,12,24,1,-1,-1,3,3,0,0,1,0,0,0,2,2,0,1,6,6,3,1,12,24,3,-1,-1
0,0,1,0,0,0,2,2,0,1,6,6,3,1,12,24,3,-1,-1,3,6,0,0,3,0,0,0,3,2,0,1,6,6,3,1,12,24,1,-1,-1
0,0,3,0,0,0,3,2,0,1,6,6,3,1,12,24,1,-1,-1,2,9,1,0,0,3,0,0,3,2,0,0,1,12,3,1,12,24,2,-1,-1
0,0,0,3,0,0,3,2,1,0,1,12,3,1,12,24,2,-1,-1,2,0,0,0,0,3,0,0,3,2,2,1,1,12,3,1,12,24,2,-1,-1
0,0,0,3,0,0,3,2,2,1,1,12,3,1,12,24,2,-1,-1,2,3,0,0,0,3,0,0,3,2,2,3,1,12,3,1,12,24,3,-1,-1
0,0,0,3,0,0,3,2,2,3,1,12,3,1,12,24,3,-1,-1,0,3,0,0,3,3,0,3,2,0,2,3,1,12,3,1,12,24,3,-1,-1
0,0,3,3,0,3,2,0,2,3,1,12,3,1,12,24,3,-1,-1,0,3,0,3,3,3,3,2,0,0,2,3,1,12,3,1,12,24,3,-1,-1
0,3,3,3,3,2,0,0,2,3,1,12,3,1,12,24,3,-1,-1,3,3,0,3,3,0,3,2,3,3,2,3,1,12,3,1,12,24,2,-1,-1
0,3,0,3,3,2,3,3,2,3,1,12,3,1,12,24,2,-1,-1,2,3,2,0,3,3,0,3,2,6,2,3,1,12,3,1,12,24,2,-1,-1
0,0,3,3,2,3,2,6,2,3,1,12,3,1,12,24,2,-1,-1,3,6,0,2,0,3,2,0,3,6,2,6,3,12,3,1,12,24,1,-1,-1
0,0,2,3,2,0,3,6,2,6,3,12,3,1,12,24,1,-1,-1,3,3,0,0,1,3,2,0,2,6,2,6,6,12,3,1,12,24,2,-1,-1
0,0,1,3,2,0,2,6,2,6,6,12,3,1,12,24,2,-1,-1,3,3,0,0,2,3,2,0,3,6,2,6,6,12,3,1,12,24,3,-1,-1
0,0,2,3,2,0,3,6,2,6,6,12,3,1,12,24,3,-1,-1,2,12,0,0,2,3,0,2,3,6,3,2,12,12,3,1,12,24,1,-1,-1
0,0,2,3,3,2,3,6,0,2,12,12,3,1,12,24,1,-1,-1,3,30,1,0,0,3,0,0,2,6,3,2,3,12,3,3,24,24,3,-1,-1
0,1,0,3,0,0,2,6,3,2,3,12,3,3,24,24,3,-1,-1,3,6,3,0,0,3,0,1,2,6,0,2,3,12,6,3,24,24,1,-1,-1
3,0,0,3,0,1,2,6,0,2,3,12,6,3,24,24,1,-1,-1,3,3,0,1,0,3,3,0,2,6,0,3,3,12,6,3,24,24,2,-1,-1
1,0,0,3,3,0,2,6,0,3,3,12,6,3,24,24,2,-1,-1,3,3,2,0,0,3,1,0,2,6,3,0,3,12,6,6,24,24,1,-1,-1
0,2,0,3,1,0,2,6,3,0,3,12,6,6,24,24,1,-1,-1,3,0,0,1,0,3,1,2,2,6,3,0,3,12,6,6,24,24,3,-1,-1
0,1,0,3,1,2,2,6,3,0,3,12,6,6,24,24,3,-1,-1,2,87,0,0,1,3,0,3,2,6,3,3,3,12,0,6,6,48,1,-1,-1
3,0,1,3,0,3,2,6,0,3,3,12,0,6,6,48,1,-1,-1,3,6,1,0,0,3,3,0,3,6,0,6,3,12,0,6,6,48,1,-1,-1
0,0,1,3,3,0,3,6,0,6,3,12,0,6,6,48,1,-1,-1,3,12,1,0,0,3,0,0,1,6,3,0,6,12,0,12,6,48,2,-1,-1
0,1,0,3,0,0,1,6,3,0,6,12,0,12,6,48,2,-1,-1,3,9,0,0,2,3,0,1,0,6,0,0,1,12,3,12,12,48,2,-1,-1
0,0,2,3,0,1,0,6,0,0,1,12,3,12,12,48,2,-1,-1,3,0,0,2,0,3,0,0,2,6,0,1,1,12,3,12,12,48,3,-1,-1
0,0,2,3,0,0,2,6,0,1,1,12,3,12,12,48,3,-1,-1,3,6,0,0,3,3,0,0,2,6,0,1,3,12,3,12,12,48,3,-1,-1
0,0,3,3,0,0,2,6,0,1,3,12,3,12,12,48,3,-1,-1,1,3,0,0,3,3,0,1,2,6,3,12,3,12,3,0,12,48,1,-1,-1
0,0,3,3,0,1,2,6,3,12,3,12,3,0,12,48,6,-1,-1,2,15,0,0,0,6,6,0,3,6,3,12,3,12,0,3,12,48,1,-1,-1
6,0,0,6,0,0,3,6,3,12,3,12,0,3,12,48,1,-1,-1,3,12,1,0,0,0,6,0,0,12,0,12,6,12,3,3,12,48,3,-1,-1
0,0,1,0,6,0,0,12,0,12,6,12,3,3,12,48,3,-1,-1,3,30,0,0,0,3,0,0,1,0,6,12,6,24,3,3,12,48,2,-1,-1
0,0,0,3,0,0,1,0,6,12,6,24,3,3,12,48,2,-1,-1,2,3,0,0,0,3,0,0,0,1,6,12,6,24,2,6,12,48,2,-1,-1
0,0,0,3,0,0,0,1,6,12,6,24,2,6,12,48,2,-1,-1,0,0,0,0,3,2,0,0,1,0,6,12,6,24,2,6,12,48,1,-1,-1
0,0,3,2,0,0,1,0,6,12,6,24,2,6,12,48,1,-1,-1,3,0,0,0,3,1,0,0,1,2,6,12,6,24,2,6,12,48,3,-1,-1
0,0,3,1,0,0,1,2,6,12,6,24,2,6,12,48,3,-1,-1,2,6,0,0,3,1,3,0,0,3,6,12,6,24,2,6,12,48,1,-1,-1
0,0,3,1,3,0,0,3,6,12,6,24,2,6,12,48,1,-1,-1,3,0,0,0,1,1,3,0,3,3,6,12,6,24,2,6,12,48,3,-1,-1
0,0,1,1,3,0,3,3,6,12,6,24,2,6,12,48,3,-1,-1,2,6,0,0,1,1,3,3,0,6,6,12,6,24,2,6,12,48,6,-1,-1
0,0,1,1,3,3,0,6,6,12,6,24,2,6,12,48,3,-1,-1,0,6,0,1,1,0,6,0,6,3,6,12,6,24,2,6,12,48,6,-1,-1
0,1,1,0,6,0,6,3,6,12,6,24,2,6,12,48,2,-1,-1,3,18,0,2,0,0,0,1,1,3,12,12,12,24,2,6,12,48,2,-1,-1
2,0,0,0,0,1,1,3,12,12,12,24,2,6,12,48,2,-1,-1,2,27,2,2,0,0,0,1,1,3,0,12,24,24,2,6,12,48,3,-1,-1
2,2,0,0,0,1,1,3,0,12,24,24,2,6,12,48,3,-1,-1,2,84,3,2,2,0,0,1,1,3,0,0,12,48,2,6,12,48,1,-1,-1
3,2,2,0,0,1,1,3,0,0,12,48,2,6,12,48,1,-1,-1,3,270,0,0,0,1,3,2,2,0,0,1,1,3,2,6,24,96,2,-1,-1
0,1,0,0,3,2,2,0,0,1,1,3,2,6,24,96,2,-1,-1,3,6,0,0,2,0,0,1,0,0,3,3,3,3,2,6,24,96,3,-1,-1
2,0,0,0,0,1,0,0,3,3,3,3,2,6,24,96,3,-1,-1,3,3,3,0,0,0,2,1,0,0,3,3,3,3,2,6,24,96,1,-1,-1
3,0,0,0,2,1,0,0,3,3,3,3,2,6,24,96,1,-1,-1,2,3,0,3,0,0,0,2,1,0,1,3,3,6,2,6,24,96,2,-1,-1
0,3,0,0,0,2,1,0,1,3,3,6,2,6,24,96,2,-1,-1,2,3,0,0,3,0,2,0,2,1,0,1,6,6,2,6,24,96,1,-1,-1
2,0,3,0,0,0,2,1,0,1,6,6,2,6,24,96,1,-1,-1,2,12,0,2,0,3,1,0,0,3,0,0,1,12,2,6,24,96,1,-1,-1
1,2,0,3,0,0,0,3,0,0,1,12,2,6,24,96,1,-1,-1,3,3,0,1,0,0,1,2,0,6,0,0,1,12,2,6,24,96,1,-1,-1
1,0,0,0,1,2,0,6,0,0,1,12,2,6,24,96,1,-1,-1,3,0,0,1,0,0,1,0,0,6,1,2,1,12,2,6,24,96,3,-1,-1
1,0,0,0,1,0,0,6,1,2,1,12,2,6,24,96,3,-1,-1,3,6,3,0,0,0,1,0,0,6,1,2,1,12,3,6,24,96,2,-1,-1
3,0,0,0,1,0,0,6,1,2,1,12,3,6,24,96,2,-1,-1,2,3,0,3,0,0,2,1,0,6,0,1,3,12,3,6,24,96,2,-1,-1
2,3,0,0,0,1,0,6,0,1,3,12,3,6,24,96,2,-1,-1,3,0,2,3,0,0,2,1,0,6,0,1,3,12,3,6,24,96,2,-1,-1
2,3,0,0,2,1,0,6,0,1,3,12,3,6,24,96,2,-1,-1,3,0,2,3,0,0,2,1,0,6,2,1,3,12,3,6,24,96,3,-1,-1
2,3,0,0,2,1,0,6,2,1,3,12,3,6,24,96,3,-1,-1,2,6,0,2,3,0,3,2,1,6,0,3,3,12,3,6,24,96,2,-1,-1
0,2,3,0,0,2,1,6,3,3,3,12,3,6,24,96,2,-1,-1,2,6,0,0,2,3,0,0,3,6,2,3,6,12,3,6,24,96,3,-1,-1
0,0,2,3,0,0,3,6,2,3,6,12,3,6,24,96,3,-1,-1,0,3,0,2,3,3,0,3,6,0,2,3,6,12,3,6,24,96,3,-1,-1
0,2,3,3,0,3,6,0,2,3,6,12,3,6,24,96,3,-1,-1,3,15,0,0,0,3,0,2,3,3,2,6,12,12,3,6,24,96,1,-1,-1
0,0,3,0,0,2,3,3,2,6,12,12,3,6,24,96,1,-1,-1,2,30,0,0,0,3,0,0,2,6,1,2,6,24,3,6,24,96,1,-1,-1
0,0,0,3,0,0,2,6,1,2,6,24,3,6,24,96,1,-1,-1,0,3,0,0,3,1,0,2,6,0,3,6,24,0,3,6,24,96,2,-1,-1
0,0,3,1,0,2,6,0,3,6,24,0,3,6,24,96,6,12,-1,3,102,0,6,0,0,0,0,3,1,0,2,6,0,6,12,48,96,2,-1,-1
0,0,6,0,0,0,3,1,0,2,6,0,6,12,48,96,2,-1,-1,3,0,0,0,6,2,0,0,3,0,0,2,6,1,6,12,48,96,3,-1,-1
0,0,6,2,0,0,3,0,0,2,6,1,6,12,48,96,3,-1,-1,3,3,0,0,6,3,0,0,3,2,0,2,6,1,6,12,48,96,3,-1,-1
0,0,6,3,0,0,3,2,0,2,6,1,6,12,48,96,3,-1,-1,3,6,0,0,6,3,0,0,3,3,0,2,6,3,6,12,48,96,2,-1,-1
0,0,6,3,0,0,3,3,0,2,6,3,6,12,48,96,2,-1,-1,3,3,0,0,6,2,0,0,3,3,0,2,6,6,6,12,48,96,2,-1,-1
0,0,6,2,0,0,3,3,0,2,6,6,6,12,48,96,2,-1,-1,2,12,0,0,6,2,2,0,0,6,0,0,2,12,6,12,48,96,3,-1,-1
0,0,6,2,2,0,0,6,0,0,2,12,6,12,48,96,3,-1,-1,3,3,0,0,3,2,0,0,6,6,2,0,2,12,6,12,48,96,1,-1,-1
0,0,3,2,0,0,6,6,2,0,2,12,6,12,48,96,1,-1,-1,2,9,0,0,3,2,1,0,0,12,0,2,2,12,6,12,48,96,3,-1,-1
0,0,3,2,0,0,0,12,1,2,2,12,6,12,48,96,3,-1,-1,2,6,0,0,3,2,0,0,0,12,3,3,2,12,6,12,48,96,1,-1,-1
0,0,3,2,0,0,0,12,3,3,2,12,6,12,48,96,1,-1,-1,3,27,0,0,1,0,0,0,3,2,3,3,2,24,6,12,48,96,2,-1,-1
0,0,0,1,0,0,3,2,3,3,2,24,6,12,48,96,2,-1,-1,3,3,0,0,0,2,0,0,3,3,3,3,2,24,6,12,48,96,1,-1,-1
0,0,0,2,0,0,3,3,3,3,2,24,6,12,48,96,1,-1,-1,0,3,0,0,2,0,0,3,3,0,6,2,24,1,6,12,48,96,1,-1,-1
0,0,2,1,0,3,3,0,6,2,24,0,6,12,48,96,1,-1,-1,2,3,0,0,0,3,1,0,3,3,0,6,2,24,6,12,48,96,3,-1,-1
0,0,0,3,0,0,3,3,1,6,2,24,6,12,48,96,3,-1,-1,2,6,0,0,0,3,3,0,0,6,1,6,2,24,6,12,48,96,3,-1,-1
0,0,0,3,3,0,0,6,1,6,2,24,6,12,48,96,3,-1,-1,2,3,0,0,0,3,3,3,0,6,1,6,2,24,6,12,48,96,1,-1,-1
0,0,0,3,3,3,0,6,1,6,2,24,6,12,48,96,1,-1,-1,2,0,0,0,0,3,1,3,3,6,1,6,2,24,6,12,48,96,2,-1,-1
0,0,0,3,1,3,3,6,1,6,2,24,6,12,48,96,2,-1,-1,2,3,0,0,0,3,2,1,6,6,1,6,2,24,6,12,48,96,3,-1,-1
0,0,0,3,2,1,6,6,1,6,2,24,6,12,48,96,6,12,-1,2,36,0,0,0,3,12,2,1,12,1,6,2,24,6,12,48,96,3,-1,-1
0,0,0,3,12,2,1,12,1,6,2,24,6,12,48,96,3,-1,-1,2,6,0,0,0,3,3,12,3,12,1,6,2,24,6,12,48,96,2,-1,-1
0,0,0,3,3,12,3,12,1,6,2,24,6,12,48,96,2,-1,-1,0,0,0,0,3,2,3,12,3,12,1,6,2,24,6,12,48,96,1,-1,-1
0,0,3,2,3,12,3,12,1,6,2,24,6,12,48,96,1,-1,-1,3,3,0,0,1,2,3,12,6,12,1,6,2,24,6,12,48,96,1,-1,-1
0,0,1,2,3,12,6,12,1,6,2,24,6,12,48,96,1,-1,-1,2,3,1,0,0,3,3,12,6,12,1,6,2,24,6,12,48,96,2,-1,-1
1,0,0,3,3,12,6,12,1,6,2,24,6,12,48,96,2,-1,-1,2,0,2,1,0,3,3,12,6,12,1,6,2,24,6,12,48,96,2,-1,-1
2,1,0,3,3,12,6,12,1,6,2,24,6,12,48,96,2,-1,-1,0,3,3,0,3,2,3,12,6,12,1,6,2,24,6,12,48,96,3,-1,-1
3,0,3,2,3,12,6,12,1,6,2,24,6,12,48,96,3,-1,-1,3,6,3,0,3,2,6,12,6,12,1,6,2,24,6,12,48,96,1,-1,-1
3,0,3,2,6,12,6,12,1,6,2,24,6,12,48,96,1,-1,-1,0,0,3,3,2,1,6,12,6,12,1,6,2,24,6,12,48,96,3,-1,-1
3,3,2,1,6,12,6,12,1,6,2,24,6,12,48,96,3,-1,-1,2,6,3,3,3,3,6,12,6,12,1,6,2,24,6,12,48,96,2,-1,-1
3,3,3,3,6,12,6,12,1,6,2,24,6,12,48,96,2,-1,-1,0,3,6,3,3,2,6,12,6,12,1,6,2,24,6,12,48,96,3,-1,-1
6,3,3,2,6,12,6,12,1,6,2,24,6,12,48,96,3,-1,-1,2,6,3,6,6,2,6,12,6,12,1,6,2,24,6,12,48,96,1,-1,-1
3,6,6,2,6,12,6,12,1,6,2,24,6,12,48,96,1,-1,-1,3,9,3,6,1,2,6,12,12,12,1,6,2,24,6,12,48,96,2,-1,-1
3,6,1,2,6,12,12,12,1,6,2,24,6,12,48,96,2,-1,-1,2,30,0,3,6,3,2,6,12,24,1,6,2,24,6,12,48,96,3,-1,-1
0,3,6,3,2,6,12,24,1,6,2,24,6,12,48,96,3,-1,-1,3,96,0,0,6,3,0,3,12,3,3,12,2,48,6,12,48,96,1,-1,-1
0,0,6,3,0,3,12,3,3,12,2,48,6,12,48,96,1,-1,-1,3,30,0,1,6,0,0,0,12,6,3,3,2,48,6,24,48,96,3,-1,-1
0,1,6,0,0,0,12,6,3,3,2,48,6,24,48,96,3,-1,-1,2,6,0,0,1,6,0,0,12,6,3,6,2,48,6,24,48,96,2,-1,-1
3,0,1,6,0,0,12,6,0,6,2,48,6,24,48,96,2,-1,-1,3,9,0,0,1,2,3,0,12,12,0,6,2,48,6,24,48,96,1,-1,-1
2,0,1,0,3,0,12,12,0,6,2,48,6,24,48,96,1,-1,-1,2,27,1,2,0,1,0,3,0,24,0,6,2,48,6,24,48,96,1,-1,-1
1,2,0,1,0,3,0,24,0,6,2,48,6,24,48,96,1,-1,-1,2,0,1,1,2,1,0,0,3,24,0,6,2,48,6,24,48,96,2,-1,-1
1,1,2,1,0,0,3,24,0,6,2,48,6,24,48,96,2,-1,-1,2,3,2,1,1,3,0,0,3,24,0,6,2,48,6,24,48,96,1,-1,-1
2,1,1,3,0,0,3,24,0,6,2,48,6,24,48,96,1,-1,-1,2,3,1,3,1,3,0,0,3,24,0,6,2,48,6,24,48,96,2,-1,-1
1,3,1,3,0,0,3,24,0,6,2,48,6,24,48,96,2,-1,-1,3,0,2,0,1,3,1,3,3,24,0,6,2,48,6,24,48,96,1,-1,-1
0,2,1,3,1,3,3,24,0,6,2,48,6,24,48,96,1,-1,-1,2,6,0,0,3,3,1,1,6,24,0,6,2,48,6,24,48,96,2,-1,-1
1,0,3,3,0,1,6,24,0,6,2,48,6,24,48,96,2,-1,-1,2,3,2,1,0,6,0,1,6,24,0,6,2,48,6,24,48,96,3,-1,-1
2,1,0,6,0,1,6,24,0,6,2,48,6,24,48,96,3,-1,-1,3,3,3,1,0,6,2,1,6,24,0,6,2,48,6,24,48,96,1,-1,-1
3,1,0,6,2,1,6,24,0,6,2,48,6,24,48,96,1,-1,-1,2,3,1,3,1,6,0,3,6,24,0,6,2,48,6,24,48,96,2,-1,-1
1,3,1,6,0,3,6,24,0,6,2,48,6,24,48,96,2,-1,-1,3,3,2,0,1,6,1,6,6,24,0,6,2,48,6,24,48,96,1,-1,-1
0,2,1,6,1,6,6,24,0,6,2,48,6,24,48,96,1,-1,-1,2,12,0,0,3,6,1,1,12,24,0,6,2,48,6,24,48,96,2,-1,-1
0,0,3,6,1,1,12,24,0,6,2,48,6,24,48,96,2,-1,-1,3,0,2,0,3,6,0,1,12,24,1,6,2,48,6,24,48,96,6,12,-1
2,0,3,6,0,1,12,24,1,6,2,48,6,24,48,96,3,-1,-1,3,3,3,0,3,6,2,1,12,24,1,6,2,48,6,24,48,96,3,-1,-1
3,0,3,6,2,1,12,24,1,6,2,48,6,24,48,96,3,-1,-1,2,6,0,3,3,6,3,3,12,24,1,6,2,48,6,24,48,96,3,-1,-1
3,3,3,6,0,3,12,24,1,6,2,48,6,24,48,96,3,-1,-1,3,6,3,0,3,6,3,6,12,24,1,6,2,48,6,24,48,96,2,-1,-1
3,0,3,6,3,6,12,24,1,6,2,48,6,24,48,96,2,-1,-1,3,12,0,2,3,6,6,0,12,24,1,12,2,48,6,24,48,96,3,-1,-1
0,2,3,6,6,0,12,24,1,12,2,48,6,24,48,96,6,12,-1,2,27,0,2,3,6,12,6,12,24,1,12,2,48,6,24,48,96,6,12,-1
0,2,3,6,12,6,12,24,1,12,2,48,6,24,48,96,3,-1,-1,0,3,2,3,6,3,12,6,12,24,1,12,2,48,6,24,48,96,2,-1,-1
1516451633
1,0,3,0,0,1,0,0,2,0,2,3,2,0,3,3,2,-1,-1,3,3,2,0,0,0,1,0,3,0,2,1,2,0,2,0,3,6,1,-1,-1
2,0,0,0,1,0,3,0,2,1,2,0,2,0,3,6,1,-1,-1,3,3,1,0,0,0,2,0,3,0,3,0,2,0,2,1,3,6,1,-1,-1
1,0,0,0,2,0,3,0,3,0,2,0,2,1,3,6,1,-1,-1,2,3,0,1,0,0,1,2,0,3,0,3,0,2,0,3,3,6,3,-1,-1
0,1,0,0,1,2,0,3,0,3,0,2,0,3,3,6,3,-1,-1,2,6,0,0,1,0,0,1,2,3,0,0,3,2,3,0,6,6,3,-1,-1
0,0,1,0,0,1,2,3,0,0,3,2,3,0,6,6,3,-1,-1,2,15,3,0,0,1,0,0,3,3,0,0,3,2,0,3,0,12,3,-1,-1
3,0,0,1,0,0,3,3,0,0,3,2,0,3,0,12,3,-1,-1,3,3,3,0,0,1,3,0,0,3,0,0,3,2,0,3,3,12,2,-1,-1
0,0,3,1,3,0,0,3,0,0,3,2,0,3,3,12,2,-1,-1,3,3,2,0,0,1,0,0,3,3,3,0,0,2,0,3,6,12,2,-1,-1
0,0,2,1,0,0,3,3,3,0,0,2,0,3,6,12,2,-1,-1,3,0,0,0,2,1,0,0,2,3,0,0,3,2,3,3,6,12,3,-1,-1
2,0,0,1,0,0,2,3,0,0,3,2,3,3,6,12,3,-1,-1,0,6,2,0,1,3,0,2,3,0,0,3,2,0,6,6,12,0,2,-1,-1
2,0,1,0,0,2,3,0,0,3,2,0,6,6,12,3,2,-1,-1,3,0,2,0,1,0,2,2,3,0,0,3,2,0,6,6,12,3,1,-1,-1
2,0,1,0,2,2,3,0,0,3,2,0,6,6,12,3,1,-1,-1,0,9,2,1,0,0,2,2,3,0,3,2,0,0,12,12,3,1,1,-1,-1
2,1,0,0,2,2,3,0,3,2,0,0,12,12,3,1,1,-1,-1,2,27,0,2,1,0,1,2,2,3,0,3,2,0,0,24,3,1,1,-1,-1
0,2,1,0,1,2,2,3,0,3,2,0,0,24,3,1,1,-1,-1,2,3,0,0,2,1,1,3,2,3,0,0,3,2,0,24,3,1,1,-1,-1
1,0,2,1,0,3,2,3,0,0,3,2,0,24,3,1,1,-1,-1,3,6,0,1,0,0,1,0,2,1,0,3,2,3,0,24,6,3,2,-1,-1
0,0,0,1,1,0,2,1,0,3,2,3,0,24,6,3,2,-1,-1,3,3,0,0,0,2,0,0,2,1,1,3,2,1,0,24,6,6,2,-1,-1
2,0,0,0,0,0,2,1,1,3,2,1,0,24,6,6,2,-1,-1,2,15,2,2,0,0,0,0,0,3,0,1,3,3,0,0,24,12,3,-1,-1
0,2,0,0,2,0,0,3,0,1,3,3,0,0,24,12,3,-1,-1,2,6,0,0,2,0,0,2,0,3,3,0,1,6,0,0,24,12,1,-1,-1
0,0,2,0,0,2,0,3,3,0,1,6,0,0,24,12,1,-1,-1,3,0,1,0,0,0,0,0,2,3,0,2,1,6,3,0,24,12,1,-1,-1
0,1,0,0,0,0,2,3,0,2,1,6,3,0,24,12,1,-1,-1,2,3,1,0,1,0,0,0,2,3,0,0,3,6,0,3,24,12,2,-1,-1
0,0,1,0,0,0,2,3,1,0,3,6,0,3,24,12,2,-1,-1,3,3,2,0,0,0,0,0,3,3,0,0,3,6,1,3,24,12,1,-1,-1
2,0,0,0,0,0,3,3,0,0,3,6,1,3,24,12,1,-1,-1,3,3,1,0,0,0,2,0,0,3,0,0,6,6,1,3,24,12,2,-1,-1
1,0,0,0,2,0,0,3,0,0,6,6,1,3,24,12,2,-1,-1,3,0,2,0,0,0,1,0,0,3,2,0,6,6,1,3,24,12,3,-1,-1
2,0,0,0,1,0,0,3,2,0,6,6,1,3,24,12,3,-1,-1,3,6,3,0,0,0,2,0,0,3,1,0,6,6,3,3,24,12,2,-1,-1
3,0,0,0,2,0,0,3,1,0,6,6,3,3,24,12,2,-1,-1,2,12,2,3,0,0,0,2,0,3,0,1,0,12,0,6,24,12,3,-1,-1
0,3,0,0,0,2,0,3,0,1,0,12,2,6,24,12,3,-1,-1,3,33,0,3,0,0,0,3,0,0,0,3,0,3,2,6,24,24,3,-1,-1
0,3,0,0,0,3,0,0,0,3,0,3,2,6,24,24,3,-1,-1,3,6,0,3,0,0,0,3,0,0,0,6,0,3,2,6,24,24,1,-1,-1
0,3,0,0,0,3,0,0,0,6,0,3,2,6,24,24,1,-1,-1,3,9,0,1,0,0,0,3,0,0,0,3,0,3,2,12,24,24,3,-1,-1
0,1,0,0,0,3,0,0,0,3,0,3,2,12,24,24,3,-1,-1,3,6,0,3,0,0,0,1,0,0,0,6,0,3,2,12,24,24,3,-1,-1
0,3,0,0,0,1,0,0,0,6,0,3,2,12,24,24,3,-1,-1,2,84,0,0,3,0,3,0,1,0,0,0,6,3,0,2,12,48,1,-1,-1
0,0,3,0,0,0,1,0,3,0,6,3,0,2,12,48,1,-1,-1,3,0,1,0,3,0,0,0,1,0,0,0,6,3,3,2,12,48,2,-1,-1
1,0,3,0,0,0,1,0,0,0,6,3,3,2,12,48,2,-1,-1,3,0,2,0,3,0,1,0,1,0,0,0,6,3,3,2,12,48,1,-1,-1
2,0,3,0,1,0,1,0,0,0,6,3,3,2,12,48,1,-1,-1,3,0,1,0,3,0,2,0,1,0,1,0,6,3,3,2,12,48,2,-1,-1
1,0,3,0,2,0,1,0,1,0,6,3,3,2,12,48,2,-1,-1,2,0,0,1,0,3,2,2,0,1,0,1,6,3,3,2,12,48,2,-1,-1
0,1,0,3,0,2,0,1,2,1,6,3,3,2,12,48,2,-1,-1,3,3,0,2,0,3,0,1,0,1,2,2,6,3,3,3,12,48,1,-1,-1
0,2,0,3,0,1,0,1,2,2,6,3,3,3,12,48,6,-1,-1,3,12,0,6,0,3,0,2,0,1,2,3,6,3,3,3,12,48,1,-1,-1
0,6,0,3,0,2,0,1,2,3,6,3,3,3,12,48,1,-1,-1,3,3,0,1,0,3,0,6,0,1,2,2,6,3,3,6,12,48,1,-1,-1
0,1,0,3,0,6,0,1,2,2,6,3,3,6,12,48,1,-1,-1,2,0,0,0,1,3,1,0,6,1,2,2,6,3,3,6,12,48,6,-1,-1
0,0,1,3,1,0,6,1,2,2,6,3,3,6,12,48,3,-1,-1,3,15,0,0,3,3,0,0,1,1,3,2,12,3,3,6,12,48,2,-1,-1
0,0,3,3,0,0,1,1,3,2,12,3,3,6,12,48,2,-1,-1,3,30,0,0,2,3,0,0,3,1,0,2,1,3,6,6,24,48,6,-1,-1
2,0,0,3,0,0,3,1,0,2,1,3,6,6,24,48,3,-1,-1,2,15,0,2,0,3,0,0,3,1,0,0,3,3,3,12,24,48,2,-1,-1
0,2,0,3,0,0,3,1,3,0,3,3,0,12,24,48,2,-1,-1,2,3,0,0,2,3,0,0,3,1,2,3,0,6,0,12,24,48,1,-1,-1
0,0,2,3,0,0,3,1,2,3,0,6,0,12,24,48,6,-1,-1,3,9,6,0,0,3,0,0,2,1,0,3,3,6,2,12,24,48,1,-1,-1
0,0,6,3,0,0,2,1,0,3,3,6,2,12,24,48,1,-1,-1,2,6,0,0,6,3,0,0,0,3,1,0,6,6,2,12,24,48,3,-1,-1
0,0,6,3,1,0,0,3,0,0,6,6,2,12,24,48,3,-1,-1,2,12,0,0,6,3,3,1,0,3,0,0,0,12,2,12,24,48,3,-1,-1
0,0,6,3,3,1,0,3,0,0,0,12,2,12,24,48,3,-1,-1,2,3,0,0,6,3,3,3,1,3,0,0,0,12,2,12,24,48,1,-1,-1
0,0,6,3,3,3,1,3,0,0,0,12,2,12,24,48,6,-1,-1,3,12,0,0,0,6,0,0,6,6,3,3,1,12,2,12,24,48,1,-1,-1
0,6,0,0,0,0,6,6,3,3,1,12,2,12,24,48,1,-1,-1,3,0,0,1,0,0,0,6,6,6,3,3,1,12,2,12,24,48,3,-1,-1
0,1,0,0,0,6,6,6,3,3,1,12,2,12,24,48,3,-1,-1,2,15,0,0,1,0,3,0,6,12,0,6,1,12,2,12,24,48,2,-1,-1
3,0,1,0,0,0,6,12,0,6,1,12,2,12,24,48,2,-1,-1,3,27,0,0,1,2,3,0,6,0,0,6,1,24,2,12,24,48,2,-1,-1
0,0,1,2,3,0,6,0,0,6,1,24,2,12,24,48,2,-1,-1,0,0,0,1,2,2,3,6,0,0,6,1,24,0,2,12,24,48,2,-1,-1
0,1,2,0,3,6,0,2,6,1,24,0,2,12,24,48,2,-1,-1,3,81,0,1,2,0,3,6,2,0,6,1,0,2,2,12,48,48,1,-1,-1
0,1,2,0,3,6,2,0,6,1,0,2,2,12,48,48,1,-1,-1,2,243,0,0,1,2,0,3,6,2,0,6,1,2,1,2,12,96,1,-1,-1
0,0,1,2,1,3,6,2,0,6,1,2,0,2,12,96,6,12,-1,2,33,12,0,0,3,1,3,6,2,0,0,6,3,0,2,12,96,1,-1,-1
12,0,0,3,1,3,6,2,0,0,6,3,0,2,12,96,1,-1,-1,3,9,1,0,0,3,12,0,0,2,1,3,12,3,0,2,12,96,3,-1,-1
0,0,1,3,12,0,0,2,1,3,12,3,0,2,12,96,3,-1,-1,3,30,3,0,0,3,0,0,1,2,12,3,0,3,1,2,24,96,2,-1,-1
3,0,0,3,0,0,1,2,12,3,0,3,1,2,24,96,2,-1,-1,2,6,0,3,0,3,0,0,0,3,2,12,3,3,0,3,24,96,3,-1,-1
0,3,0,3,2,0,0,3,0,12,3,3,0,3,24,96,3,-1,-1,2,6,0,0,3,3,3,2,0,3,0,0,12,6,0,3,24,96,1,-1,-1
0,0,3,3,0,2,0,3,3,0,12,6,0,3,24,96,6,12,-1,3,30,0,0,12,0,0,0,3,6,0,2,12,6,3,3,24,96,1,-1,-1
12,0,0,0,0,0,3,6,0,2,12,6,3,3,24,96,1,-1,-1,3,9,1,0,0,0,12,0,3,0,0,2,12,12,3,3,24,96,2,-1,-1
1,0,0,0,12,0,3,0,0,2,12,12,3,3,24,96,2,-1,-1,2,30,0,1,0,0,2,12,0,3,0,0,2,24,0,6,24,96,1,-1,-1
2,1,0,0,0,12,0,3,0,0,2,24,0,6,24,96,1,-1,-1,0,3,3,0,0,0,12,0,3,0,0,2,24,0,6,24,96,1,1,-1,-1
3,0,0,1,12,0,3,0,0,2,24,0,6,24,96,0,1,-1,-1,2,0,0,3,0,1,0,12,0,3,0,0,2,24,1,6,24,96,3,-1,-1
0,3,0,1,1,12,0,3,0,0,2,24,0,6,24,96,3,-1,-1,3,3,0,3,0,1,0,3,0,3,1,12,2,24,0,6,24,96,3,-1,-1
0,3,0,1,0,3,0,3,1,12,2,24,0,6,24,96,3,-1,-1,2,3,0,0,3,1,3,0,3,3,1,12,2,24,0,6,24,96,2,-1,-1
0,0,3,1,3,0,3,3,1,12,2,24,0,6,24,96,2,-1,-1,2,3,0,0,3,1,2,3,0,6,1,12,2,24,0,6,24,96,2,-1,-1
0,0,3,1,2,3,0,6,1,12,2,24,0,6,24,96,2,-1,-1,3,0,0,0,2,1,0,3,3,6,2,12,2,24,1,6,24,96,3,-1,-1
0,0,2,1,0,3,3,6,2,12,2,24,1,6,24,96,3,-1,-1,3,6,3,0,2,1,0,3,3,6,0,12,2,24,3,6,24,96,1,-1,-1
3,0,2,1,0,3,3,6,0,12,2,24,3,6,24,96,1,-1,-1,2,6,0,3,0,3,1,0,6,6,0,12,2,24,3,6,24,96,2,-1,-1
1,3,0,3,0,0,6,6,0,12,2,24,3,6,24,96,2,-1,-1,2,9,2,1,3,3,0,0,0,12,0,12,2,24,3,6,24,96,1,-1,-1
2,1,3,3,0,0,0,12,0,12,2,24,3,6,24,96,1,-1,-1,2,3,1,2,1,6,0,0,0,12,0,12,2,24,3,6,24,96,3,-1,-1
1,2,1,6,0,0,0,12,0,12,2,24,3,6,24,96,3,-1,-1,2,6,3,1,3,6,0,0,0,12,0,12,2,24,3,6,24,96,2,-1,-1
3,1,3,6,0,0,0,12,0,12,2,24,3,6,24,96,2,-1,-1,3,0,2,0,0,6,3,1,3,12,0,12,2,24,3,6,24,96,3,-1,-1
0,0,2,6,3,1,3,12,0,12,2,24,3,6,24,96,3,-1,-1,3,3,3,0,2,6,0,1,3,12,3,12,2,24,3,6,24,96,1,-1,-1
3,0,2,6,0,1,3,12,3,12,2,24,3,6,24,96,1,-1,-1,3,3,1,0,2,6,3,1,3,12,0,12,2,24,6,6,24,96,1,-1,-1
1,0,2,6,3,1,3,12,0,12,2,24,6,6,24,96,1,-1,-1,2,9,0,1,2,6,3,1,3,12,0,12,2,24,1,12,24,96,3,-1,-1
1,1,2,6,3,1,3,12,0,12,2,24,0,12,24,96,6,12,-1,3,54,12,0,2,6,1,1,3,12,3,1,2,24,0,24,24,96,3,-1,-1
0,12,2,6,1,1,3,12,3,1,2,24,0,24,24,96,3,-1,-1,2,87,0,12,2,6,1,1,3,12,3,3,3,24,0,0,48,96,1,-1,-1
0,12,2,6,1,1,3,12,3,3,3,24,0,0,48,96,1,-1,-1,3,3,0,1,0,6,0,12,2,12,1,1,6,24,3,3,48,96,2,-1,-1
0,1,0,6,0,12,2,12,1,1,6,24,3,3,48,96,2,-1,-1,0,3,1,0,6,2,12,2,12,0,1,1,6,24,6,48,96,0,3,-1,-1
1,0,6,0,12,2,12,2,1,1,6,24,6,48,96,0,3,-1,-1,2,3,3,1,0,6,12,2,12,2,1,1,6,24,0,6,48,96,2,-1,-1
0,1,0,6,12,2,12,2,1,1,6,24,3,6,48,96,2,-1,-1,3,3,0,2,0,6,12,1,12,2,1,3,6,24,3,6,48,96,2,-1,-1
0,2,0,6,12,1,12,2,1,3,6,24,3,6,48,96,2,-1,-1,3,3,0,2,0,6,12,3,12,2,1,3,6,24,3,6,48,96,2,-1,-1
0,2,0,6,12,3,12,2,1,3,6,24,3,6,48,96,2,-1,-1,3,3,0,2,0,6,12,2,12,2,1,6,6,24,3,6,48,96,2,-1,-1
0,2,0,6,12,2,12,2,1,6,6,24,3,6,48,96,2,-1,-1,2,9,0,0,2,6,12,2,12,2,2,1,12,24,3,6,48,96,3,-1,-1
0,0,2,6,12,2,12,2,2,1,12,24,3,6,48,96,3,-1,-1,3,33,0,3,0,6,12,0,2,2,2,3,24,24,3,6,48,96,1,-1,-1
0,0,3,6,12,0,2,2,2,3,24,24,3,6,48,96,1,-1,-1,2,81,0,0,3,6,0,12,2,2,1,2,3,48,3,6,48,96,6,12,-1
0,0,3,6,0,12,2,2,1,2,3,48,3,6,48,96,1,-1,-1,0,3,0,3,6,0,12,2,2,1,3,3,48,0,3,6,48,96,1,-1,-1
0,3,6,1,12,2,2,0,3,3,48,0,3,6,48,96,1,-1,-1,3,246,0,3,1,0,0,2,6,1,12,3,2,0,6,6,96,96,3,-1,-1
0,3,1,0,0,2,6,1,12,3,2,0,6,6,96,96,3,-1,-1,3,3,0,3,1,3,0,2,6,0,12,3,2,1,6,6,96,96,3,-1,-1
0,3,1,3,0,2,6,0,12,3,2,1,6,6,96,96,6,12,-1,2,741,0,3,1,3,6,0,2,6,0,12,3,3,0,6,6,192,3,-1,-1
0,3,1,3,0,0,2,6,0,12,3,3,6,6,6,192,3,-1,-1,2,15,0,3,1,3,0,0,2,6,3,0,12,6,0,6,12,192,2,-1,-1
0,3,1,3,0,0,2,6,0,0,12,6,3,6,12,192,2,-1,-1,3,36,0,0,0,2,0,3,1,3,0,0,2,12,3,6,24,192,1,-1,-1
0,0,0,2,0,3,1,3,0,0,2,12,3,6,24,192,1,-1,-1,3,3,0,1,0,2,0,0,0,3,0,3,3,12,3,6,24,192,3,-1,-1
0,0,1,2,0,0,0,3,0,3,3,12,3,6,24,192,3,-1,-1,3,3,0,0,3,2,0,0,1,3,0,3,3,12,3,6,24,192,1,-1,-1
0,0,3,2,0,0,1,3,0,3,3,12,3,6,24,192,1,-1,-1,2,3,0,0,3,2,0,0,1,3,1,0,6,12,3,6,24,192,3,-1,-1
0,0,3,2,0,0,1,3,1,0,6,12,3,6,24,192,3,-1,-1,0,3,0,3,2,0,0,1,3,3,1,6,12,0,3,6,24,192,2,-1,-1
0,3,2,3,0,1,3,0,1,6,12,0,3,6,24,192,2,-1,-1,3,9,0,0,2,2,0,3,3,3,1,1,12,0,3,12,24,192,2,-1,-1
0,2,2,0,0,3,3,3,1,1,12,0,3,12,24,192,2,-1,-1,2,3,0,0,2,2,0,0,3,6,2,1,1,12,3,12,24,192,6,12,24
0,0,2,2,2,0,3,6,0,1,1,12,3,12,24,192,3,-1,-1,2,3,0,0,2,2,3,2,3,6,0,1,1,12,3,12,24,192,6,12,24
0,0,2,2,3,2,3,6,0,1,1,12,3,12,24,192,2,-1,-1,3,3,0,2,2,2,0,0,3,6,3,3,1,12,3,12,24,192,2,-1,-1
0,2,2,2,0,0,3,6,3,3,1,12,3,12,24,192,2,-1,-1,3,3,0,2,2,2,0,2,3,6,0,3,1,12,6,12,24,192,3,-1,-1
0,2,2,2,0,2,3,6,0,3,1,12,6,12,24,192,3,-1,-1,0,3,2,2,2,0,2,3,6,0,3,1,12,3,6,12,24,192,1,-1,-1
2,2,2,0,2,3,6,0,3,1,12,3,6,12,24,192,1,-1,-1,2,0,1,2,2,2,0,2,3,6,3,1,12,3,6,12,24,192,1,-1,-1
0,2,2,2,1,2,3,6,3,1,12,3,6,12,24,192,1,-1,-1,3,3,0,1,2,2,1,2,3,6,3,3,12,3,6,12,24,192,1,-1,-1
0,1,2,2,1,2,3,6,3,3,12,3,6,12,24,192,6,12,24,2,90,24,0,3,2,0,3,3,6,0,6,12,3,6,12,24,192,1,-1,-1
0,0,3,2,0,3,3,6,24,6,12,3,6,12,24,192,1,-1,-1,2,3,0,0,3,2,1,0,6,6,24,6,12,3,6,12,24,192,3,-1,-1
0,0,3,2,1,0,6,6,24,6,12,3,6,12,24,192,3,-1,-1,0,3,0,3,2,3,1,6,6,0,24,6,12,3,6,12,24,192,1,-1,-1
0,3,2,0,1,6,6,3,24,6,12,3,6,12,24,192,1,-1,-1,3,12,0,0,2,1,1,3,6,0,24,12,12,6,6,12,24,192,1,-1,-1
0,1,2,0,1,3,6,0,24,12,12,6,6,12,24,192,1,-1,-1,2,27,0,0,1,2,0,1,3,6,1,24,24,6,6,12,24,192,2,-1,-1
0,0,1,2,1,1,3,6,0,24,24,6,6,12,24,192,2,-1,-1,3,90,0,0,0,2,0,1,1,2,1,24,3,12,6,12,48,192,3,-1,-1
0,0,0,2,0,1,1,2,1,24,3,12,6,12,48,192,3,-1,-1,2,6,0,0,0,2,3,0,1,3,1,24,3,12,6,12,48,192,6,12,24
0,0,0,2,3,0,1,3,1,24,3,12,6,12,48,192,3,-1,-1,0,3,0,0,2,0,3,1,3,3,1,24,3,12,6,12,48,192,2,-1,-1
0,0,2,0,3,1,3,3,1,24,3,12,6,12,48,192,2,-1,-1,3,3,0,0,2,0,3,1,2,3,1,24,6,12,6,12,48,192,2,-1,-1
0,0,2,0,3,1,2,3,1,24,6,12,6,12,48,192,2,-1,-1,2,3,0,0,0,2,2,3,3,3,1,24,6,12,6,12,48,192,3,-1,-1
2,0,0,2,0,3,3,3,1,24,6,12,6,12,48,192,3,-1,-1,2,6,3,2,0,2,0,0,3,6,1,24,6,12,6,12,48,192,1,-1,-1
3,2,0,2,0,0,3,6,1,24,6,12,6,12,48,192,1,-1,-1,0,0,3,2,2,0,0,3,6,1,1,24,6,12,6,12,48,192,3,-1,-1
3,2,2,1,0,3,6,0,1,24,6,12,6,12,48,192,3,-1,-1,3,12,0,2,0,3,3,3,2,1,1,24,12,12,6,12,48,192,1,-1,-1
0,2,3,0,3,3,2,1,1,24,12,12,6,12,48,192,1,-1,-1,2,30,1,0,2,3,0,3,3,3,0,1,24,24,6,12,48,192,2,-1,-1
0,0,2,3,0,3,3,3,1,1,24,24,6,12,48,192,2,-1,-1,2,84,0,0,2,3,0,0,3,6,2,1,1,48,6,12,48,192,1,-1,-1
0,0,2,3,2,0,3,6,0,1,1,48,6,12,48,192,1,-1,-1,3,0,1,0,2,3,0,0,3,6,2,1,1,48,6,12,48,192,1,-1,-1
1,0,2,3,0,0,3,6,2,1,1,48,6,12,48,192,1,-1,-1,2,3,0,1,2,3,0,0,3,6,1,3,1,48,6,12,48,192,1,-1,-1
1,1,2,3,0,0,3,6,0,3,1,48,6,12,48,192,1,-1,-1,2,3,1,1,3,3,0,0,3,6,0,3,1,48,6,12,48,192,3,-1,-1
1,1,3,3,0,0,3,6,0,3,1,48,6,12,48,192,3,-1,-1,3,6,0,3,0,3,1,1,6,6,0,3,1,48,6,12,48,192,3,-1,-1
3,0,0,3,1,1,6,6,0,3,1,48,6,12,48,192,3,-1,-1,2,12,0,3,0,3,3,1,1,12,0,3,1,48,6,12,48,192,3,-1,-1
3,3,0,3,0,1,1,12,0,3,1,48,6,12,48,192,3,-1,-1,3,3,3,3,0,3,3,1,1,12,0,3,1,48,6,12,48,192,3,-1,-1
3,3,0,3,3,1,1,12,0,3,1,48,6,12,48,192,3,-1,-1,3,3,3,3,0,3,3,1,1,12,3,3,1,48,6,12,48,192,6,12,24
3,3,0,3,3,1,1,12,3,3,1,48,6,12,48,192,2,-1,-1,2,3,2,3,3,3,3,1,1,12,0,6,1,48,6,12,48,192,2,-1,-1
2,3,3,3,3,1,1,12,0,6,1,48,6,12,48,192,2,-1,-1,2,3,2,2,3,6,3,1,1,12,0,6,1,48,6,12,48,192,1,-1,-1
2,2,3,6,3,1,1,12,0,6,1,48,6,12,48,192,1,-1,-1,3,3,0,1,3,6,2,3,1,12,3,6,1,48,6,12,48,192,2,-1,-1
1,0,3,6,2,3,1,12,3,6,1,48,6,12,48,192,2,-1,-1,3,3,2,0,3,6,3,3,1,12,3,6,1,48,6,12,48,192,2,-1,-1
2,0,3,6,3,3,1,12,3,6,1,48,6,12,48,192,2,-1,-1,2,3,0,2,3,6,2,6,1,12,3,6,1,48,6,12,48,192,3,-1,-1
2,2,3,6,0,6,1,12,3,6,1,48,6,12,48,192,3,-1,-1,3,12,3,0,3,6,2,2,1,12,3,12,1,48,6,12,48,192,3,-1,-1
0,3,3,6,2,2,1,12,3,12,1,48,6,12,48,192,3,-1,-1,2,9,0,0,6,6,3,2,3,12,3,12,1,48,6,12,48,192,1,-1,-1
0,0,6,6,3,2,3,12,3,12,1,48,6,12,48,192,1,-1,-1,3,30,1,0,6,6,0,0,3,12,6,2,1,48,6,24,48,192,1,-1,-1
0,1,6,6,0,0,3,12,6,2,1,48,6,24,48,192,1,-1,-1,2,12,1,0,1,12,0,0,3,12,0,6,3,48,6,24,48,192,2,-1,-1
0,0,1,12,0,0,3,12,1,6,3,48,6,24,48,192,2,-1,-1,3,30,0,0,2,0,0,0,1,24,1,6,6,48,6,24,48,192,2,-1,-1
0,0,2,0,0,0,1,24,1,6,6,48,6,24,48,192,2,-1,-1,3,3,0,0,2,0,0,0,3,24,1,6,6,48,6,24,48,192,2,-1,-1
0,0,2,0,0,0,3,24,1,6,6,48,6,24,48,192,2,-1,-1,2,9,0,0,0,2,0,0,3,24,2,1,12,48,6,24,48,192,1,-1,-1
2,0,0,2,0,0,3,24,0,1,12,48,6,24,48,192,1,-1,-1,3,0,1,0,0,2,2,0,3,24,0,1,12,48,6,24,48,192,3,-1,-1
1,0,0,2,2,0,3,24,0,1,12,48,6,24,48,192,3,-1,-1,3,3,3,0,0,2,1,0,3,24,2,1,12,48,6,24,48,192,1,-1,-1
3,0,0,2,1,0,3,24,2,1,12,48,6,24,48,192,1,-1,-1,2,3,0,3,0,2,1,1,3,24,0,3,12,48,6,24,48,192,3,-1,-1
0,3,0,2,1,1,3,24,0,3,12,48,6,24,48,192,3,-1,-1,2,3,3,0,3,2,1,1,3,24,0,3,12,48,6,24,48,192,2,-1,-1
3,0,3,2,1,1,3,24,0,3,12,48,6,24,48,192,2,-1,-1,3,3,2,0,0,2,3,1,6,24,1,3,12,48,6,24,48,192,3,-1,-1
0,0,2,2,3,1,6,24,1,3,12,48,6,24,48,192,3,-1,-1,0,3,0,2,2,3,3,1,6,24,1,3,12,48,6,24,48,192,1,-1,-1
0,2,2,3,3,1,6,24,1,3,12,48,6,24,48,192,1,-1,-1,3,3,0,1,2,3,3,3,6,24,1,3,12,48,6,24,48,192,3,-1,-1
0,1,2,3,3,3,6,24,1,3,12,48,6,24,48,192,3,-1,-1,2,9,0,0,3,3,3,6,6,24,1,3,12,48,6,24,48,192,6,12,24
3,0,3,3,0,6,6,24,1,3,12,48,6,24,48,192,3,-1,-1,2,15,0,3,0,6,3,0,12,24,1,3,12,48,6,24,48,192,1,-1,-1
3,3,0,6,0,0,12,24,1,3,12,48,6,24,48,192,1,-1,-1,3,27,1,0,0,6,3,3,0,24,1,3,24,48,6,24,48,192,2,-1,-1
0,0,1,6,3,3,0,24,1,3,24,48,6,24,48,192,6,12,24,2,9,0,0,1,6,6,3,3,24,1,3,24,48,6,24,48,192,2,-1,-1
0,0,1,6,6,3,3,24,1,3,24,48,6,24,48,192,2,-1,-1,2,3,0,0,1,6,2,6,6,24,1,3,24,48,6,24,48,192,1,-1,-1
0,0,1,6,2,6,6,24,1,3,24,48,6,24,48,192,1,-1,-1,3,3,1,0,1,6,0,6,6,24,3,3,24,48,6,24,48,192,1,-1,-1
1,0,1,6,0,6,6,24,3,3,24,48,6,24,48,192,1,-1,-1,2,12,0,1,1,6,1,0,12,24,0,6,24,48,6,24,48,192,2,-1,-1
0,1,1,6,1,0,12,24,0,6,24,48,6,24,48,192,2,-1,-1,3,0,0,2,1,6,0,1,12,24,1,6,24,48,6,24,48,192,3,-1,-1
2,0,1,6,0,1,12,24,1,6,24,48,6,24,48,192,3,-1,-1,3,3,3,0,1,6,2,1,12,24,1,6,24,48,6,24,48,192,2,-1,-1
3,0,1,6,2,1,12,24,1,6,24,48,6,24,48,192,2,-1,-1,3,3,2,0,1,6,3,1,12,24,3,6,24,48,6,24,48,192,2,-1,-1
2,0,1,6,3,1,12,24,3,6,24,48,6,24,48,192,2,-1,-1,3,3,2,0,1,6,2,1,12,24,6,6,24,48,6,24,48,192,1,-1,-1
2,0,1,6,2,1,12,24,6,6,24,48,6,24,48,192,1,-1,-1,2,12,0,2,1,6,0,3,12,24,1,12,24,48,6,24,48,192,3,-1,-1
1,2,1,6,0,3,12,24,0,12,24,48,6,24,48,192,3,-1,-1,2,6,3,1,3,6,0,3,12,24,0,12,24,48,6,24,48,192,1,-1,-1
3,1,3,6,0,3,12,24,0,12,24,48,6,24,48,192,1,-1,-1,3,0,1,1,3,6,3,3,12,24,0,12,24,48,6,24,48,192,2,-1,-1
1,1,3,6,3,3,12,24,0,12,24,48,6,24,48,192,2,-1,-1,2,3,1,1,3,6,2,6,12,24,0,12,24,48,6,24,48,192,2,-1,-1
1,1,3,6,2,6,12,24,0,12,24,48,6,24,48,192,2,-1,-1,3,0,2,1,3,6,1,6,12,24,2,12,24,48,6,24,48,192,2,-1,-1
2,1,3,6,1,6,12,24,2,12,24,48,6,24,48,192,2,-1,-1,2,3,2,3,3,6,1,6,12,24,2,12,24,48,6,24,48,192,2,-1,-1
2,3,3,6,1,6,12,24,2,12,24,48,6,24,48,192,2,-1,-1,3,3,2,3,3,6,2,6,12,24,3,12,24,48,6,24,48,192,1,-1,-1
2,3,3,6,2,6,12,24,3,12,24,48,6,24,48,192,1,-1,-1,2,3,1,2,6,6,2,6,12,24,3,12,24,48,6,24,48,192,3,-1,-1
1,2,6,6,2,6,12,24,3,12,24,48,6,24,48,192,3,-1,-1,3,6,3,2,6,6,3,6,12,24,3,12,24,48,6,24,48,192,3,-1,-1
3,2,6,6,3,6,12,24,3,12,24,48,6,24,48,192,3,-1,-1,3,6,3,2,6,6,3,6,12,24,6,12,24,48,6,24,48,192,3,-1,-1
3,2,6,6,3,6,12,24,6,12,24,48,6,24,48,192,3,-1,-1,3,12,3,2,6,6,3,6,12,24,3,12,24,48,12,24,48,192,1,-1,-1
3,2,6,6,3,6,12,24,3,12,24,48,12,24,48,192,1,-1,-1,1,3,6,2,6,6,3,6,12,24,12,12,24,48,1,24,48,192,1,-1,-1
6,2,6,6,3,6,12,24,12,12,24,48,1,24,48,192,1,-1,-1,2,36,0,6,2,12,3,6,12,24,1,24,24,48,1,24,48,192,1,-1,-1
0,6,2,12,3,6,12,24,1,24,24,48,1,24,48,192,1,-1,-1,3,81,0,1,2,12,3,6,12,24,1,6,24,48,1,48,48,192,6,12,24
0,1,2,12,3,6,12,24,1,6,24,48,1,48,48,192,2,-1,-1,2,246,2,0,3,12,3,6,12,24,1,6,24,48,0,1,96,192,1,-1,-1
2,0,3,12,3,6,12,24,1,6,24,48,0,1,96,192,1,-1,-1,3,9,1,0,3,12,2,0,12,24,3,12,24,48,1,1,96,192,2,-1,-1
0,1,3,12,2,0,12,24,3,12,24,48,1,1,96,192,2,-1,-1,2,0,0,1,3,12,2,2,12,24,3,12,24,48,1,1,96,192,3,-1,-1
0,1,3,12,2,2,12,24,3,12,24,48,1,1,96,192,3,-1,-1,3,6,0,3,3,12,2,3,12,24,3,12,24,48,1,1,96,192,2,-1,-1
0,3,3,12,2,3,12,24,3,12,24,48,1,1,96,192,2,-1,-1,3,3,0,2,3,12,2,6,12,24,3,12,24,48,1,1,96,192,3,-1,-1
0,2,3,12,2,6,12,24,3,12,24,48,1,1,96,192,6,12,24,0,9,2,3,12,6,2,6,12,24,3,12,24,48,1,1,96,192,3,-1,-1
2,3,12,6,2,6,12,24,3,12,24,48,1,1,96,192,6,12,24,3,108,2,3,24,6,2,6,24,24,3,12,24,48,1,1,96,192,3,-1,-1
2,3,24,6,2,6,24,24,3,12,24,48,1,1,96,192,3,-1,-1,3,84,2,3,3,6,2,6,24,24,3,12,48,48,1,1,96,192,3,-1,-1
2,3,3,6,2,6,24,24,3,12,48,48,1,1,96,192,3,-1,-1,2,330,0,2,6,6,0,2,6,48,3,3,12,96,1,1,96,192,3,-1,-1
3,2,6,6,0,2,6,48,0,3,12,96,1,1,96,192,6,12,24,0,90,3,2,12,0,2,6,48,24,3,12,96,0,1,1,96,192,3,-1,-1
3,2,12,0,2,6,48,0,3,12,96,24,1,1,96,192,3,-1,-1,3,732,3,2,3,0,2,6,12,0,3,12,48,24,1,1,192,192,2,-1,-1
3,2,3,0,2,6,12,0,3,12,48,24,1,1,192,192,2,-1,-1,2,2187,0,3,2,3,0,2,6,12,3,12,48,24,2,1,1,384,1,-1,-1
2,3,2,3,0,2,6,12,3,12,48,24,0,1,1,384,1,-1,-1,3,0,1,3,2,3,2,2,6,12,0,12,48,24,3,1,1,384,1,-1,-1
1,3,2,3,2,2,6,12,0,12,48,24,3,1,1,384,1,-1,-1,3,0,1,3,2,3,1,2,6,12,2,12,48,24,3,1,1,384,2,-1,-1
1,3,2,3,1,2,6,12,2,12,48,24,3,1,1,384,2,-1,-1,3,3,2,3,2,3,1,2,6,12,3,12,48,24,3,1,1,384,3,-1,-1
2,3,2,3,1,2,6,12,3,12,48,24,3,1,1,384,3,-1,-1,2,6,2,3,2,3,3,3,6,12,3,12,48,24,3,1,1,384,3,-1,-1
2,3,2,3,3,3,6,12,3,12,48,24,3,1,1,384,3,-1,-1,3,9,0,3,2,3,2,6,6,12,3,12,48,24,6,1,1,384,2,-1,-1
0,3,2,3,2,6,6,12,3,12,48,24,6,1,1,384,2,-1,-1,0,9,3,2,3,2,2,12,12,0,3,12,48,24,6,1,1,384,3,-1,-1
3,2,3,0,2,12,12,2,3,12,48,24,6,1,1,384,3,-1,-1,3,30,3,3,3,0,2,2,12,2,3,24,48,24,6,1,1,384,12,24,48
3,3,3,0,2,2,12,2,3,24,48,24,6,1,1,384,1,-1,-1,0,3,6,3,0,1,2,2,12,2,3,24,48,24,6,1,1,384,2,-1,-1
6,3,0,1,2,2,12,2,3,24,48,24,6,1,1,384,2,-1,-1,3,3,6,3,0,2,2,2,12,3,3,24,48,24,6,1,1,384,1,-1,-1
6,3,0,2,2,2,12,3,3,24,48,24,6,1,1,384,1,-1,-1,0,0,6,3,2,1,2,2,12,3,3,24,48,24,6,1,1,384,2,-1,-1
6,3,2,1,2,2,12,3,3,24,48,24,6,1,1,384,2,-1,-1,2,3,2,6,3,3,2,2,12,3,3,24,48,24,6,1,1,384,1,-1,-1
2,6,3,3,2,2,12,3,3,24,48,24,6,1,1,384,1,-1,-1,2,3,1,2,6,6,2,2,12,3,3,24,48,24,6,1,1,384,12,24,48
1,2,6,6,2,2,12,3,3,24,48,24,6,1,1,384,3,-1,-1,2,12,3,1,2,12,2,2,12,3,3,24,48,24,6,1,1,384,3,-1,-1
3,1,2,12,2,2,12,3,3,24,48,24,6,1,1,384,3,-1,-1,0,6,3,3,12,3,2,2,12,3,3,24,48,24,6,1,1,384,1,-1,-1
3,3,12,3,2,2,12,3,3,24,48,24,6,1,1,384,1,-1,-1,3,30,3,3,1,0,2,2,24,6,3,24,48,24,6,1,1,384,3,-1,-1
3,3,0,1,2,2,24,6,3,24,48,24,6,1,1,384,3,-1,-1,0,6,6,0,1,3,2,2,24,6,3,24,48,24,6,1,1,384,3,-1,-1
6,0,1,3,2,2,24,6,3,24,48,24,6,1,1,384,3,-1,-1,0,3,6,1,3,3,2,2,24,6,3,24,48,24,6,1,1,384,3,-1,-1
6,1,3,3,2,2,24,6,3,24,48,24,6,1,1,384,3,-1,-1,3,6,6,3,3,3,2,3,24,6,3,24,48,24,6,1,1,384,2,-1,-1
6,3,3,3,2,3,24,6,3,24,48,24,6,1,1,384,2,-1,-1,1,3,6,6,3,3,2,24,24,6,3,1,48,24,6,2,1,384,1,-1,-1
6,6,3,3,2,24,24,6,3,1,48,24,6,2,1,384,1,-1,-1,2,87,0,6,6,6,0,2,48,6,3,1,48,24,1,6,3,384,1,-1,-1
1,6,6,6,0,2,48,6,3,1,48,24,0,6,3,384,1,-1,-1,3,255,1,0,0,0,1,6,6,12,0,3,96,24,3,6,3,384,2,-1,-1
0,0,1,0,1,6,6,12,0,3,96,24,3,6,3,384,2,-1,-1,2,9,2,0,0,1,0,1,12,12,0,3,96,24,3,6,3,384,1,-1,-1
0,0,0,1,2,1,12,12,0,3,96,24,3,6,3,384,1,-1,-1,2,27,0,0,0,1,1,2,1,24,0,3,96,24,3,6,3,384,2,-1,-1
0,0,0,1,1,2,1,24,0,3,96,24,3,6,3,384,2,-1,-1,2,3,0,0,0,1,2,1,3,24,0,3,96,24,3,6,3,384,2,-1,-1
0,0,0,1,2,1,3,24,0,3,96,24,3,6,3,384,2,-1,-1,2,3,0,0,0,1,2,3,3,24,0,3,96,24,3,6,3,384,2,-1,-1
0,0,0,1,2,3,3,24,0,3,96,24,3,6,3,384,2,-1,-1,2,3,0,0,0,1,2,2,6,24,0,3,96,24,3,6,3,384,1,-1,-1
0,0,0,1,2,2,6,24,0,3,96,24,3,6,3,384,1,-1,-1,3,81,1,0,0,0,0,2,6,1,2,3,96,48,3,6,3,384,3,-1,-1
0,0,0,1,0,2,6,1,2,3,96,48,3,6,3,384,3,-1,-1,1,3,0,2,6,1,2,3,96,1,3,6,3,48,0,0,3,384,2,-1,-1
0,2,6,1,2,3,96,1,3,6,3,48,0,3,0,384,12,24,48,3,27,12,2,0,1,0,3,6,1,2,6,96,48,3,3,3,384,2,-1,-1
12,2,0,1,0,3,6,1,2,6,96,48,3,3,3,384,2,-1,-1,2,3,0,12,2,1,0,3,6,1,2,6,96,48,2,3,6,384,3,-1,-1
2,12,2,1,0,3,6,1,2,6,96,48,0,3,6,384,3,-1,-1,2,6,3,2,12,3,0,3,6,1,2,6,96,48,0,3,6,384,2,-1,-1
3,2,12,3,0,3,6,1,2,6,96,48,0,3,6,384,2,-1,-1,3,0,2,2,12,3,3,3,6,1,0,6,96,48,2,3,6,384,2,-1,-1
2,2,12,3,3,3,6,1,0,6,96,48,2,3,6,384,2,-1,-1,2,3,2,2,12,3,2,6,6,1,0,6,96,48,2,3,6,384,3,-1,-1
2,2,12,3,2,6,6,1,0,6,96,48,2,3,6,384,3,-1,-1,2,12,2,2,12,3,3,2,12,1,0,6,96,48,2,3,6,384,6,12,24
2,2,12,3,3,2,12,1,0,6,96,48,2,3,6,384,1,-1,-1,3,27,1,2,0,3,2,2,24,1,3,6,96,48,2,3,6,384,3,-1,-1
1,2,0,3,2,2,24,1,3,6,96,48,2,3,6,384,3,-1,-1,3,6,3,2,0,3,3,2,24,1,3,6,96,48,2,3,6,384,1,-1,-1
3,2,0,3,3,2,24,1,3,6,96,48,2,3,6,384,1,-1,-1,3,3,1,2,0,3,3,2,24,1,6,6,96,48,2,3,6,384,1,-1,-1
1,2,0,3,3,2,24,1,6,6,96,48,2,3,6,384,1,-1,-1,2,9,1,1,2,3,3,2,24,1,0,12,96,48,2,3,6,384,2,-1,-1
1,1,2,3,3,2,24,1,0,12,96,48,2,3,6,384,2,-1,-1,2,3,2,1,3,3,3,2,24,1,0,12,96,48,2,3,6,384,2,-1,-1
2,1,3,3,3,2,24,1,0,12,96,48,2,3,6,384,2,-1,-1,3,3,0,2,3,3,2,3,24,1,3,12,96,48,2,3,6,384,1,-1,-1
2,0,3,3,2,3,24,1,3,12,96,48,2,3,6,384,1,-1,-1,2,3,1,2,0,6,2,3,24,1,3,12,96,48,2,3,6,384,1,-1,-1
1,2,0,6,2,3,24,1,3,12,96,48,2,3,6,384,1,-1,-1,3,3,1,2,0,6,3,3,24,1,3,12,96,48,2,3,6,384,3,-1,-1
1,2,0,6,3,3,24,1,3,12,96,48,2,3,6,384,3,-1,-1,0,9,3,0,6,0,6,24,1,3,3,12,96,48,2,3,6,384,1,-1,-1
3,0,6,0,6,24,1,3,3,12,96,48,2,3,6,384,1,-1,-1,2,0,1,3,0,6,6,24,1,3,3,12,96,48,2,3,6,384,12,24,48
1,3,0,6,6,24,1,3,3,12,96,48,2,3,6,384,3,-1,-1,0,3,1,3,6,3,6,24,1,3,3,12,96,48,2,3,6,384,1,-1,-1
1,3,6,3,6,24,1,3,3,12,96,48,2,3,6,384,6,12,24,3,30,1,3,6,12,6,24,1,6,3,12,96,48,2,3,6,384,1,-1,-1
