1515862554
[ 0,12, 2,-1,-1, 3, 3, 0, 0, 2, 1, 3, 0, 0, 0, 0, 0, 2, 1, 2, 3, 2]
[ 1,15, 1,-1,-1, 0, 3, 3, 0, 2, 2, 1, 3, 0, 0, 0, 0, 0, 2, 3, 3, 2]
[ 2,21, 1,-1,-1, 0, 0, 3, 3, 0, 2, 3, 3, 0, 0, 0, 0, 1, 0, 2, 6, 3]
[ 3,21, 3,-1,-1, 0, 1, 0, 0, 0, 0, 3, 3, 0, 2, 3, 3, 1, 0, 2, 6, 2]
[ 4,30, 2,-1,-1, 0, 0, 1, 0, 0, 0, 0, 6, 3, 0, 2, 6, 0, 1, 2, 6, 3]
[ 5,39, 3,-1,-1, 2, 0, 0, 0, 0, 0, 1, 0, 0, 0, 2, 6, 3, 1, 2,12, 3]
[ 6,45, 2,-1,-1, 0, 0, 3, 0, 2, 0, 0, 0, 0, 0, 3, 6, 3, 1, 2,12, 2]
[ 7,48, 1,-1,-1, 0, 0, 0, 3, 2, 2, 0, 0, 0, 0, 3, 6, 0, 3, 3,12, 2]
[ 8,51, 2,-1,-1, 0, 0, 0, 3, 0, 2, 2, 0, 0, 0, 3, 6, 1, 0, 6,12, 3]
[ 9,51, 1,-1,-1, 0, 0, 0, 2, 0, 0, 2, 3, 0, 2, 3, 6, 1, 0, 6,12, 3]
[10,51, 1,-1,-1, 0, 1, 0, 2, 0, 0, 2, 3, 0, 0, 3, 6, 1, 2, 6,12, 2]
[11,54, 1,-1,-1, 0, 0, 1, 2, 0, 0, 2, 3, 0, 0, 3, 6, 1, 3, 6,12, 3]
[12,57, 2,-1,-1, 0, 0, 1, 2, 0, 0, 3, 3, 0, 0, 3, 6, 1, 3, 6,12, 3]
[13,60, 3,-1,-1, 0, 0, 2, 2, 0, 0, 1, 3, 0, 0, 6, 6, 1, 3, 6,12, 3]
[14,72, 3,-1,-1, 0, 0, 3, 2, 0, 0, 2, 3, 0, 0, 1, 6, 1, 3,12,12, 3]
[15,78, 1,-1,-1, 0, 0, 3, 2, 0, 0, 3, 3, 0, 0, 3, 6, 1, 3,12,12, 3]
[16,81, 3,-1,-1, 0, 0, 1, 2, 0, 0, 3, 3, 0, 0, 6, 6, 1, 3,12,12, 2]
[ 17,126,  1, -1, -1,  0,  0,  0,  3,  0,  0,  0,  6,  0,  0,  0, 12,  3,
   1,  3, 24,  1]
[ 18,126,  3, -1, -1,  0,  0,  0,  3,  0,  0,  0,  6,  3,  1,  3, 12,  0,
   0,  1, 24,  1]
[ 19,129,  2, -1, -1,  0,  0,  0,  3,  3,  1,  3,  6,  0,  0,  1, 12,  0,
   3,  0, 24,  2]
[ 20,129,  2, -1, -1,  0,  0,  0,  3,  3,  1,  3,  6,  0,  0,  1, 12,  2,
   0,  3, 24,  2]
[ 21,129,  2, -1, -1,  0,  0,  0,  3,  3,  1,  3,  6,  0,  0,  1, 12,  2,
   2,  3, 24,  3]
[ 22,129,  3, -1, -1,  2,  0,  0,  3,  0,  0,  3,  6,  3,  1,  1, 12,  2,
   2,  3, 24,  3]
[ 23,135,  1, -1, -1,  3,  0,  0,  3,  2,  0,  3,  6,  3,  0,  1, 12,  2,
   3,  3, 24,  2]
[ 24,138,  1, -1, -1,  0,  3,  0,  3,  1,  2,  3,  6,  0,  3,  1, 12,  0,
   2,  6, 24,  2]
[ 25,141,  3, -1, -1,  0,  0,  3,  3,  1,  3,  3,  6,  0,  3,  1, 12,  0,
   2,  6, 24,  2]
[ 26,150,  2, -1, -1,  0,  0,  0,  6,  3,  1,  6,  6,  0,  3,  1, 12,  0,
   2,  6, 24,  2]
[ 27,159,  1, -1, -1,  0,  0,  0,  6,  2,  3,  1, 12,  0,  3,  1, 12,  0,
   2,  6, 24,  3]
[ 28,189,  2, -1, -1,  1,  0,  0,  0,  0,  0,  1,  6,  2,  6,  1, 24,  0,
   2,  6, 24,  2]
[ 29,189,  1, -1, -1,  2,  1,  0,  0,  0,  0,  1,  6,  2,  6,  1, 24,  0,
   2,  6, 24,  2]
[ 30,189,  1, -1, -1,  1,  2,  1,  0,  0,  0,  1,  6,  2,  6,  1, 24,  0,
   2,  6, 24,  2]
[ 31,189,  3, -1, -1,  1,  1,  2,  1,  0,  0,  1,  6,  2,  6,  1, 24,  0,
   2,  6, 24,  3]
[ 32,276,  3, -1, -1,  0,  0,  0,  3,  1,  1,  3,  1,  0,  6,  1,  6,  2,
   2,  6, 48,  0]
[ 33,279,  2, -1, -1,  0,  0,  3,  3,  1,  1,  3,  1,  6,  1,  6,  0,  2,
   2,  6, 48,  3]
[ 34,291,  3, -1, -1,  0,  0,  2,  0,  1,  0,  3,  3,  6,  1,  3,  1,  2,
   3, 12, 48,  3]
[ 35,297,  1, -1, -1,  0,  0,  3,  0,  1,  0,  2,  3,  6,  1,  6,  1,  2,
   3, 12, 48,  2]
[ 36,297,  2, -1, -1,  1,  0,  0,  3,  0,  1,  2,  3,  6,  1,  6,  1,  2,
   3, 12, 48,  2]
[ 37,300,  2, -1, -1,  2,  1,  0,  3,  0,  0,  3,  3,  6,  1,  6,  1,  2,
   3, 12, 48,  2]
[ 38,303,  6, -1, -1,  2,  2,  1,  3,  0,  0,  0,  6,  6,  1,  6,  1,  2,
   3, 12, 48,  2]
[ 39,315,  3, -1, -1,  6,  2,  3,  3,  0,  0,  0,  6,  6,  1,  6,  1,  2,
   3, 12, 48,  3]
[ 40,318,  3, -1, -1,  3,  0,  0,  3,  6,  2,  3,  6,  6,  1,  6,  1,  2,
   3, 12, 48,  3]
[ 41,333,  3, -1, -1,  3,  0,  0,  3,  3,  0,  3,  6, 12,  3,  6,  1,  2,
   3, 12, 48,  0]
[ 42,336,  2, -1, -1,  3,  0,  3,  3,  3,  3,  6,  0, 12,  3,  6,  1,  2,
   3, 12, 48,  3]
[ 43,351,  1, -1, -1,  2,  0,  0,  0,  6,  0,  3,  3, 12,  3, 12,  1,  2,
   6, 12, 48,  3]
[ 44,378,  1, -1, -1,  2,  0,  1,  0,  6,  0,  0,  3, 12,  3,  3,  1,  2,
   6, 24, 48,  2]
[ 45,381,  1, -1, -1,  1,  2,  0,  1,  0,  6,  0,  3,  0, 12,  6,  1,  2,
   6, 24, 48,  2]
[ 46,381,  2, -1, -1,  0,  1,  2,  1,  1,  0,  6,  3,  0, 12,  6,  1,  2,
   6, 24, 48,  3]
[ 47,390,  3, -1, -1,  0,  0,  2,  1,  0,  1,  2,  3,  1, 12, 12,  1,  2,
   6, 24, 48,  3]
[ 48,396,  1, -1, -1,  3,  0,  2,  1,  0,  1,  2,  3,  0, 12, 12,  1,  3,
   6, 24, 48,  2]
[ 49,429,  2, -1, -1,  0,  3,  0,  3,  0,  0,  3,  3,  1,  0, 24,  1,  3,
   6, 24, 48,  3]
[ 50,513,  3, -1, -1,  0,  0,  2,  0,  0,  3,  0,  6,  1,  0,  3,  1,  3,
   6, 48, 48,  2]
[ 51,759,  2, -1, -1,  0,  0,  0,  2,  0,  0,  3,  6,  3,  1,  3,  1,  0,
   3,  6, 96,  3]
[ 52,762,  1, -1, -1,  2,  0,  0,  2,  0,  0,  0,  6,  0,  1,  6,  1,  3,
   3,  6, 96,  3]
[ 53,771,  1, -1, -1,  1,  0,  0,  2,  2,  0,  0,  6,  0,  1,  0,  1,  3,
   3, 12, 96,  2]
[ 54,774,  2, -1, -1,  0,  1,  0,  2,  1,  2,  0,  6,  0,  0,  1,  1,  0,
   6, 12, 96,  2]
[ 55,774,  2, -1, -1,  0,  0,  1,  2,  2,  1,  2,  6,  0,  0,  1,  1,  0,
   6, 12, 96,  3]
[ 56,777,  3, -1, -1,  0,  0,  2,  2,  0,  0,  1,  6,  2,  1,  3,  1,  0,
   6, 12, 96,  2]
[ 57,783,  2, -1, -1,  0,  0,  2,  2,  0,  0,  1,  6,  3,  3,  3,  1,  0,
   6, 12, 96,  3]
[ 58,786,  3, -1, -1,  0,  0,  2,  2,  0,  0,  3,  6,  0,  3,  3,  1,  3,
   6, 12, 96,  3]
[ 59,792,  2, -1, -1,  0,  0,  3,  2,  0,  0,  2,  6,  0,  3,  6,  1,  3,
   6, 12, 96,  0]
[ 60,792,  3, -1, -1,  0,  3,  2,  2,  0,  2,  6,  0,  3,  6,  1,  0,  3,
   6, 12, 96,  3]
[ 61,807,  1, -1, -1,  0,  3,  2,  0,  0,  3,  6,  2,  0,  2,  1,  0,  6,
  12, 12, 96,  3]
[ 62,810,  3, -1, -1,  0,  1,  2,  0,  0,  6,  6,  0,  0,  2,  1,  2,  6,
  12, 12, 96,  2]
[ 63,843,  1, -1, -1,  0,  0,  1,  2,  0,  0,  6,  6,  3,  0,  2,  3,  0,
   6, 24, 96,  2]
[ 64,855,  3, -1, -1,  0,  0,  0,  3,  1,  0,  0, 12,  0,  3,  2,  3,  0,
   6, 24, 96,  2]
[ 65,858,  2, -1, -1,  0,  0,  0,  3,  3,  1,  0, 12,  0,  3,  2,  3,  0,
   6, 24, 96,  2]
[ 66,858,  1, -1, -1,  0,  0,  0,  3,  2,  3,  1, 12,  0,  3,  2,  3,  0,
   6, 24, 96,  3]
[ 67,864,  3, -1, -1,  0,  0,  1,  3,  0,  0,  0, 12,  2,  6,  3,  3,  0,
   6, 24, 96,  2]
[ 68,870,  3, -1, -1,  0,  0,  1,  3,  0,  0,  0, 12,  3,  2,  6,  6,  0,
   6, 24, 96,  2]
[ 69,882,  2, -1, -1,  0,  0,  1,  3,  0,  0,  0, 12,  3,  3,  2, 12,  0,
   6, 24, 96,  3]
[ 70,909,  6, 12, -1,  0,  0,  2,  0,  0,  0,  1,  3,  0,  3,  2, 24,  3,
   6, 24, 96,  3]
[ 71,921,  2, -1, -1,  0,  0,  6,  0,  0,  0,  2,  3,  0,  3,  3, 24,  3,
   6, 24, 96,  2]
[ 72,924,  1, -1, -1,  0,  0,  0,  6,  0,  0,  2,  3,  2,  0,  6, 24,  3,
   6, 24, 96,  0]
[ 73,924,  1, -1, -1,  0,  0,  6,  1,  0,  2,  3,  0,  2,  6, 24,  0,  3,
   6, 24, 96,  3]
[  74,1014,   2,  -1,  -1,   0,   0,   1,   0,   0,   0,   6,   1,   2,
    2,   3,   0,   3,  12,  48,  96,   2]
[  75,1014,   3,  -1,  -1,   2,   0,   0,   1,   0,   0,   6,   1,   0,
    2,   2,   3,   3,  12,  48,  96,   0]
[  76,1017,   1,  -1,  -1,   2,   0,   1,   0,   0,   6,   1,   3,   2,
    2,   3,   0,   3,  12,  48,  96,   3]
[  77,1017,   1,  -1,  -1,   0,   0,   1,   1,   2,   6,   1,   0,   2,
    2,   3,   3,   3,  12,  48,  96,   2]
[  78,1020,   2,  -1,  -1,   0,   0,   1,   1,   0,   2,   6,   1,   1,
    2,   2,   6,   3,  12,  48,  96,   2]
[  79,1023,   3,  -1,  -1,   0,   0,   1,   1,   0,   2,   6,   1,   2,
    3,   2,   6,   3,  12,  48,  96,   0]
[  80,1026,   2,  -1,  -1,   0,   1,   1,   0,   2,   6,   1,   3,   2,
    3,   2,   6,   3,  12,  48,  96,   3]
[  81,1029,   1,  -1,  -1,   0,   1,   2,   0,   2,   6,   1,   3,   2,
    3,   3,   6,   3,  12,  48,  96,   3]
[  82,1032,   2,  -1,  -1,   0,   1,   1,   0,   2,   6,   3,   3,   2,
    3,   3,   6,   3,  12,  48,  96,   2]
[  83,1038,   1,  -1,  -1,   0,   0,   1,   1,   2,   2,   6,   6,   0,
    2,   6,   6,   3,  12,  48,  96,   2]
[  84,1056,   3,  -1,  -1,   0,   0,   1,   1,   1,   2,   2,  12,   0,
    0,   2,  12,   3,  12,  48,  96,   3]
[  85,1089,   1,  -1,  -1,   3,   0,   0,   0,   0,   0,   3,   1,   1,
    2,   2,  24,   3,  12,  48,  96,   2]
[  86,1092,   3,  -1,  -1,   1,   3,   0,   0,   0,   0,   3,   1,   0,
    3,   2,  24,   3,  12,  48,  96,   3]
[  87,1095,   3,  -1,  -1,   3,   0,   0,   0,   1,   3,   3,   1,   0,
    3,   2,  24,   3,  12,  48,  96,   3]
[  88,1101,   2,  -1,  -1,   3,   0,   0,   0,   3,   0,   3,   1,   1,
    6,   2,  24,   3,  12,  48,  96,   2]
[  89,1101,   3,  -1,  -1,   2,   3,   0,   0,   0,   3,   3,   1,   1,
    6,   2,  24,   3,  12,  48,  96,   3]
[  90,1107,   2,  -1,  -1,   0,   3,   0,   0,   2,   6,   3,   1,   1,
    6,   2,  24,   3,  12,  48,  96,   3]
[  91,1119,   3,  -1,  -1,   0,   2,   0,   0,   0,   3,   3,   1,   3,
   12,   2,  24,   3,  12,  48,  96,   3]
[  92,1152,   3,  -1,  -1,   3,   0,   0,   0,   0,   2,   3,   1,   0,
    3,   2,  24,   6,  24,  48,  96,   3]
[  93,1155,   3,  -1,  -1,   3,   0,   0,   0,   3,   2,   3,   1,   0,
    3,   2,  24,   6,  24,  48,  96,   3]
[  94,1158,   2,  -1,  -1,   3,   0,   0,   0,   3,   2,   3,   1,   3,
    3,   2,  24,   6,  24,  48,  96,   3]
[  95,1161,   1,  -1,  -1,   2,   0,   0,   0,   3,   2,   3,   1,   6,
    3,   2,  24,   6,  24,  48,  96,   3]
[  96,1170,   1,  -1,  -1,   1,   0,   0,   0,   2,   2,   3,   1,   3,
    3,   2,  24,  12,  24,  48,  96,   3]
[  97,1173,   1,  -1,  -1,   1,   0,   0,   0,   3,   2,   3,   1,   3,
    3,   2,  24,  12,  24,  48,  96,   2]
[  98,1176,   2,  -1,  -1,   0,   1,   0,   0,   3,   2,   3,   1,   1,
    6,   2,  24,  12,  24,  48,  96,   3]
[  99,1179,   2,  -1,  -1,   0,   2,   0,   0,   3,   3,   3,   1,   1,
    6,   2,  24,  12,  24,  48,  96,   0]
[ 100,1182,   1,  -1,  -1,   2,   0,   0,   2,   6,   3,   1,   0,   1,
    6,   2,  24,  12,  24,  48,  96,   3]
[ 101,1185,   2,  -1,  -1,   2,   0,   0,   1,   6,   3,   0,   2,   1,
    6,   3,  24,  12,  24,  48,  96,   3]
[ 102,1188,   2,  -1,  -1,   2,   0,   0,   2,   6,   3,   0,   3,   1,
    6,   3,  24,  12,  24,  48,  96,   0]
[ 103,1188,   3,  -1,  -1,   2,   0,   2,   2,   6,   3,   3,   0,   1,
    6,   3,  24,  12,  24,  48,  96,   3]
[ 104,1194,   1,  -1,  -1,   2,   0,   0,   3,   6,   3,   2,   2,   1,
    6,   6,  24,  12,  24,  48,  96,   0]
[ 105,1203,   1,  -1,  -1,   2,   0,   3,   0,   6,   3,   2,   2,   1,
   12,  24,   1,  12,  24,  48,  96,   3]
[ 106,1206,   3,  -1,  -1,   2,   0,   3,   1,   6,   3,   2,   0,   1,
   12,  24,   3,  12,  24,  48,  96,   3]
[ 107,1209,   3,  -1,  -1,   2,   0,   3,   3,   6,   3,   2,   1,   1,
   12,  24,   3,  12,  24,  48,  96,   2]
[ 108,1218,   2,  -1,  -1,   3,   2,   0,   6,   0,   6,   3,   3,   1,
   12,  24,   3,  12,  24,  48,  96,   3]
[ 109,1221,   1,  -1,  -1,   2,   2,   0,   0,   3,   6,   3,   6,   1,
   12,  24,   6,  12,  24,  48,  96,   3]
[ 110,1230,   2,  -1,  -1,   2,   2,   0,   1,   3,   6,   3,   0,   1,
   12,  24,  12,  12,  24,  48,  96,   2]
[ 111,1230,   1,  -1,  -1,   0,   2,   2,   1,   2,   3,   6,   3,   1,
   12,  24,  12,  12,  24,  48,  96,   2]
[ 112,1233,   3,  -1,  -1,   1,   0,   2,   3,   2,   3,   6,   3,   1,
   12,  24,  12,  12,  24,  48,  96,   3]
[ 113,1242,   1,  -1,  -1,   0,   0,   2,   3,   1,   3,   6,   6,   3,
   12,  24,  12,  12,  24,  48,  96,   2]
[ 114,1251,   6,  12,  -1,   0,   0,   2,   3,   1,   1,   3,  12,   3,
   12,  24,  12,  12,  24,  48,  96,   3]
[ 115,1305,   3,  -1,  -1,   0,   0,   2,  12,   1,   1,   3,   3,   3,
   12,  24,  24,  12,  24,  48,  96,   2]
[ 116,1392,   2,  -1,  -1,   0,   0,   2,  12,   3,   1,   1,   6,   0,
    3,  12,  48,  12,  24,  48,  96,   3]
[ 117,1395,   2,  -1,  -1,   0,   0,   2,  12,   0,   1,   3,   6,   3,
    3,  12,  48,  12,  24,  48,  96,   2]
[ 118,1398,   6,  12,  -1,   0,   0,   2,  12,   0,   1,   3,   6,   2,
    6,  12,  48,  12,  24,  48,  96,   0]
[ 119,1407,   2,  -1,  -1,   0,   2,  12,   0,   1,   3,   6,   6,   2,
    6,  12,  48,  12,  24,  48,  96,   3]
[ 120,1410,   6,  12,  -1,   2,   2,  12,   0,   0,   3,   6,   6,   3,
    6,  12,  48,  12,  24,  48,  96,   2]
[ 121,1428,   1,  -1,  -1,   0,   2,   2,  12,   6,   0,   3,  12,   3,
    6,  12,  48,  12,  24,  48,  96,   3]
[ 122,1455,   3,  -1,  -1,   0,   0,   2,   1,   6,   2,   3,  24,   3,
    6,  12,  48,  12,  24,  48,  96,   2]
[ 123,1461,   3,  -1,  -1,   3,   0,   0,   3,   6,   2,   3,  24,   3,
    6,  12,  48,  12,  24,  48,  96,   2]
[ 124,1464,   2,  -1,  -1,   3,   3,   0,   3,   6,   2,   3,  24,   3,
    6,  12,  48,  12,  24,  48,  96,   2]
[ 125,1464,   3,  -1,  -1,   2,   3,   3,   3,   6,   2,   3,  24,   3,
    6,  12,  48,  12,  24,  48,  96,   2]
[ 126,1470,   1,  -1,  -1,   3,   2,   3,   6,   6,   2,   3,  24,   3,
    6,  12,  48,  12,  24,  48,  96,   3]
[ 127,1473,   1,  -1,  -1,   3,   2,   1,   6,   6,   2,   6,  24,   3,
    6,  12,  48,  12,  24,  48,  96,   0]
[ 128,1476,   2,  -1,  -1,   3,   3,   6,   1,   6,   2,   6,  24,   3,
    6,  12,  48,  12,  24,  48,  96,   0]
[ 129,1479,   6,  12,  -1,   6,   6,   1,   2,   6,   2,   6,  24,   3,
    6,  12,  48,  12,  24,  48,  96,   2]
[ 130,1509,   3,  -1,  -1,  12,   6,   6,   3,   6,   2,   6,  24,   3,
    6,  12,  48,  12,  24,  48,  96,   3]
[ 131,1521,   1,  -1,  -1,  12,   6,   3,   3,   6,   2,  12,  24,   3,
    6,  12,  48,  12,  24,  48,  96,   0]
[ 132,1524,   2,  -1,  -1,  12,   6,   6,   1,   6,   2,  12,  24,   3,
    6,  12,  48,  12,  24,  48,  96,   0]
[ 133,1533,   3,  -1,  -1,  12,  12,   1,   2,   6,   2,  12,  24,   3,
    6,  12,  48,  12,  24,  48,  96,   0]
[ 134,1563,   1,  -1,  -1,  24,   1,   2,   3,   6,   2,  12,  24,   3,
    6,  12,  48,  12,  24,  48,  96,   3]
[ 135,1593,   6,  12,  -1,  24,   1,   0,   3,   6,   3,   2,  24,   3,
    6,  24,  48,  12,  24,  48,  96,   1]
[ 136,1620,   3,  -1,  -1,  24,   1,   2,   3,   6,   3,  24,  24,   3,
    6,  48,  48,  12,  24,  12,  96,   2]
[ 137,1950,   3,  -1,  -1,   0,  24,   3,   3,   0,   6,   3,  48,   3,
    3,   6,  96,  12,  24,  12,  96,   3]
[ 138,2685,   2,  -1,  -1,   0,  24,   0,   3,   0,   6,   6,   3,   3,
    3,   6,  48,  12,  24,  12, 192,   3]
[ 139,2697,   1,  -1,  -1,   0,  24,   2,   0,   0,   6,   0,   6,   3,
    3,  12,  48,  12,  24,  12, 192,   3]
[ 140,2724,   1,  -1,  -1,   0,  24,   1,   0,   0,   6,   2,   6,   3,
    3,   0,  48,  12,  24,  24, 192,   3]
[ 141,2724,   2,  -1,  -1,   0,  24,   1,   0,   0,   6,   1,   6,   3,
    3,   2,  48,  12,  24,  24, 192,   3]
[ 142,2727,   2,  -1,  -1,   0,  24,   2,   0,   0,   6,   1,   6,   3,
    3,   3,  48,  12,  24,  24, 192,   3]
[ 143,2730,   1,  -1,  -1,   0,  24,   2,   0,   0,   6,   3,   6,   3,
    3,   3,  48,  12,  24,  24, 192,   3]
[ 144,2733,   3,  -1,  -1,   0,  24,   1,   0,   0,   6,   2,   6,   3,
    3,   6,  48,  12,  24,  24, 192,   3]
[ 145,2739,   3,  -1,  -1,   0,  24,   3,   0,   0,   6,   3,   6,   3,
    3,   6,  48,  12,  24,  24, 192,   3]
[ 146,2745,   1,  -1,  -1,   0,  24,   3,   0,   0,   6,   6,   6,   3,
    3,   6,  48,  12,  24,  24, 192,   2]
[ 147,2838,   3,  -1,  -1,   0,   0,  24,   3,   0,   0,   6,  12,   0,
    6,   6,  48,   1,  12,  48, 192,   3]
[ 148,2850,   1,  -1,  -1,   0,   0,   3,   3,   0,   0,  24,  12,   0,
    6,  12,  48,   1,  12,  48, 192,   2]
[ 149,2853,   1,  -1,  -1,   1,   0,   0,   6,   0,   0,  24,  12,   0,
    6,  12,  48,   1,  12,  48, 192,   2]
[ 150,2853,   2,  -1,  -1,   1,   1,   0,   6,   0,   0,  24,  12,   0,
    6,  12,  48,   1,  12,  48, 192,   3]
[ 151,2853,   2,  -1,  -1,   0,   2,   0,   6,   1,   1,  24,  12,   0,
    6,  12,  48,   1,  12,  48, 192,   3]
[ 152,2856,   3,  -1,  -1,   0,   2,   0,   6,   0,   3,  24,  12,   1,
    6,  12,  48,   1,  12,  48, 192,   1]
[ 153,2859,   2,  -1,  -1,   0,   2,  24,   6,   1,   3,  12,  12,   1,
    6,  48,  48,   0,  12,   3, 192,   2]
[ 154,3129,   3,  -1,  -1,   0,   2,  24,   6,   0,   1,   3,  24,   2,
    1,   6,  96,   0,  12,   3, 192,   2]
[ 155,3135,   1,  -1,  -1,   0,   2,  24,   6,   0,   1,   3,  24,   3,
    3,   6,  96,   0,  12,   3, 192,   1]
[ 156,3138,   1,  -1,  -1,   0,   3,  24,   6,   3,   3,   3,  24,   0,
   12,   6,  96,   0,   1,   3, 192,   2]
[ 157,3141,   3,  -1,  -1,   0,   3,  24,   6,   1,   3,   6,  24,   0,
   12,   6,  96,   0,   1,   3, 192,   3]
[ 158,3156,   2,  -1,  -1,   0,   0,   3,   6,   0,   6,  24,  24,   1,
   12,  12,  96,   0,   1,   3, 192,   2]
[ 159,3264,   2,  -1,  -1,   0,   0,   3,   6,   2,   0,   6,  48,   0,
    1,  24,  96,   0,   1,   3, 192,   3]
[ 160,3264,   1,  -1,  -1,   2,   0,   3,   6,   0,   0,   6,  48,   2,
    1,  24,  96,   0,   1,   3, 192,   3]
[ 161,3264,   2,  -1,  -1,   1,   0,   3,   6,   2,   0,   6,  48,   0,
    1,  24,  96,   2,   1,   3, 192,   3]
[ 162,3264,   3,  -1,  -1,   2,   0,   3,   6,   1,   0,   6,  48,   2,
    1,  24,  96,   2,   1,   3, 192,   2]
[ 163,3273,   3,  -1,  -1,   0,   2,   3,   6,   3,   1,   6,  48,   0,
    3,  24,  96,   0,   3,   3, 192,   3]
[ 164,3279,   1,  -1,  -1,   3,   0,   3,   6,   0,   2,   6,  48,   3,
    1,  24,  96,   0,   6,   3, 192,   3]
[ 165,3282,   2,  -1,  -1,   1,   0,   3,   6,   3,   0,   6,  48,   0,
    3,  24,  96,   3,   6,   3, 192,   3]
[ 166,3282,   1,  -1,  -1,   2,   0,   3,   6,   1,   0,   6,  48,   3,
    3,  24,  96,   3,   6,   3, 192,   3]
[ 167,3285,   3,  -1,  -1,   1,   0,   3,   6,   2,   0,   6,  48,   1,
    3,  24,  96,   6,   6,   3, 192,   1]
[ 168,3291,   2,  -1,  -1,   3,   0,   3,   6,   1,   3,   6,  48,   6,
    6,  24,  96,   3,   0,   3, 192,   2]
[ 169,3300,   3,  -1,  -1,   0,   3,   3,   6,   1,   3,   6,  48,   2,
   12,  24,  96,   0,   3,   3, 192,   2]
[ 170,3309,   1,  -1,  -1,   3,   0,   6,   6,   1,   3,   6,  48,   2,
   12,  24,  96,   0,   0,   6, 192,   3]
[ 171,3318,   3,  -1,  -1,   1,   0,   0,   6,   3,   0,  12,  48,   1,
    3,  24,  96,   2,  12,   6, 192,   3]
[ 172,3324,   3,  -1,  -1,   3,   0,   0,   6,   1,   0,  12,  48,   3,
    3,  24,  96,   3,  12,   6, 192,   2]
[ 173,3330,   1,  -1,  -1,   0,   3,   0,   6,   3,   1,  12,  48,   0,
    6,  24,  96,   3,  12,   6, 192,   3]
[ 174,3330,   2,  -1,  -1,   1,   3,   0,   6,   0,   1,  12,  48,   3,
    6,  24,  96,   3,  12,   6, 192,   2]
[ 175,3330,   2,  -1,  -1,   2,   1,   3,   6,   0,   1,  12,  48,   3,
    6,  24,  96,   3,  12,   6, 192,   2]
[ 176,3333,   2,  -1,  -1,   2,   3,   3,   6,   0,   1,  12,  48,   3,
    6,  24,  96,   3,  12,   6, 192,   2]
[ 177,3336,   1,  -1,  -1,   2,   2,   6,   6,   0,   1,  12,  48,   3,
    6,  24,  96,   3,  12,   6, 192,   3]
[ 178,3342,   6,  12,  24,   0,   1,   6,   6,   2,   3,  12,  48,   0,
    6,  24,  96,   6,  12,   6, 192,   1]
[ 179,3369,   3,  -1,  -1,   2,   1,   6,   6,   0,   3,  12,  48,   6,
    6,  24,  96,  12,  12,   6, 192,   2]
[ 180,3417,   1,  -1,  -1,   0,   2,   1,  12,   0,   3,  12,  48,   0,
   12,  24,  96,   3,  24,   6, 192,   2]
[ 181,3420,   1,  -1,  -1,   1,   0,   3,  12,   0,   3,  12,  48,   0,
   12,  24,  96,   3,  24,   6, 192,   1]
[ 182,3420,   3,  -1,  -1,   1,   3,   3,  12,   0,  12,  12,  48,   3,
   24,  24,  96,   0,   1,   6, 192,   2]
[ 183,3534,   2,  -1,  -1,   0,   1,   6,  12,   0,   0,  24,  48,   3,
    3,  48,  96,   0,   1,   6, 192,   2]
[ 184,3537,   2,  -1,  -1,   0,   1,   6,  12,   0,   0,  24,  48,   2,
    6,  48,  96,   0,   1,   6, 192,   3]
[ 185,3537,   1,  -1,  -1,   2,   0,   6,  12,   0,   1,  24,  48,   0,
    6,  48,  96,   2,   1,   6, 192,   2]
[ 186,3540,   2,  -1,  -1,   1,   2,   6,  12,   0,   1,  24,  48,   0,
    6,  48,  96,   0,   3,   6, 192,   3]
[ 187,3543,   3,  -1,  -1,   2,   0,   6,  12,   1,   3,  24,  48,   0,
    6,  48,  96,   0,   3,   6, 192,   1]
[ 188,3549,   3,  -1,  -1,   3,   3,   6,  12,   0,   6,  24,  48,   0,
    3,  48,  96,   0,   3,   6, 192,   2]
[ 189,3555,   1,  -1,  -1,   3,   6,   6,  12,   0,   6,  24,  48,   0,
    3,  48,  96,   0,   3,   6, 192,   2]
[ 190,3564,   2,  -1,  -1,   1,   3,  12,  12,   0,   6,  24,  48,   0,
    3,  48,  96,   0,   3,   6, 192,   2]
[ 191,3591,   2,  -1,  -1,   2,   1,   3,  24,   0,   6,  24,  48,   0,
    3,  48,  96,   0,   3,   6, 192,   2]
[ 192,3594,   1,  -1,  -1,   2,   3,   3,  24,   0,   6,  24,  48,   0,
    3,  48,  96,   0,   3,   6, 192,   2]
[ 193,3597,   2,  -1,  -1,   1,   2,   6,  24,   0,   6,  24,  48,   0,
    3,  48,  96,   0,   3,   6, 192,   2]
[ 194,3600,   3,  -1,  -1,   2,   3,   6,  24,   0,   6,  24,  48,   0,
    3,  48,  96,   0,   3,   6, 192,   3]
[ 195,3606,   2,  -1,  -1,   0,   3,   6,  24,   2,   3,  24,  48,   0,
    6,  48,  96,   0,   6,   6, 192,   1]
[ 196,3609,   3,  -1,  -1,   2,   6,   6,  24,   0,   6,  24,  48,   0,
    6,  48,  96,   0,   2,   6, 192,   2]
[ 197,3621,   3,  -1,  -1,   3,   2,  12,  24,   0,   6,  24,  48,   0,
    6,  48,  96,   0,   2,   6, 192,   3]
[ 198,3633,   1,  -1,  -1,   3,   0,  12,  24,   3,   2,  24,  48,   0,
   12,  48,  96,   0,   2,   6, 192,   3]
[ 199,3633,   2,  -1,  -1,   1,   0,  12,  24,   3,   2,  24,  48,   3,
   12,  48,  96,   0,   2,   6, 192,   2]
[ 200,3633,   3,  -1,  -1,   2,   1,  12,  24,   3,   2,  24,  48,   3,
   12,  48,  96,   0,   2,   6, 192,   3]
[ 201,3639,   1,  -1,  -1,   0,   3,  12,  24,   2,   3,  24,  48,   3,
   12,  48,  96,   3,   2,   6, 192,   1]
[ 202,3642,   1,  -1,  -1,   2,   6,  12,  24,   3,  12,  24,  48,   3,
    2,  48,  96,   1,   0,   6, 192,   3]
[ 203,3645,   6,  12,  24,   1,   0,  12,  24,   2,   6,  24,  48,   6,
   12,  48,  96,   1,   2,   6, 192,   1]
[ 204,3729,   3,  -1,  -1,   3,   6,  12,  24,   6,  12,  24,  48,   1,
    2,  48,  96,  24,   0,   6, 192,   2]
[ 205,3735,   2,  -1,  -1,   3,   6,  12,  24,   6,  12,  24,  48,   0,
    3,  48,  96,   3,  24,   6, 192,   1]
[ 206,3735,   2,  -1,  -1,   3,   6,  12,  24,   6,  12,  24,  48,   3,
    3,  48,  96,   2,  24,   6, 192,   0]
[ 207,3738,   1,  -1,  -1,   3,   6,  12,  24,   6,  12,  24,  48,   6,
   48,  96,   2,   2,  24,   6, 192,   1]
[ 208,3747,   1,  -1,  -1,   3,   6,  12,  24,  12,  12,  24,  48,   2,
   48,  96,   2,   1,  24,   6, 192,   0]
[ 209,3774,   1,  -1,  -1,   3,   6,  12,  24,  24,  24,  48,   1,   2,
   48,  96,   2,   1,  24,   6, 192,   3]
[ 210,3780,   1,  -1,  -1,   0,   6,  12,   1,   3,  24,  48,  24,  24,
   48,  96,   3,   3,  24,   6, 192,   1]
[ 211,3780,   3,  -1,  -1,   3,   6,  12,   1,  24,  24,  48,  24,   3,
   48,  96,   3,   1,  24,   6, 192,   2]
[ 212,3864,   3,  -1,  -1,   3,   6,  12,   1,   3,  48,  48,  24,   3,
   48,  96,   3,   1,  24,   6, 192,   0]
[ 213,4110,   2,  -1,  -1,   3,   6,  12,   1,   3,  96,  24,   3,   3,
   48,  96,   3,   1,  24,   6, 192,   3]
[ 214,4116,   6,  12,  24,   0,   6,  12,   2,   3,  96,  24,   1,   6,
   48,  96,   6,   1,  24,   6, 192,   3]
[ 215,4146,   2,  -1,  -1,   0,   6,  12,  12,   3,  96,  24,   3,   6,
   48,  96,   6,   1,  24,   6, 192,   1]
[ 216,4146,   3,  -1,  -1,   3,   6,  12,  12,   6,  96,  24,   3,   1,
   48,  96,   6,   2,  24,   6, 192,   3]
[ 217,4152,   1,  -1,  -1,   3,   6,  12,  12,   3,  96,  24,   3,   6,
   48,  96,   6,   3,  24,   6, 192,   0]
[ 218,4179,   1,  -1,  -1,   3,   6,  24,   1,   3,  96,  24,   3,   6,
   48,  96,   6,   3,  24,   6, 192,   1]
[ 219,4263,   3,  -1,  -1,   6,   6,  48,   1,   6,  96,  96,   3,   3,
   48,   6,   6,   0,  24,   1, 192,   2]
[ 220,5013,   2,  -1,  -1,   0,  12,  48,   1,   0,   6, 192,   3,   3,
    3,  48,  12,   0,  24,   1, 192,   2]
[ 221,5016,   3,  -1,  -1,   0,  12,  48,   1,   0,   6, 192,   3,   2,
    6,  48,  12,   0,  24,   1, 192,   3]
[ 222,5028,   2,  -1,  -1,   0,   3,  48,   1,   0,  12, 192,   3,   0,
   12,  48,  12,   2,  24,   1, 192,   1]
[ 223,5055,   1,  -1,  -1,   0,   3,  48,   1,   0,  24, 192,   3,   2,
   24,  48,  12,   0,   2,   1, 192,   2]
[ 224,5058,   2,  -1,  -1,   0,   3,  48,   1,   0,  24, 192,   3,   2,
   24,  48,  12,   1,   0,   3, 192,   3]
[ 225,5061,   1,  -1,  -1,   2,   0,  48,   1,   0,   3, 192,   3,   0,
   24,  48,  12,   3,  24,   3, 192,   3]
[ 226,5142,   2,  -1,  -1,   0,   1,  48,   1,   2,   0, 192,   3,   0,
    3,  48,  12,   3,  48,   3, 192,   1]
[ 227,5142,   3,  -1,  -1,   2,   1,  48,   1,   0,   3, 192,   3,   3,
   48,  48,  12,   2,   0,   3, 192,   2]
[ 228,5391,   3,  -1,  -1,   0,   3,  48,   1,   0,   3, 192,   3,   0,
    3,  96,  12,   3,   2,   3, 192,   1]
[ 229,5397,   1,  -1,  -1,   0,   6,  48,   1,   0,   3, 192,   3,   3,
    2,  96,  12,   3,   0,   3, 192,   2]
[ 230,5397,   1,  -1,  -1,   0,   6,  48,   1,   0,   3, 192,   3,   3,
    2,  96,  12,   1,   3,   3, 192,   2]
[ 231,5400,   2,  -1,  -1,   0,   6,  48,   1,   0,   3, 192,   3,   3,
    2,  96,  12,   1,   1,   6, 192,   1]
[ 232,5403,   3,  -1,  -1,   0,   6,  48,   1,   3,   3, 192,   3,   1,
    3,  96,  12,   2,   0,   6, 192,   3]
[ 233,5409,   1,  -1,  -1,   3,   0,  48,   1,   0,   6, 192,   3,   3,
    3,  96,  12,   3,   3,   6, 192,   3]
[ 234,5415,   3,  -1,  -1,   1,   0,  48,   1,   3,   0, 192,   3,   0,
    6,  96,  12,   6,   6,   6, 192,   2]
[ 235,5427,   2,  -1,  -1,   0,   1,  48,   1,   3,   3, 192,   3,   0,
    6,  96,  12,   0,   6,  12, 192,   3]
[ 236,5436,   6,  12,  24,   0,   2,  48,   1,   0,   1, 192,   3,   3,
    3,  96,  12,   0,  12,  12, 192,   1]
[ 237,5520,   2,  -1,  -1,   0,   3,  48,   1,   3,   3, 192,   3,   0,
   12,  96,  12,   0,  24,  12, 192,   2]
[ 238,5523,   6,  12,  24,   0,   3,  48,   1,   2,   6, 192,   3,   0,
   12,  96,  12,   0,  24,  12, 192,   1]
[ 239,5550,   6,  12,  24,   2,   3,  48,   1,   0,   6, 192,   3,   0,
   12,  96,  12,  12,  24,  12, 192,   1]
[ 240,5577,   3,  -1,  -1,   2,   3,  48,   1,   0,   6, 192,   3,  12,
   12,  96,  12,  12,  24,  12, 192,   3]
[ 241,5607,   3,  -1,  -1,   3,   3,  48,   1,   2,   6, 192,   3,   0,
   12,  96,  12,  24,  24,  12, 192,   2]
[ 242,5694,   1,  -1,  -1,   0,   6,  48,   1,   2,   6, 192,   3,   0,
   12,  96,  12,   3,  48,  12, 192,   1]
[ 243,5703,   2,  -1,  -1,   2,  12,  48,   1,   0,  12, 192,   3,   3,
   48,  96,  12,   1,   0,  12, 192,   1]
[ 244,5730,   3,  -1,  -1,   2,  24,  48,   1,   3,  48, 192,   3,   1,
    0,  96,  12,   0,   2,  12, 192,   3]
[ 245,5733,   2,  -1,  -1,   3,   0,  48,   1,   2,  24, 192,   3,   3,
   48,  96,  12,   1,   2,  12, 192,   2]
[ 246,5736,   3,  -1,  -1,   2,   3,  48,   1,   2,  24, 192,   3,   3,
   48,  96,  12,   0,   3,  12, 192,   3]
[ 247,5739,   1,  -1,  -1,   3,   3,  48,   1,   2,  24, 192,   3,   2,
   48,  96,  12,   3,   3,  12, 192,   2]
[ 248,5745,   2,  -1,  -1,   1,   6,  48,   1,   2,  24, 192,   3,   2,
   48,  96,  12,   0,   6,  12, 192,   3]
[ 249,5745,   1,  -1,  -1,   2,   6,  48,   1,   1,  24, 192,   3,   2,
   48,  96,  12,   2,   6,  12, 192,   3]
[ 250,5748,   2,  -1,  -1,   1,   6,  48,   1,   2,  24, 192,   3,   3,
   48,  96,  12,   2,   6,  12, 192,   1]
[ 251,5751,   1,  -1,  -1,   3,   6,  48,   1,   3,  24, 192,   3,   2,
   48,  96,  12,   2,   6,  12, 192,   1]
[ 252,5754,   3,  -1,  -1,   6,   6,  48,   1,   2,  24, 192,   3,   2,
   48,  96,  12,   1,   6,  12, 192,   1]
[ 253,5760,   3,  -1,  -1,   6,   6,  48,   1,   2,  24, 192,   3,   3,
   48,  96,  12,   3,   6,  12, 192,   3]
[ 254,5766,   2,  -1,  -1,   3,   6,  48,   1,   6,  24, 192,   3,   2,
   48,  96,  12,   6,   6,  12, 192,   2]
[ 255,5775,   1,  -1,  -1,   3,   6,  48,   1,   6,  24, 192,   3,   2,
   48,  96,  12,   2,  12,  12, 192,   2]
[ 256,5802,   1,  -1,  -1,   3,   6,  48,   1,   6,  24, 192,   3,   2,
   48,  96,  12,   1,   2,  24, 192,   2]
[ 257,5805,   2,  -1,  -1,   3,   6,  48,   1,   6,  24, 192,   3,   2,
   48,  96,  12,   1,   3,  24, 192,   3]
[ 258,5808,   6,  12,  24,   2,   6,  48,   1,   3,  24, 192,   3,   6,
   48,  96,  12,   3,   3,  24, 192,   2]
