1515877036
[ 0, 9, 3,-1,-1, 0, 0, 0, 1, 3, 0, 1, 0, 3, 2, 2, 0, 2, 0, 3, 1, 2]
[ 1,12, 1,-1,-1, 0, 0, 0, 1, 3, 3, 0, 1, 0, 3, 2, 2, 0, 2, 3, 1, 3]
[ 2,18, 2,-1,-1, 0, 1, 0, 0, 0, 0, 0, 1, 3, 6, 2, 1, 0, 2, 3, 3, 2]
[ 3,24, 3,-1,-1, 0, 0, 1, 0, 0, 0, 0, 1, 2, 3, 6, 3, 0, 0, 2, 6, 1]
[ 4,27, 2,-1,-1, 0, 0, 1, 1, 2, 3, 6, 3, 0, 0, 2, 6, 0, 0, 0, 3, 3]
[ 5,27, 1,-1,-1, 0, 2, 0, 1, 0, 0, 1, 3, 2, 3, 6, 6, 0, 0, 2, 3, 1]
[ 6,27, 2,-1,-1, 0, 2, 1, 1, 2, 3, 6, 3, 0, 0, 2, 6, 0, 0, 1, 3, 3]
[ 7,30, 3,-1,-1, 2, 0, 0, 1, 0, 2, 1, 3, 2, 3, 6, 6, 0, 0, 3, 3, 2]
[ 8,48, 2,-1,-1, 0, 2, 0, 1, 0, 0, 3, 3, 0, 2, 3,12, 3, 0, 0, 6, 3]
[ 9,48, 1,-1,-1, 0, 2, 0, 1, 0, 2, 0, 3, 0, 0, 3,12, 3, 2, 3, 6, 3]
[10,51, 2,-1,-1, 0, 0, 1, 1, 0, 2, 0, 3, 0, 2, 0,12, 3, 2, 6, 6, 2]
[11,60, 1,-1,-1, 0, 0, 1, 1, 0, 0, 2, 3, 0, 0, 2,12, 2, 3, 2,12, 3]
[12,90, 3,-1,-1, 0, 0, 1, 0, 0, 0, 3, 1, 0, 0, 2, 3, 2, 3, 2,24, 2]
[13,93, 1,-1,-1, 3, 0, 0, 1, 0, 0, 3, 1, 0, 0, 2, 3, 2, 3, 2,24, 1]
[14,93, 3,-1,-1, 3, 0, 3, 1, 0, 0, 2, 1, 2, 3, 2, 3, 1, 0, 0,24, 2]
[15,99, 1,-1,-1, 0, 3, 3, 1, 3, 0, 0, 3, 2, 3, 2, 3, 0, 1, 0,24, 2]
[ 16,102,  3, -1, -1,  0,  0,  6,  1,  0,  3,  0,  3,  2,  3,  2,  3,  1,
   0,  1, 24,  3]
[ 17,114,  3, -1, -1,  0,  3,  0,  0,  0,  0,  6,  1,  0,  3,  0,  6,  3,
   3,  3, 24,  3]
[ 18,120,  3, -1, -1,  0,  3,  0,  0,  0,  3,  0,  1,  0,  0,  6,  6,  3,
   6,  3, 24,  2]
[ 19,132,  1, -1, -1,  0,  0,  3,  0,  3,  0,  3,  1,  0,  0,  0, 12,  3,
   6,  3, 24,  3]
[ 20,132,  2, -1, -1,  0,  0,  1,  0,  0,  0,  3,  1,  3,  0,  3, 12,  3,
   6,  3, 24,  3]
[ 21,138,  2, -1, -1,  2,  0,  0,  0,  0,  0,  1,  1,  0,  0,  3, 12,  6,
   6,  6, 24,  3]
[ 22,138,  1, -1, -1,  2,  0,  0,  0,  2,  0,  1,  1,  0,  0,  3, 12,  6,
   6,  6, 24,  2]
[ 23,147,  3, -1, -1,  1,  2,  0,  0,  0,  2,  1,  1,  0,  0,  3, 12,  0,
   6, 12, 24,  2]
[ 24,153,  2, -1, -1,  3,  1,  2,  0,  0,  0,  3,  1,  0,  0,  3, 12,  0,
   6, 12, 24,  2]
[ 25,153,  1, -1, -1,  2,  3,  1,  2,  0,  0,  3,  1,  0,  0,  3, 12,  0,
   6, 12, 24,  3]
[ 26,159,  2, -1, -1,  0,  0,  0,  1,  2,  3,  1,  3,  0,  0,  6, 12,  0,
   6, 12, 24,  3]
[ 27,159,  3, -1, -1,  0,  2,  0,  1,  0,  0,  1,  3,  2,  3,  6, 12,  0,
   6, 12, 24,  2]
[ 28,162,  1, -1, -1,  3,  0,  2,  1,  0,  0,  1,  3,  2,  3,  6, 12,  0,
   6, 12, 24,  2]
[ 29,165,  2, -1, -1,  1,  3,  0,  3,  0,  0,  1,  3,  2,  3,  6, 12,  0,
   6, 12, 24,  3]
[ 30,168,  2, -1, -1,  0,  2,  0,  0,  1,  3,  1,  6,  0,  3,  6, 12,  2,
   6, 12, 24,  2]
[ 31,168,  3, -1, -1,  2,  0,  2,  0,  1,  3,  1,  6,  0,  3,  6, 12,  2,
   6, 12, 24,  3]
[ 32,177,  1, -1, -1,  0,  0,  3,  0,  2,  0,  3,  6,  1,  6,  6, 12,  2,
   6, 12, 24,  3]
[ 33,192,  1, -1, -1,  0,  1,  0,  0,  0,  0,  6,  6,  2,  0,  6, 12,  3,
  12, 12, 24,  3]
[ 34,201,  3, -1, -1,  0,  0,  1,  0,  0,  1,  0,  6,  2,  0, 12, 12,  3,
  12, 12, 24,  2]
[ 35,258,  3, -1, -1,  0,  0,  0,  1,  0,  0,  1,  6,  3,  2,  0, 24,  0,
   3, 24, 24,  3]
[ 36,342,  2, -1, -1,  0,  0,  0,  3,  0,  0,  0,  1,  0,  2,  1,  6,  3,
   3, 24, 48,  2]
[ 37,348,  1, -1, -1,  0,  0,  0,  3,  0,  0,  0,  1,  0,  0,  3,  6,  2,
   6, 24, 48,  0]
[ 38,348,  2, -1, -1,  0,  0,  3,  0,  0,  0,  1,  0,  0,  3,  6,  1,  2,
   6, 24, 48,  0]
[ 39,348,  1, -1, -1,  0,  3,  0,  0,  0,  1,  0,  2,  3,  6,  1,  0,  2,
   6, 24, 48,  2]
[ 40,348,  3, -1, -1,  0,  0,  3,  0,  1,  0,  1,  2,  0,  3,  6,  1,  2,
   6, 24, 48,  3]
[ 41,354,  1, -1, -1,  3,  0,  3,  0,  0,  0,  1,  0,  1,  3,  6,  3,  2,
   6, 24, 48,  3]
[ 42,357,  1, -1, -1,  1,  0,  3,  0,  3,  0,  1,  0,  0,  3,  6,  3,  3,
   6, 24, 48,  3]
[ 43,357,  2, -1, -1,  1,  0,  3,  0,  1,  0,  1,  0,  3,  3,  6,  3,  3,
   6, 24, 48,  2]
[ 44,360,  3, -1, -1,  0,  1,  0,  3,  2,  1,  0,  1,  0,  6,  6,  3,  3,
   6, 24, 48,  2]
[ 45,372,  2, -1, -1,  0,  0,  1,  3,  3,  2,  1,  1,  0,  0, 12,  3,  3,
   6, 24, 48,  2]
[ 46,375,  3, -1, -1,  0,  0,  1,  3,  2,  3,  3,  1,  0,  0, 12,  3,  3,
   6, 24, 48,  2]
[ 47,381,  2, -1, -1,  0,  0,  1,  3,  3,  2,  6,  1,  0,  0, 12,  3,  3,
   6, 24, 48,  3]
[ 48,381,  1, -1, -1,  2,  0,  1,  3,  0,  0,  6,  1,  3,  2, 12,  3,  3,
   6, 24, 48,  2]
[ 49,381,  2, -1, -1,  1,  2,  1,  3,  0,  0,  6,  1,  3,  2, 12,  3,  3,
   6, 24, 48,  2]
[ 50,384,  3, -1, -1,  2,  1,  3,  3,  0,  0,  6,  1,  3,  2, 12,  3,  3,
   6, 24, 48,  2]
[ 51,390,  1, -1, -1,  3,  2,  1,  6,  0,  0,  6,  1,  3,  2, 12,  3,  3,
   6, 24, 48,  2]
[ 52,393,  1, -1, -1,  1,  3,  3,  6,  0,  0,  6,  1,  3,  2, 12,  3,  3,
   6, 24, 48,  2]
[ 53,396,  2, -1, -1,  1,  1,  6,  6,  0,  0,  6,  1,  3,  2, 12,  3,  3,
   6, 24, 48,  3]
[ 54,408,  3, -1, -1,  2,  0,  0,  6,  1,  1, 12,  1,  0,  2, 12,  3,  6,
   6, 24, 48,  3]
[ 55,441,  2, -1, -1,  3,  0,  0,  6,  2,  0,  0,  1,  1,  3, 24,  3,  6,
   6, 24, 48,  3]
[ 56,525,  2, -1, -1,  2,  0,  0,  6,  3,  0,  0,  1,  3,  3,  0,  3,  6,
   6, 48, 48,  3]
[ 57,528,  2, -1, -1,  2,  0,  0,  6,  2,  0,  0,  1,  6,  3,  0,  3,  6,
   6, 48, 48,  2]
[ 58,771,  1, -1, -1,  2,  2,  0,  6,  0,  2,  0,  1,  0,  6,  3,  3,  0,
   6,  6, 96,  2]
[ 59,783,  3, -1, -1,  0,  2,  2,  6,  1,  0,  2,  1,  0,  0,  6,  6,  0,
   0, 12, 96,  2]
[ 60,798,  1, -1, -1,  0,  2,  2,  6,  3,  1,  0,  3,  0,  0,  0, 12,  0,
   0, 12, 96,  2]
[ 61,798,  3, -1, -1,  0,  2,  2,  6,  1,  3,  1,  3,  0,  0,  0, 12,  0,
   0, 12, 96,  3]
[ 62,801,  3, -1, -1,  0,  0,  3,  6,  0,  2,  2,  3,  1,  3,  1, 12,  0,
   0, 12, 96,  3]
[ 63,807,  3, -1, -1,  0,  0,  3,  6,  0,  0,  3,  3,  0,  2,  3, 12,  1,
   3, 12, 96,  3]
[ 64,813,  3, -1, -1,  0,  0,  3,  6,  0,  0,  3,  3,  0,  2,  6, 12,  1,
   3, 12, 96,  2]
[ 65,819,  2, -1, -1,  0,  0,  3,  6,  3,  0,  0,  6,  0,  2,  6, 12,  1,
   3, 12, 96,  2]
[ 66,819,  2, -1, -1,  0,  0,  3,  6,  2,  3,  0,  6,  0,  2,  6, 12,  1,
   3, 12, 96,  2]
[ 67,819,  3, -1, -1,  0,  0,  3,  6,  2,  2,  3,  6,  0,  2,  6, 12,  1,
   3, 12, 96,  3]
[ 68,834,  2, -1, -1,  0,  0,  3,  0,  0,  2,  6, 12,  2,  2,  6, 12,  1,
   3, 12, 96,  3]
[ 69,873,  1, -1, -1,  0,  0,  0,  2,  0,  2,  3,  0,  0,  2, 12, 24,  3,
   3, 12, 96,  3]
[ 70,900,  2, -1, -1,  0,  0,  1,  0,  0,  2,  0,  2,  0,  2,  3, 24,  3,
   3, 24, 96,  2]
[ 71,903,  1, -1, -1,  0,  0,  0,  1,  0,  0,  2,  2,  0,  2,  3, 24,  2,
   6, 24, 96,  3]
[ 72,906,  1, -1, -1,  0,  0,  0,  1,  0,  0,  2,  3,  0,  2,  3, 24,  2,
   6, 24, 96,  0]
[ 73,906,  3, -1, -1,  0,  0,  1,  0,  0,  2,  3,  1,  2,  3, 24,  0,  2,
   6, 24, 96,  2]
[ 74,909,  6, 12, -1,  0,  0,  0,  1,  0,  2,  3,  1,  3,  2,  3, 24,  2,
   6, 24, 96,  3]
[ 75,921,  1, -1, -1,  0,  0,  6,  1,  0,  2,  0,  1,  3,  2,  6, 24,  2,
   6, 24, 96,  2]
[ 76,921,  1, -1, -1,  0,  0,  6,  1,  1,  0,  2,  1,  3,  2,  6, 24,  2,
   6, 24, 96,  2]
[ 77,924,  1, -1, -1,  0,  0,  6,  1,  1,  1,  0,  3,  3,  2,  6, 24,  2,
   6, 24, 96,  3]
[ 78,927,  3, -1, -1,  0,  0,  1,  1,  1,  0,  6,  3,  3,  3,  6, 24,  2,
   6, 24, 96,  2]
[ 79,933,  3, -1, -1,  0,  0,  1,  1,  3,  1,  6,  3,  0,  6,  6, 24,  2,
   6, 24, 96,  3]
[ 80,954,  2, -1, -1,  0,  3,  0,  1,  0,  0,  1,  3,  3,  1, 12, 24,  2,
  12, 24, 96,  3]
[ 81,954,  3, -1, -1,  0,  2,  0,  1,  0,  3,  1,  3,  3,  1, 12, 24,  2,
  12, 24, 96,  2]
[ 82,957,  2, -1, -1,  3,  0,  2,  1,  0,  3,  1,  3,  3,  1, 12, 24,  2,
  12, 24, 96,  3]
[ 83,960,  1, -1, -1,  0,  0,  2,  1,  3,  3,  3,  3,  3,  1, 12, 24,  2,
  12, 24, 96,  2]
[ 84,966,  1, -1, -1,  0,  0,  0,  3,  1,  3,  3,  6,  3,  1, 12, 24,  2,
  12, 24, 96,  2]
[ 85,969,  2, -1, -1,  0,  0,  0,  3,  1,  1,  6,  6,  3,  1, 12, 24,  2,
  12, 24, 96,  2]
[ 86,978,  3, -1, -1,  0,  0,  0,  3,  2,  1,  1, 12,  3,  1, 12, 24,  2,
  12, 24, 96,  2]
[ 87,984,  2, -1, -1,  0,  0,  0,  3,  3,  3,  1, 12,  3,  1, 12, 24,  2,
  12, 24, 96,  0]
[ 88,987,  3, -1, -1,  0,  0,  3,  2,  6,  1, 12,  0,  3,  1, 12, 24,  2,
  12, 24, 96,  3]
[  89,1017,   3,  -1,  -1,   0,   0,   3,   0,   6,   1,   3,   2,   3,
    1,  24,  24,   2,  12,  24,  96,   3]
[  90,1101,   1,  -1,  -1,   0,   0,   3,   0,   6,   1,   3,   2,   3,
    1,   3,  24,   2,  12,  48,  96,   3]
[  91,1104,   2,  -1,  -1,   0,   0,   1,   0,   6,   1,   3,   2,   3,
    1,   6,  24,   2,  12,  48,  96,   2]
[  92,1104,   3,  -1,  -1,   2,   0,   0,   1,   6,   1,   3,   2,   3,
    1,   6,  24,   2,  12,  48,  96,   2]
[  93,1107,   2,  -1,  -1,   3,   2,   0,   1,   6,   1,   3,   2,   3,
    1,   6,  24,   2,  12,  48,  96,   3]
[  94,1113,   1,  -1,  -1,   3,   2,   0,   0,   6,   3,   3,   3,   3,
    1,   6,  24,   2,  12,  48,  96,   2]
[  95,1116,   3,  -1,  -1,   0,   3,   2,   0,   1,   6,   3,   6,   3,
    1,   6,  24,   2,  12,  48,  96,   2]
[  96,1119,   2,  -1,  -1,   3,   0,   3,   2,   1,   6,   3,   6,   3,
    1,   6,  24,   2,  12,  48,  96,   3]
[  97,1122,   2,  -1,  -1,   3,   0,   2,   2,   1,   6,   6,   6,   3,
    1,   6,  24,   2,  12,  48,  96,   2]
[  98,1131,   1,  -1,  -1,   0,   3,   2,   2,   2,   1,   6,  12,   3,
    1,   6,  24,   2,  12,  48,  96,   3]
[  99,1140,   1,  -1,  -1,   0,   3,   1,   2,   2,   1,   2,  12,   3,
    1,  12,  24,   2,  12,  48,  96,   2]
[ 100,1146,   1,  -1,  -1,   1,   0,   3,   3,   0,   2,   3,  12,   3,
    1,  12,  24,   2,  12,  48,  96,   3]
[ 101,1152,   2,  -1,  -1,   1,   0,   0,   3,   1,   0,   6,  12,   3,
    3,  12,  24,   2,  12,  48,  96,   2]
[ 102,1155,   3,  -1,  -1,   2,   1,   0,   3,   0,   1,   6,  12,   0,
    6,  12,  24,   2,  12,  48,  96,   3]
[ 103,1158,   2,  -1,  -1,   3,   1,   0,   3,   2,   1,   6,  12,   0,
    6,  12,  24,   2,  12,  48,  96,   2]
[ 104,1161,   1,  -1,  -1,   0,   3,   1,   3,   2,   3,   6,  12,   0,
    6,  12,  24,   2,  12,  48,  96,   3]
[ 105,1164,   1,  -1,  -1,   1,   0,   1,   3,   0,   6,   6,  12,   2,
    6,  12,  24,   2,  12,  48,  96,   2]
[ 106,1173,   2,  -1,  -1,   0,   1,   1,   3,   1,   0,  12,  12,   2,
    6,  12,  24,   2,  12,  48,  96,   3]
[ 107,1203,   3,  -1,  -1,   0,   2,   0,   3,   0,   1,   1,  12,   3,
    6,  24,  24,   2,  12,  48,  96,   3]
[ 108,1209,   1,  -1,  -1,   0,   3,   0,   3,   0,   3,   1,  12,   3,
    6,  24,  24,   2,  12,  48,  96,   2]
[ 109,1290,   6,  12,  -1,   1,   0,   3,   3,   0,   3,   1,  12,   0,
    3,   6,  48,   2,  12,  48,  96,   3]
[ 110,1302,   2,  -1,  -1,   0,   6,   3,   3,   1,   0,   1,  12,   0,
    6,   6,  48,   2,  12,  48,  96,   2]
[ 111,1314,   3,  -1,  -1,   2,   0,   6,   6,   0,   1,   1,  12,   0,
    0,  12,  48,   2,  12,  48,  96,   2]
[ 112,1326,   3,  -1,  -1,   3,   2,   0,  12,   0,   1,   1,  12,   0,
    0,  12,  48,   2,  12,  48,  96,   3]
[ 113,1356,   1,  -1,  -1,   3,   0,   0,   0,   3,   2,   1,  24,   0,
    1,  12,  48,   2,  12,  48,  96,   2]
[ 114,1359,   1,  -1,  -1,   0,   3,   0,   0,   1,   3,   3,  24,   0,
    1,  12,  48,   2,  12,  48,  96,   2]
[ 115,1362,   2,  -1,  -1,   0,   0,   3,   0,   1,   1,   6,  24,   0,
    1,  12,  48,   2,  12,  48,  96,   3]
[ 116,1362,   2,  -1,  -1,   2,   0,   3,   0,   0,   1,   6,  24,   1,
    1,  12,  48,   2,  12,  48,  96,   2]
[ 117,1362,   2,  -1,  -1,   2,   2,   0,   3,   0,   1,   6,  24,   1,
    1,  12,  48,   2,  12,  48,  96,   3]
[ 118,1368,   3,  -1,  -1,   0,   2,   0,   3,   2,   3,   6,  24,   0,
    1,  12,  48,   3,  12,  48,  96,   3]
[ 119,1371,   1,  -1,  -1,   3,   2,   0,   3,   0,   3,   6,  24,   2,
    1,  12,  48,   3,  12,  48,  96,   2]
[ 120,1374,   3,  -1,  -1,   0,   3,   2,   3,   0,   3,   6,  24,   1,
    3,  12,  48,   3,  12,  48,  96,   3]
[ 121,1380,   2,  -1,  -1,   0,   3,   2,   3,   0,   3,   6,  24,   1,
    6,  12,  48,   3,  12,  48,  96,   3]
[ 122,1383,   3,  -1,  -1,   0,   2,   2,   3,   0,   6,   6,  24,   1,
    6,  12,  48,   3,  12,  48,  96,   2]
[ 123,1395,   1,  -1,  -1,   0,   2,   2,   3,   3,   0,  12,  24,   1,
    6,  12,  48,   3,  12,  48,  96,   3]
[ 124,1422,   3,  -1,  -1,   0,   0,   1,   3,   3,   2,   2,  24,   1,
    6,  24,  48,   3,  12,  48,  96,   3]
[ 125,1428,   3,  -1,  -1,   0,   0,   3,   3,   3,   2,   3,  24,   1,
    6,  24,  48,   3,  12,  48,  96,   3]
[ 126,1434,   1,  -1,  -1,   0,   0,   3,   3,   3,   2,   6,  24,   1,
    6,  24,  48,   3,  12,  48,  96,   2]
[ 127,1437,   3,  -1,  -1,   1,   0,   0,   6,   3,   2,   6,  24,   1,
    6,  24,  48,   3,  12,  48,  96,   2]
[ 128,1440,   1,  -1,  -1,   3,   1,   0,   6,   3,   2,   6,  24,   1,
    6,  24,  48,   3,  12,  48,  96,   3]
[ 129,1446,   2,  -1,  -1,   1,   0,   0,   6,   6,   3,   6,  24,   1,
    6,  24,  48,   3,  12,  48,  96,   2]
[ 130,1446,   1,  -1,  -1,   2,   1,   0,   6,   6,   3,   6,  24,   1,
    6,  24,  48,   3,  12,  48,  96,   0]
[ 131,1449,   2,  -1,  -1,   3,   0,   6,   1,   6,   3,   6,  24,   1,
    6,  24,  48,   3,  12,  48,  96,   0]
[ 132,1449,   3,  -1,  -1,   3,   6,   1,   2,   6,   3,   6,  24,   1,
    6,  24,  48,   3,  12,  48,  96,   2]
[ 133,1455,   2,  -1,  -1,   3,   3,   6,   3,   6,   3,   6,  24,   1,
    6,  24,  48,   3,  12,  48,  96,   3]
[ 134,1467,   1,  -1,  -1,   3,   0,   2,   3,   6,   6,  12,  24,   1,
    6,  24,  48,   3,  12,  48,  96,   3]
[ 135,1476,   3,  -1,  -1,   3,   1,   2,   3,   6,   0,  12,  24,   1,
   12,  24,  48,   3,  12,  48,  96,   0]
[ 136,1482,   2,  -1,  -1,   3,   3,   3,   0,   6,  12,  24,   3,   1,
   12,  24,  48,   3,  12,  48,  96,   3]
[ 137,1590,   3,  -1,  -1,   3,   2,   0,   0,   6,   3,   3,   3,   1,
   12,  48,  48,   3,  24,  48,  96,   3]
[ 138,1836,   6,  12,  -1,   3,   2,   3,   0,   6,   3,   0,   3,   1,
   12,   3,  48,   3,  24,  96,  96,   2]
[ 139,2592,   2,  -1,  -1,   0,   3,   2,   3,   0,   6,   3,   3,   1,
   12,   3,  48,  12,   3,  24, 192,   3]
[ 140,2598,   1,  -1,  -1,   0,   3,   2,   0,   0,   6,   2,   6,   1,
   12,   6,  48,  12,   3,  24, 192,   0]
[ 141,2598,   3,  -1,  -1,   3,   2,   0,   0,   6,   2,   6,   1,   1,
   12,   6,  48,  12,   3,  24, 192,   2]
[ 142,2601,   1,  -1,  -1,   3,   3,   2,   0,   6,   2,   6,   1,   1,
   12,   6,  48,  12,   3,  24, 192,   0]
[ 143,2604,   2,  -1,  -1,   6,   2,   0,   1,   6,   2,   6,   1,   1,
   12,   6,  48,  12,   3,  24, 192,   3]
[ 144,2622,   1,  -1,  -1,   0,   2,   2,   1,  12,   2,   0,   1,   1,
   12,  12,  48,  12,   3,  24, 192,   2]
[ 145,2652,   2,  -1,  -1,   0,   0,   2,   3,   1,  12,   2,   1,   0,
    1,  24,  48,  12,   3,  24, 192,   2]
[ 146,2655,   2,  -1,  -1,   0,   0,   2,   3,   2,   1,  12,   3,   0,
    1,  24,  48,  12,   3,  24, 192,   3]
[ 147,2739,   3,  -1,  -1,   0,   0,   2,   0,   0,   1,   2,   6,   2,
    1,  12,  48,  12,   3,  48, 192,   2]
[ 148,2748,   3,  -1,  -1,   0,   0,   0,   2,   0,   0,   3,   6,   3,
    3,  12,  48,  12,   3,  48, 192,   2]
[ 149,2754,   1,  -1,  -1,   0,   0,   0,   2,   0,   0,   3,   6,   3,
    6,  12,  48,  12,   3,  48, 192,   0]
[ 150,2754,   2,  -1,  -1,   0,   0,   2,   0,   0,   3,   6,   1,   3,
    6,  12,  48,  12,   3,  48, 192,   2]
[ 151,2754,   1,  -1,  -1,   2,   0,   0,   2,   0,   3,   6,   1,   3,
    6,  12,  48,  12,   3,  48, 192,   3]
[ 152,2757,   1,  -1,  -1,   1,   0,   0,   0,   2,   3,   6,   3,   3,
    6,  12,  48,  12,   3,  48, 192,   3]
[ 153,2760,   1,  -1,  -1,   1,   0,   0,   0,   3,   3,   6,   3,   3,
    6,  12,  48,  12,   3,  48, 192,   2]
[ 154,2763,   3,  -1,  -1,   0,   1,   0,   0,   1,   6,   6,   3,   3,
    6,  12,  48,  12,   3,  48, 192,   3]
[ 155,2775,   3,  -1,  -1,   0,   3,   0,   0,   1,   1,   6,   3,   3,
   12,  12,  48,  12,   3,  48, 192,   2]
[ 156,2805,   3,  -1,  -1,   3,   0,   3,   0,   1,   1,   6,   3,   0,
    3,  24,  48,  12,   3,  48, 192,   3]
[ 157,2811,   3,  -1,  -1,   0,   3,   3,   0,   3,   0,   6,   3,   1,
    1,  24,  48,  12,   6,  48, 192,   2]
[ 158,2814,   2,  -1,  -1,   0,   0,   3,   3,   3,   3,   6,   3,   1,
    1,  24,  48,  12,   6,  48, 192,   2]
[ 159,2820,   1,  -1,  -1,   0,   0,   0,   6,   2,   6,   6,   3,   1,
    1,  24,  48,  12,   6,  48, 192,   2]
[ 160,2829,   2,  -1,  -1,   0,   0,   0,   6,   1,   2,  12,   3,   1,
    1,  24,  48,  12,   6,  48, 192,   3]
[ 161,2832,   2,  -1,  -1,   0,   2,   0,   6,   1,   0,  12,   3,   1,
    3,  24,  48,  12,   6,  48, 192,   3]
[ 162,2832,   1,  -1,  -1,   0,   2,   0,   6,   1,   2,  12,   3,   1,
    3,  24,  48,  12,   6,  48, 192,   2]
[ 163,2835,   2,  -1,  -1,   0,   0,   2,   6,   1,   3,  12,   3,   1,
    3,  24,  48,  12,   6,  48, 192,   3]
[ 164,2838,   1,  -1,  -1,   0,   2,   2,   6,   1,   0,  12,   3,   1,
    6,  24,  48,  12,   6,  48, 192,   3]
[ 165,2847,   2,  -1,  -1,   0,   1,   2,   6,   1,   2,  12,   3,   1,
    0,  24,  48,  12,  12,  48, 192,   2]
[ 166,2880,   3,  -1,  -1,   0,   0,   3,   6,   2,   3,  12,   3,   0,
    1,  24,  48,   0,  24,  48, 192,   3]
[ 167,2883,   3,  -1,  -1,   3,   0,   3,   6,   0,   3,  12,   3,   2,
    1,  24,  48,   0,  24,  48, 192,   2]
[ 168,2889,   2,  -1,  -1,   3,   3,   3,   6,   0,   3,  12,   3,   0,
    3,  24,  48,   0,  24,  48, 192,   2]
[ 169,2892,   1,  -1,  -1,   2,   3,   6,   6,   0,   3,  12,   3,   0,
    3,  24,  48,   0,  24,  48, 192,   3]
[ 170,2895,   1,  -1,  -1,   1,   0,   6,   6,   2,   3,  12,   3,   0,
    6,  24,  48,   0,  24,  48, 192,   3]
[ 171,2895,   2,  -1,  -1,   1,   0,   6,   6,   1,   3,  12,   3,   2,
    6,  24,  48,   0,  24,  48, 192,   2]
[ 172,2904,   3,  -1,  -1,   2,   1,   0,  12,   1,   3,  12,   3,   2,
    6,  24,  48,   0,  24,  48, 192,   2]
[ 173,2907,   3,  -1,  -1,   3,   2,   1,  12,   1,   3,  12,   3,   2,
    6,  24,  48,   0,  24,  48, 192,   2]
[ 174,2913,   2,  -1,  -1,   3,   3,   3,  12,   1,   3,  12,   3,   2,
    6,  24,  48,   0,  24,  48, 192,   3]
[ 175,2916,   1,  -1,  -1,   0,   2,   3,  12,   3,   6,  12,   3,   1,
    6,  24,  48,   2,  24,  48, 192,   3]
[ 176,2928,   3,  -1,  -1,   1,   0,   3,  12,   0,   2,  12,   3,   3,
   12,  24,  48,   3,  24,  48, 192,   2]
[ 177,2931,   6,  12,  24,   3,   1,   3,  12,   0,   2,  12,   3,   3,
   12,  24,  48,   3,  24,  48, 192,   3]
[ 178,2946,   1,  -1,  -1,   6,   0,   3,  12,   3,   3,  12,   3,   0,
   12,  24,  48,   6,  24,  48, 192,   2]
[ 179,2949,   3,  -1,  -1,   0,   6,   3,  12,   1,   6,  12,   3,   0,
   12,  24,  48,   6,  24,  48, 192,   3]
[ 180,2961,   1,  -1,  -1,   3,   0,   3,  12,   0,  12,  12,   3,   1,
   12,  24,  48,   6,  24,  48, 192,   2]
[ 181,2988,   3,  -1,  -1,   1,   3,   3,  12,   0,   0,  24,   3,   1,
   12,  24,  48,   6,  24,  48, 192,   3]
[ 182,3072,   2,  -1,  -1,   3,   0,   0,  12,   1,   3,   3,   3,   1,
   12,  48,  48,   6,  24,  48, 192,   2]
[ 183,3318,   2,  -1,  -1,   0,   3,   0,  12,   0,   1,   3,   6,   2,
    1,  12,  96,   6,  24,  48, 192,   2]
[ 184,3321,   2,  -1,  -1,   0,   0,   3,  12,   0,   1,   3,   6,   2,
    3,  12,  96,   6,  24,  48, 192,   3]
[ 185,3324,   3,  -1,  -1,   0,   0,   2,  12,   0,   1,   6,   6,   2,
    3,  12,  96,   6,  24,  48, 192,   2]
[ 186,3336,   1,  -1,  -1,   0,   0,   2,  12,   3,   0,   1,  12,   2,
    3,  12,  96,   6,  24,  48, 192,   3]
[ 187,3366,   1,  -1,  -1,   0,   0,   0,   1,   3,   0,   3,  24,   2,
    3,  12,  96,   6,  24,  48, 192,   2]
[ 188,3366,   1,  -1,  -1,   0,   0,   0,   1,   1,   3,   3,  24,   2,
    3,  12,  96,   6,  24,  48, 192,   3]
[ 189,3372,   6,  12,  24,   1,   0,   0,   1,   0,   0,   3,  24,   3,
    6,  12,  96,   6,  24,  48, 192,   2]
[ 190,3399,   3,  -1,  -1,  12,   1,   0,   1,   0,   0,   3,  24,   3,
    6,  12,  96,   6,  24,  48, 192,   0]
[ 191,3402,   2,  -1,  -1,  12,   1,   1,   0,   0,   3,  24,   3,   3,
    6,  12,  96,   6,  24,  48, 192,   0]
[ 192,3402,   3,  -1,  -1,  12,   1,   1,   0,   3,  24,   3,   2,   3,
    6,  12,  96,   6,  24,  48, 192,   3]
[ 193,3408,   2,  -1,  -1,   3,   1,   1,   0,  12,  24,   3,   2,   6,
    6,  12,  96,   6,  24,  48, 192,   3]
[ 194,3417,   2,  -1,  -1,   2,   1,   1,   0,   3,  24,   3,   2,  12,
    6,  12,  96,  12,  24,  48, 192,   3]
[ 195,3444,   1,  -1,  -1,   2,   1,   1,   0,   2,  24,   3,   2,   3,
    6,  12,  96,  24,  24,  48, 192,   2]
[ 196,3525,   3,  -1,  -1,   0,   2,   1,   1,   2,  24,   3,   2,   3,
    6,  12,  96,   1,  48,  48, 192,   2]
[ 197,3774,   1,  -1,  -1,   0,   0,   3,   1,   2,  24,   3,   2,   3,
    6,  12,  96,   3,   1,  96, 192,   3]
[ 198,3783,   2,  -1,  -1,   0,   0,   1,   0,   0,  24,   6,   3,   2,
    6,  12,  96,   6,   1,  96, 192,   0]
[ 199,3783,   3,  -1,  -1,   0,   1,   0,   2,  24,   6,   3,   0,   2,
    6,  12,  96,   6,   1,  96, 192,   3]
[ 200,3795,   1,  -1,  -1,   0,   3,   0,   0,  24,   1,   3,   2,   2,
   12,  12,  96,   6,   1,  96, 192,   2]
[ 201,3822,   3,  -1,  -1,   0,   0,   3,   0,  24,   1,   3,   2,   1,
    2,  24,  96,   6,   1,  96, 192,   3]
[ 202,3831,   3,  -1,  -1,   0,   3,   0,   0,  24,   0,   6,   2,   1,
    1,  24,  96,   6,   3,  96, 192,   0]
[ 203,3834,   3,  -1,  -1,   3,   0,   0,   0,  24,   6,   2,   3,   1,
    1,  24,  96,   6,   3,  96, 192,   2]
[ 204,3837,   1,  -1,  -1,   3,   3,   0,   0,  24,   6,   2,   3,   1,
    1,  24,  96,   6,   3,  96, 192,   0]
[ 205,3840,   1,  -1,  -1,   6,   0,   0,   1,  24,   6,   2,   3,   1,
    1,  24,  96,   6,   3,  96, 192,   0]
[ 206,3840,   2,  -1,  -1,   6,   0,   1,   1,  24,   6,   2,   3,   1,
    1,  24,  96,   6,   3,  96, 192,   3]
[ 207,3843,   2,  -1,  -1,   6,   0,   2,   1,  24,   6,   3,   3,   1,
    1,  24,  96,   6,   3,  96, 192,   2]
[ 208,3849,   2,  -1,  -1,   2,   6,   0,   3,   0,  24,   6,   6,   1,
    1,  24,  96,   6,   3,  96, 192,   2]
[ 209,3858,   1,  -1,  -1,   0,   2,   6,   3,   2,   0,  24,  12,   1,
    1,  24,  96,   6,   3,  96, 192,   3]
[ 210,3942,   3,  -1,  -1,   1,   0,   0,   3,   0,   2,   6,  12,   3,
    1,  48,  96,   6,   3,  96, 192,   3]
[ 211,3948,   2,  -1,  -1,   0,   3,   0,   3,   1,   0,   6,  12,   3,
    3,  48,  96,   6,   3,  96, 192,   3]
[ 212,3951,   2,  -1,  -1,   0,   2,   0,   3,   1,   3,   6,  12,   3,
    0,  48,  96,   6,   6,  96, 192,   2]
[ 213,3960,   2,  -1,  -1,   2,   0,   2,   3,   1,   3,   6,  12,   0,
    3,  48,  96,   0,  12,  96, 192,   3]
[ 214,3963,   3,  -1,  -1,   0,   2,   2,   3,   2,   0,   6,  12,   1,
    6,  48,  96,   0,  12,  96, 192,   3]
[ 215,3966,   1,  -1,  -1,   0,   3,   2,   3,   0,   2,   6,  12,   2,
    6,  48,  96,   1,  12,  96, 192,   3]
[ 216,3969,   1,  -1,  -1,   1,   3,   2,   3,   0,   2,   6,  12,   0,
    6,  48,  96,   3,  12,  96, 192,   3]
[ 217,3969,   3,  -1,  -1,   1,   3,   2,   3,   1,   2,   6,  12,   0,
    6,  48,  96,   3,  12,  96, 192,   2]
[ 218,3975,   1,  -1,  -1,   1,   3,   2,   3,   3,   3,   6,  12,   0,
    6,  48,  96,   3,  12,  96, 192,   3]
[ 219,3978,   2,  -1,  -1,   0,   1,   2,   3,   1,   6,   6,  12,   3,
    6,  48,  96,   3,  12,  96, 192,   2]
[ 220,3990,   2,  -1,  -1,   2,   0,   3,   3,   0,   1,  12,  12,   3,
    6,  48,  96,   3,  12,  96, 192,   2]
[ 221,4020,   3,  -1,  -1,   2,   2,   0,   6,   0,   0,   1,  24,   3,
    6,  48,  96,   3,  12,  96, 192,   3]
[ 222,4026,   1,  -1,  -1,   0,   3,   0,   6,   2,   2,   1,  24,   0,
    6,  48,  96,   6,  12,  96, 192,   2]
[ 223,4029,   3,  -1,  -1,   1,   0,   3,   6,   0,   2,   3,  24,   0,
    6,  48,  96,   6,  12,  96, 192,   3]
[ 224,4035,   2,  -1,  -1,   3,   0,   0,   6,   1,   2,   6,  24,   0,
    6,  48,  96,   6,  12,  96, 192,   2]
[ 225,4038,   3,  -1,  -1,   0,   3,   0,   6,   2,   3,   6,  24,   0,
    6,  48,  96,   6,  12,  96, 192,   3]
[ 226,4044,   3,  -1,  -1,   0,   3,   0,   6,   0,   6,   6,  24,   2,
    6,  48,  96,   6,  12,  96, 192,   3]
[ 227,4056,   2,  -1,  -1,   0,   3,   0,   6,   0,   3,   6,  24,   2,
   12,  48,  96,   6,  12,  96, 192,   3]
[ 228,4083,   2,  -1,  -1,   0,   2,   0,   6,   0,   3,   6,  24,   2,
    3,  48,  96,   6,  24,  96, 192,   3]
[ 229,4086,   3,  -1,  -1,   0,   2,   0,   6,   0,   2,   6,  24,   2,
    6,  48,  96,   6,  24,  96, 192,   0]
[ 230,4089,   1,  -1,  -1,   2,   0,   6,   0,   2,   6,  24,   3,   2,
    6,  48,  96,   6,  24,  96, 192,   3]
[ 231,4098,   1,  -1,  -1,   2,   1,   6,   0,   2,   0,  24,   3,   2,
   12,  48,  96,   6,  24,  96, 192,   3]
[ 232,4098,   2,  -1,  -1,   2,   1,   6,   0,   2,   1,  24,   3,   2,
   12,  48,  96,   6,  24,  96, 192,   2]
[ 233,4101,   6,  12,  24,   2,   2,   1,   6,   0,   3,  24,   3,   2,
   12,  48,  96,   6,  24,  96, 192,   0]
[ 234,4185,   1,  -1,  -1,   2,   3,   6,  24,   3,  24,   3,   0,   2,
   12,  48,  96,   6,  24,  96, 192,   2]
[ 235,4185,   3,  -1,  -1,   2,   3,   6,  24,   1,   3,  24,   3,   2,
   12,  48,  96,   6,  24,  96, 192,   3]
[ 236,4194,   1,  -1,  -1,   3,   0,   6,  24,   2,   6,  24,   3,   3,
   12,  48,  96,   6,  24,  96, 192,   2]
[ 237,4194,   3,  -1,  -1,   1,   3,   6,  24,   2,   6,  24,   3,   3,
   12,  48,  96,   6,  24,  96, 192,   3]
[ 238,4200,   6,  12,  24,   3,   3,   6,  24,   3,   6,  24,   3,   3,
   12,  48,  96,   6,  24,  96, 192,   1]
[ 239,4212,   1,  -1,  -1,   6,   3,   6,  24,   3,   6,  24,   3,   6,
   12,  48,  96,   6,  24,  96, 192,   1]
[ 240,4221,   3,  -1,  -1,   6,   3,   6,  24,   3,   6,  24,   3,  12,
   12,  48,  96,   1,  24,  96, 192,   2]
[ 241,4251,   3,  -1,  -1,   6,   3,   6,  24,   3,   6,  24,   3,   3,
   24,  48,  96,   1,  24,  96, 192,   1]
[ 242,4338,   1,  -1,  -1,   6,   3,   6,  24,   6,   6,  24,   3,   1,
   48,  48,  96,   3,   0,  96, 192,   2]
[ 243,4590,   2,  -1,  -1,   6,   3,   6,  24,   0,  12,  24,   3,   1,
    1,  96,  96,   0,   3,  96, 192,   2]
[ 244,5319,   1,  -1,  -1,   6,   3,   6,  24,   0,  12,  24,   3,   2,
    1,   1, 192,   0,   3,  96, 192,   3]
[ 245,7506,   2,  -1,  -1,   0,   3,   6,   1,   6,  12,  24,  24,   0,
    1,   1,   3,   2,   3,  96, 384,   2]
[ 246,7587,   3,  -1,  -1,   0,   3,   6,   1,   2,   6,  12,  48,   0,
    1,   1,   3,   2,   3,  96, 384,   3]
[ 247,7590,   2,  -1,  -1,   3,   3,   6,   1,   0,   6,  12,  48,   2,
    1,   1,   3,   2,   3,  96, 384,   2]
[ 248,7596,   1,  -1,  -1,   0,   6,   6,   1,   0,   6,  12,  48,   2,
    3,   1,   3,   2,   3,  96, 384,   3]
[ 249,7599,   2,  -1,  -1,   0,   1,   6,   1,   0,   6,  12,  48,   2,
    6,   1,   3,   2,   6,  96, 384,   3]
[ 250,7608,   3,  -1,  -1,   0,   2,   6,   1,   0,   1,  12,  48,   2,
    6,   1,   3,   2,  12,  96, 384,   3]
[ 251,7614,   3,  -1,  -1,   0,   3,   6,   1,   0,   3,  12,  48,   2,
    6,   1,   3,   2,  12,  96, 384,   3]
[ 252,7620,   3,  -1,  -1,   0,   3,   6,   1,   0,   6,  12,  48,   2,
    6,   1,   3,   2,  12,  96, 384,   3]
[ 253,7632,   1,  -1,  -1,   0,   3,   6,   1,   0,   3,  12,  48,   2,
   12,   1,   3,   2,  12,  96, 384,   3]
[ 254,7659,   3,  -1,  -1,   0,   1,   6,   1,   0,   3,  12,  48,   2,
    3,   1,   3,   2,  24,  96, 384,   3]
[ 255,7665,   2,  -1,  -1,   0,   3,   6,   1,   0,   1,  12,  48,   2,
    6,   1,   3,   2,  24,  96, 384,   0]
[ 256,7665,   2,  -1,  -1,   3,   6,   1,   2,   1,  12,  48,   0,   2,
    6,   1,   3,   2,  24,  96, 384,   2]
[ 257,7668,   1,  -1,  -1,   2,   3,   6,   3,   0,   1,  12,  48,   2,
    6,   1,   3,   2,  24,  96, 384,   1]
[ 258,7668,   1,  -1,  -1,   2,   3,   6,   3,   2,   1,  12,  48,   2,
    6,   1,   3,   1,  24,  96, 384,   2]
[ 259,7671,   2,  -1,  -1,   2,   3,   6,   3,   1,   3,  12,  48,   2,
    6,   1,   3,   1,  24,  96, 384,   3]
[ 260,7677,   2,  -1,  -1,   2,   0,   6,   3,   2,   6,  12,  48,   1,
    6,   1,   3,   3,  24,  96, 384,   3]
[ 261,7689,   1,  -1,  -1,   0,   2,   6,   3,   2,   0,  12,  48,   3,
   12,   1,   3,   3,  24,  96, 384,   3]
[ 262,7692,   1,  -1,  -1,   1,   0,   6,   3,   0,   2,  12,  48,   2,
   12,   1,   3,   6,  24,  96, 384,   3]
[ 263,7692,   2,  -1,  -1,   1,   0,   6,   3,   1,   2,  12,  48,   2,
   12,   1,   3,   6,  24,  96, 384,   3]
[ 264,7695,   1,  -1,  -1,   2,   0,   6,   3,   1,   2,  12,  48,   3,
   12,   1,   3,   6,  24,  96, 384,   3]
[ 265,7698,   6,  12,  24,   1,   0,   6,   3,   3,   2,  12,  48,   3,
   12,   1,   3,   6,  24,  96, 384,   1]
[ 266,7710,   3,  -1,  -1,   1,   2,   6,   3,   6,  12,  12,  48,   6,
   24,   1,   3,   0,   6,  96, 384,   2]
[ 267,7743,   2,  -1,  -1,   0,   3,   6,   3,   3,   6,  24,  48,   6,
   24,   1,   3,   0,   6,  96, 384,   3]
[ 268,7743,   1,  -1,  -1,   2,   3,   6,   3,   0,   6,  24,  48,   3,
   24,   1,   3,   6,   6,  96, 384,   2]
[ 269,7752,   3,  -1,  -1,   2,   3,   6,   3,   0,   6,  24,  48,   3,
   24,   1,   3,   1,  12,  96, 384,   3]
[ 270,7755,   2,  -1,  -1,   3,   3,   6,   3,   2,   6,  24,  48,   3,
   24,   1,   3,   1,  12,  96, 384,   2]
[ 271,7758,   3,  -1,  -1,   2,   6,   6,   3,   2,   6,  24,  48,   3,
   24,   1,   3,   1,  12,  96, 384,   1]
[ 272,7770,   1,  -1,  -1,   2,  12,   6,   3,   2,  24,  24,  48,   3,
   12,   1,   3,   1,   3,  96, 384,   2]
[ 273,7851,   2,  -1,  -1,   2,  12,   6,   3,   1,   2,  48,  48,   3,
   12,   1,   3,   1,   3,  96, 384,   2]
[ 274,8094,   3,  -1,  -1,   2,  12,   6,   3,   2,   1,   2,  96,   3,
   12,   1,   3,   1,   3,  96, 384,   3]
[ 275,8100,   1,  -1,  -1,   2,  12,   3,   3,   2,   1,   6,  96,   3,
   12,   3,   3,   1,   3,  96, 384,   2]
[ 276,8109,   3,  -1,  -1,   0,   2,  12,   6,   1,   3,   6,  96,   0,
    3,  12,   6,   1,   3,  96, 384,   3]
[ 277,8115,   3,  -1,  -1,   3,   0,  12,   6,   0,   2,   6,  96,   1,
    3,  12,   6,   1,   6,  96, 384,   2]
[ 278,8118,   3,  -1,  -1,   3,   3,  12,   6,   0,   2,   6,  96,   1,
    3,  12,   6,   1,   6,  96, 384,   1]
[ 279,8121,   1,  -1,  -1,   3,   3,  12,   6,   1,   2,   6,  96,   1,
    3,  12,   6,   3,   6,  96, 384,   2]
[ 280,8127,   1,  -1,  -1,   0,   6,  12,   6,   1,   3,   6,  96,   1,
    3,  12,   6,   3,   6,  96, 384,   3]
[ 281,8130,   2,  -1,  -1,   0,   1,  12,   6,   1,   6,   6,  96,   1,
    6,  12,   6,   3,   6,  96, 384,   2]
[ 282,8139,   2,  -1,  -1,   0,   1,  12,   6,   2,   1,  12,  96,   1,
    6,  12,   6,   3,   6,  96, 384,   3]
[ 283,8178,   3,  -1,  -1,   0,   2,   0,   6,   0,   1,  12,  96,   3,
    1,  24,   6,   3,  12,  96, 384,   3]
[ 284,8187,   1,  -1,  -1,   0,   3,   0,   6,   0,   3,  12,  96,   0,
    1,  24,   6,   6,  12,  96, 384,   3]
[ 285,8190,   2,  -1,  -1,   0,   1,   0,   6,   0,   6,  12,  96,   0,
    1,  24,   6,   6,  12,  96, 384,   2]
[ 286,8190,   2,  -1,  -1,   2,   0,   1,   6,   0,   6,  12,  96,   0,
    1,  24,   6,   6,  12,  96, 384,   2]
[ 287,8190,   2,  -1,  -1,   2,   2,   1,   6,   0,   6,  12,  96,   0,
    1,  24,   6,   6,  12,  96, 384,   3]
[ 288,8190,  12,  24,  48,   2,   2,   1,   6,   2,   6,  12,  96,   0,
    1,  24,   6,   6,  12,  96, 384,   2]
[ 289,8436,   1,  -1,  -1,  48,   2,   3,   6,   2,   6,  12,  96,   0,
    1,  24,   6,   6,  12,  96, 384,   3]
[ 290,8436,   1,  -1,  -1,   1,   2,   3,   6,  48,   6,  12,  96,   2,
    1,  24,   6,   6,  12,  96, 384,   2]
[ 291,8442,   1,  -1,  -1,   0,   3,   3,   6,  48,   6,  12,  96,   1,
    3,  24,   6,   6,  12,  96, 384,   2]
[ 292,8445,   3,  -1,  -1,   1,   0,   6,   6,  48,   6,  12,  96,   1,
    3,  24,   6,   6,  12,  96, 384,   2]
[ 293,8457,  12,  24,  48,   3,   1,   0,  12,  48,   6,  12,  96,   1,
    3,  24,   6,   6,  12,  96, 384,   0]
[ 294,8538,   3,  -1,  -1,   3,   1,  12,  24,  48,   6,  12,  96,   1,
    3,  24,   6,   6,  12,  96, 384,   3]
[ 295,8568,   2,  -1,  -1,   3,   1,   3,  24,  48,   6,  24,  96,   1,
    3,  24,   6,   6,  12,  96, 384,   3]
[ 296,8649,   1,  -1,  -1,   3,   1,   2,  24,  48,   6,   3,  96,   1,
    3,  48,   6,   6,  12,  96, 384,   2]
[ 297,8652,   3,  -1,  -1,   1,   3,   3,  24,  48,   6,   3,  96,   1,
    3,  48,   6,   6,  12,  96, 384,   3]
[ 298,8658,   3,  -1,  -1,   1,   3,   3,  24,  48,   6,   6,  96,   1,
    3,  48,   6,   6,  12,  96, 384,   0]
[ 299,8673,   2,  -1,  -1,   1,   6,  24,   3,  48,  12,  96,   0,   1,
    3,  48,   6,   6,  12,  96, 384,   2]
[ 300,8673,   2,  -1,  -1,   1,   6,  24,   3,   2,  48,  12,  96,   1,
    3,  48,   6,   6,  12,  96, 384,   3]
[ 301,8676,   6,  12,  24,   2,   6,  24,   3,   1,  48,  12,  96,   3,
    3,  48,   6,   6,  12,  96, 384,   2]
[ 302,8760,   1,  -1,  -1,   2,   6,  24,   3,   1,  48,  12,  96,  24,
    6,  48,   6,   6,  12,  96, 384,   1]
[ 303,8763,   3,  -1,  -1,   3,   6,  24,   3,  24,  48,  12,  96,   6,
    6,  48,   6,   1,  12,  96, 384,   0]
[ 304,8775,   1,  -1,  -1,   3,   6,  24,   3,  24,  48,  12,  96,  12,
   48,   6,   3,   1,  12,  96, 384,   1]
[ 305,9018,   2,  -1,  -1,   3,   6,  24,   3,  24,  96,  12,  96,  12,
   12,   6,   3,   1,   1,  96, 384,   2]
[ 306,9045,   3,  -1,  -1,   3,   6,  24,   3,  24,  96,  12,  96,   2,
   24,   6,   3,   1,   1,  96, 384,   3]
[ 307,9051,   3,  -1,  -1,   3,   6,  24,   3,   3,  96,  12,  96,  24,
   24,   6,   3,   3,   1,  96, 384,   2]
[ 308,9135,   2,  -1,  -1,   3,   6,  24,   3,   3,  96,  12,  96,   3,
   48,   6,   3,   3,   1,  96, 384,   1]
[ 309,9138,   1,  -1,  -1,   6,   6,  24,   3,   3,  96,  12,  96,   3,
   48,   6,   3,   2,   1,  96, 384,   2]
[ 310,9150,   2,  -1,  -1,   0,  12,  24,   3,   3,  96,  12,  96,   3,
   48,   6,   3,   1,   3,  96, 384,   1]
[ 311,9150,   3,  -1,  -1,   3,  12,  24,   3,   3,  96,  12,  96,   1,
   48,   6,   3,   2,   3,  96, 384,   3]
[ 312,9156,   1,  -1,  -1,   3,  12,  24,   3,   3,  96,  12,  96,   3,
   48,   6,   3,   3,   3,  96, 384,   2]
[ 313,9159,   2,  -1,  -1,   3,  12,  24,   3,   3,  96,  12,  96,   3,
   48,   6,   3,   1,   6,  96, 384,   1]
[ 314,9162,   2,  -1,  -1,   6,  12,  24,   3,   3,  96,  12,  96,   1,
   48,   6,   3,   2,   6,  96, 384,   1]
[ 315,9165,   3,  -1,  -1,   6,  12,  24,   3,   3,  96,  12,  96,   3,
   48,   6,   3,   2,   6,  96, 384,   1]
[ 316,9171,   2,  -1,  -1,   6,  12,  24,   3,   6,  96,  12,  96,   2,
   48,   6,   3,   3,   6,  96, 384,   1]
[ 317,9180,   1,  -1,  -1,  12,  12,  24,   3,   2,  96,  12,  96,   3,
   48,   6,   3,   2,   6,  96, 384,   2]
[ 318,9207,   6,  12,  24,   1,  24,  24,   3,   2,  96,  12,  96,   3,
   48,   6,   3,   2,   6,  96, 384,   1]
[ 319,9291,   2,  -1,  -1,   3,  24,  24,   3,   3,  96,  12,  96,   2,
   48,   6,   3,  24,   6,  96, 384,   0]
[ 320,9372,   3,  -1,  -1,   3,  48,   3,   2,   3,  96,  12,  96,   2,
   48,   6,   3,  24,   6,  96, 384,   1]
