[0,0,3,0,2,0,0,1,2,1,1,0,0,0,1,1,1,1,0]
[1,3,0,2,1,0,1,2,0,1,1,0,0,1,1,1,0,1,0]
[2,3,2,1,0,1,2,0,1,1,1,0,0,1,1,1,0,2,0]
[3,3,3,0,0,3,0,1,2,1,1,0,0,1,1,1,0,1,0]
[4,6,0,0,0,3,1,2,1,1,1,0,0,1,1,1,0,3,0]
[5,6,0,0,0,3,3,1,3,1,1,0,0,1,1,1,0,2,0]
[6,6,0,0,0,6,1,3,2,1,1,0,0,1,1,1,0,3,0]
[ 7,12, 1, 3, 2, 1, 1, 0, 0, 1, 1, 1, 0, 0, 3, 0, 0, 1, 0]
[ 8,12, 1, 3, 2, 1, 1, 0, 0, 1, 1, 1, 0, 3, 0, 0, 1, 3, 0]
[ 9,12, 1, 3, 2, 1, 1, 1, 0, 1, 1, 0, 1, 3, 0, 3, 0, 3, 0]
[10,12, 1, 3, 2, 1, 1, 1, 0, 1, 1, 1, 0, 3, 3, 0, 3, 2, 0]
[11,12, 1, 3, 2, 1, 1, 1, 0, 1, 1, 1, 3, 3, 3, 0, 2, 2, 0]
[12,12, 1, 3, 2, 1, 1, 1, 0, 1, 1, 1, 3, 6, 0, 2, 2, 1, 0]
[13,12, 1, 3, 2, 1, 1, 1, 0, 1, 1, 1, 3, 6, 2, 2, 1, 2, 0]
[14,12, 1, 3, 2, 1, 1, 1, 0, 1, 1, 1, 3, 6, 2, 3, 2, 3, 0]
[15,12, 1, 3, 2, 1, 1, 1, 3, 1, 3, 1, 2, 6, 0, 3, 3, 1, 0]
[16,12, 1, 3, 2, 1, 1, 1, 3, 1, 3, 3, 1, 6, 3, 3, 0, 2, 0]
[17,12, 1, 3, 2, 1, 1, 1, 3, 1, 6, 6, 1, 6, 0, 2, 0, 3, 0]
[18,12, 1, 3, 2, 1, 1, 1, 3, 1,12, 1, 0, 6, 2, 0, 3, 2, 0]
[19,12, 1, 3, 2, 1, 1, 1, 3, 1,12, 1, 0, 6, 2, 3, 2, 2, 0]
[20,12, 1, 3, 2, 1, 1, 1, 3, 1,12, 1, 2, 6, 2, 3, 2, 1, 0]
[21,12, 1, 3, 2, 1, 1, 1, 3, 1,12, 3, 1, 6, 2, 3, 2, 1, 0]
[22,12, 1, 3, 2, 1, 1, 1, 3, 1,12, 6, 3, 6, 2, 0, 1, 3, 0]
[23,12, 1, 3, 2, 1, 1, 1, 6, 1,12, 6, 1, 6, 2, 0, 3, 3, 0]
