1515863234
[ 0,12, 2,-1,-1, 3, 3, 1, 0, 0, 0, 0, 0, 3, 0, 2, 1, 3, 0, 1, 2, 3]
[ 1,21, 1,-1,-1, 0, 0, 0, 2, 3, 3, 1, 0, 0, 0, 0, 0, 6, 0, 3, 3, 2]
[ 2,24, 2,-1,-1, 0, 0, 0, 2, 1, 3, 3, 1, 0, 0, 0, 0, 0, 6, 0, 6, 3]
[ 3,24, 3,-1,-1, 0, 2, 0, 0, 0, 0, 0, 2, 1, 3, 3, 1, 0, 6, 0, 6, 3]
[ 4,30, 3,-1,-1, 3, 0, 0, 0, 0, 2, 0, 0, 0, 3, 0, 3, 1, 6, 3, 6, 2]
[ 5,33, 3,-1,-1, 0, 3, 0, 0, 0, 0, 2, 0, 3, 0, 3, 3, 1, 6, 3, 6, 3]
[ 6,39, 1,-1,-1, 0, 3, 0, 0, 0, 3, 0, 0, 3, 0, 2, 3, 1, 6, 6, 6, 2]
[ 7,48, 1,-1,-1, 0, 0, 3, 0, 0, 0, 3, 0, 1, 3, 2, 3, 0, 1, 6,12, 2]
[ 8,48, 2,-1,-1, 1, 0, 0, 3, 0, 0, 0, 3, 1, 3, 2, 3, 0, 1, 6,12, 3]
[ 9,51, 1,-1,-1, 0, 0, 0, 2, 1, 0, 0, 3, 0, 3, 2, 6, 1, 1, 6,12, 0]
[10,51, 2,-1,-1, 0, 0, 2, 0, 1, 0, 3, 1, 3, 2, 6, 0, 1, 1, 6,12, 3]
[11,63, 3,-1,-1, 0, 0, 2, 0, 1, 0, 2, 0, 3, 0, 3, 1, 1, 3,12,12, 2]
[12,93, 1,-1,-1, 3, 0, 0, 2, 0, 1, 0, 2, 0, 3, 3, 1, 0, 1, 3,24, 3]
[13,99, 2,-1,-1, 0, 0, 1, 0, 3, 1, 0, 2, 0, 3, 0, 3, 0, 1, 6,24, 2]
[14,99, 2,-1,-1, 0, 0, 0, 1, 2, 3, 1, 2, 0, 0, 3, 3, 0, 1, 6,24, 2]
[ 15,105,  1, -1, -1,  0,  0,  0,  1,  0,  2,  3,  3,  2,  0,  0,  6,  0,
   1,  6, 24,  3]
[ 16,105,  1, -1, -1,  1,  0,  0,  1,  0,  0,  0,  3,  0,  2,  3,  6,  2,
   1,  6, 24,  3]
[ 17,108,  1, -1, -1,  0,  1,  0,  1,  1,  0,  0,  3,  0,  0,  3,  6,  2,
   3,  6, 24,  3]
[ 18,108,  3, -1, -1,  1,  0,  0,  1,  0,  1,  0,  3,  1,  0,  3,  6,  2,
   3,  6, 24,  3]
[ 19,114,  2, -1, -1,  0,  3,  0,  1,  1,  0,  0,  3,  0,  1,  3,  6,  3,
   3,  6, 24,  2]
[ 20,117,  3, -1, -1,  2,  0,  3,  1,  0,  1,  0,  3,  0,  1,  3,  6,  0,
   6,  6, 24,  3]
[ 21,120,  2, -1, -1,  3,  0,  0,  1,  2,  1,  3,  3,  0,  1,  3,  6,  0,
   6,  6, 24,  3]
[ 22,123,  2, -1, -1,  0,  0,  2,  1,  3,  1,  0,  3,  2,  1,  6,  6,  0,
   6,  6, 24,  2]
[ 23,144,  3, -1, -1,  0,  0,  0,  3,  0,  3,  1,  3,  2,  2,  1, 12,  0,
   0, 12, 24,  2]
[ 24,150,  3, -1, -1,  0,  0,  0,  3,  0,  3,  1,  3,  3,  2,  3, 12,  0,
   0, 12, 24,  3]
[ 25,156,  2, -1, -1,  3,  0,  0,  0,  0,  0,  1,  6,  0,  3,  3, 12,  3,
   2, 12, 24,  2]
[ 26,159,  1, -1, -1,  0,  3,  0,  0,  0,  0,  1,  6,  2,  0,  6, 12,  3,
   2, 12, 24,  2]
[ 27,159,  3, -1, -1,  1,  0,  3,  0,  0,  0,  1,  6,  0,  2,  6, 12,  3,
   2, 12, 24,  3]
[ 28,162,  2, -1, -1,  3,  0,  3,  0,  1,  0,  1,  6,  0,  2,  6, 12,  3,
   2, 12, 24,  3]
[ 29,162,  2, -1, -1,  2,  0,  3,  0,  3,  0,  1,  6,  1,  2,  6, 12,  3,
   2, 12, 24,  2]
[ 30,165,  1, -1, -1,  2,  2,  0,  3,  0,  3,  1,  6,  0,  3,  6, 12,  3,
   2, 12, 24,  3]
[ 31,168,  1, -1, -1,  0,  1,  0,  3,  2,  2,  1,  6,  0,  6,  6, 12,  3,
   2, 12, 24,  2]
[ 32,180,  3, -1, -1,  1,  0,  1,  3,  0,  2,  3,  6,  0,  0, 12, 12,  3,
   2, 12, 24,  3]
[ 33,210,  2, -1, -1,  0,  3,  0,  3,  1,  0,  1,  6,  0,  2,  3, 12,  3,
   2, 24, 24,  2]
[ 34,291,  3, -1, -1,  0,  0,  3,  3,  0,  1,  1,  6,  0,  2,  3, 12,  2,
   3,  2, 48,  3]
[ 35,297,  3, -1, -1,  0,  3,  3,  3,  0,  0,  1,  6,  0,  3,  3, 12,  2,
   3,  2, 48,  2]
[ 36,306,  1, -1, -1,  0,  0,  3,  6,  0,  0,  1,  6,  3,  0,  6, 12,  2,
   3,  2, 48,  2]
[ 37,306,  2, -1, -1,  0,  0,  3,  6,  0,  0,  1,  6,  1,  3,  6, 12,  2,
   3,  2, 48,  3]
[ 38,321,  1, -1, -1,  0,  2,  3,  0,  0,  0,  1, 12,  0,  0,  6, 12,  3,
   6,  2, 48,  0]
[ 39,321,  1, -1, -1,  2,  3,  0,  0,  0,  1, 12,  1,  0,  6, 12,  0,  3,
   6,  2, 48,  3]
[ 40,357,  2, -1, -1,  1,  0,  0,  0,  2,  3,  0,  0,  0,  1, 24,  1,  3,
  12,  2, 48,  2]
[ 41,357,  3, -1, -1,  0,  1,  0,  0,  2,  2,  3,  0,  0,  1, 24,  1,  3,
  12,  2, 48,  3]
[ 42,363,  2, -1, -1,  0,  3,  0,  0,  0,  1,  3,  0,  2,  3, 24,  1,  3,
  12,  2, 48,  0]
[ 43,363,  2, -1, -1,  3,  0,  0,  0,  1,  3,  0,  2,  2,  3, 24,  1,  3,
  12,  2, 48,  3]
[ 44,372,  3, -1, -1,  0,  2,  0,  0,  3,  0,  0,  0,  3,  6, 24,  3,  3,
  12,  2, 48,  2]
[ 45,375,  1, -1, -1,  0,  0,  2,  0,  3,  3,  0,  0,  3,  6, 24,  3,  3,
  12,  2, 48,  2]
[ 46,375,  3, -1, -1,  1,  0,  0,  2,  0,  3,  3,  0,  3,  6, 24,  3,  3,
  12,  2, 48,  2]
[ 47,378,  2, -1, -1,  0,  1,  0,  2,  3,  0,  3,  3,  3,  6, 24,  3,  3,
  12,  2, 48,  3]
[ 48,384,  1, -1, -1,  0,  0,  0,  2,  0,  1,  3,  2,  3,  6, 24,  6,  6,
  12,  2, 48,  0]
[ 49,384,  3, -1, -1,  0,  0,  2,  0,  1,  3,  2,  1,  3,  6, 24,  6,  6,
  12,  2, 48,  2]
[ 50,390,  1, -1, -1,  3,  0,  0,  2,  0,  1,  3,  3,  3,  6, 24,  6,  6,
  12,  2, 48,  2]
[ 51,393,  1, -1, -1,  0,  3,  0,  2,  1,  0,  1,  6,  3,  6, 24,  6,  6,
  12,  2, 48,  3]
[ 52,402,  2, -1, -1,  0,  0,  0,  1,  1,  3,  1,  2,  3,  6, 24, 12,  6,
  12,  2, 48,  3]
[ 53,405,  2, -1, -1,  0,  0,  0,  2,  1,  3,  1,  3,  3,  6, 24, 12,  6,
  12,  2, 48,  0]
[ 54,405,  1, -1, -1,  0,  0,  2,  2,  1,  3,  1,  3,  3,  6, 24, 12,  6,
  12,  2, 48,  3]
[ 55,408,  2, -1, -1,  0,  0,  1,  2,  1,  3,  3,  3,  3,  6, 24, 12,  6,
  12,  2, 48,  2]
[ 56,414,  3, -1, -1,  0,  0,  0,  3,  2,  1,  3,  6,  3,  6, 24, 12,  6,
  12,  2, 48,  2]
[ 57,420,  1, -1, -1,  0,  0,  0,  3,  3,  3,  3,  6,  3,  6, 24, 12,  6,
  12,  2, 48,  2]
[ 58,423,  3, -1, -1,  0,  0,  0,  3,  1,  3,  6,  6,  3,  6, 24, 12,  6,
  12,  2, 48,  2]
[ 59,435,  3, -1, -1,  0,  0,  0,  3,  3,  1,  3, 12,  3,  6, 24, 12,  6,
  12,  2, 48,  3]
[ 60,468,  3, -1, -1,  0,  0,  0,  3,  0,  1,  3,  3,  6,  6, 24, 24,  6,
  12,  2, 48,  2]
[ 61,555,  1, -1, -1,  0,  0,  0,  3,  3,  0,  1,  6,  0,  6,  6, 48,  6,
  12,  2, 48,  2]
[ 62,564,  2, -1, -1,  0,  0,  0,  3,  0,  3,  1,  6,  1,  0, 12, 48,  6,
  12,  2, 48,  3]
[ 63,807,  2, -1, -1,  0,  2,  0,  0,  0,  0,  1,  3,  1,  3, 12,  6,  6,
  12,  2, 96,  3]
[ 64,807,  3, -1, -1,  0,  2,  0,  0,  0,  2,  1,  3,  1,  3, 12,  6,  6,
  12,  2, 96,  2]
[ 65,813,  1, -1, -1,  0,  0,  2,  0,  3,  0,  3,  3,  1,  3, 12,  6,  6,
  12,  2, 96,  2]
[ 66,816,  3, -1, -1,  1,  0,  0,  2,  0,  3,  0,  6,  1,  3, 12,  6,  6,
  12,  2, 96,  3]
[ 67,831,  2, -1, -1,  0,  0,  0,  3,  1,  0,  0,  2,  1,  6, 12, 12,  6,
  12,  2, 96,  2]
[ 68,858,  3, -1, -1,  0,  0,  0,  3,  0,  1,  0,  2,  2,  1,  6, 24,  6,
  12,  2, 96,  2]
[ 69,864,  2, -1, -1,  0,  0,  0,  3,  0,  0,  1,  2,  3,  3,  6, 24,  6,
  12,  2, 96,  2]
[ 70,870,  1, -1, -1,  0,  0,  0,  3,  0,  0,  0,  3,  2,  6,  6, 24,  6,
  12,  2, 96,  2]
[ 71,879,  1, -1, -1,  0,  0,  0,  3,  0,  0,  0,  3,  1,  2, 12, 24,  6,
  12,  2, 96,  2]
[ 72,882,  3, -1, -1,  0,  0,  0,  3,  0,  0,  0,  3,  1,  3, 12, 24,  6,
  12,  2, 96,  0]
[ 73,885,  1, -1, -1,  0,  0,  3,  0,  0,  0,  3,  3,  1,  3, 12, 24,  6,
  12,  2, 96,  0]
[ 74,885,  2, -1, -1,  0,  3,  0,  0,  0,  3,  3,  1,  1,  3, 12, 24,  6,
  12,  2, 96,  3]
[ 75,888,  2, -1, -1,  0,  2,  0,  0,  0,  3,  3,  1,  1,  6, 12, 24,  6,
  12,  2, 96,  2]
[ 76,891,  3, -1, -1,  0,  0,  2,  0,  2,  0,  6,  1,  1,  6, 12, 24,  6,
  12,  2, 96,  3]
[ 77,897,  6, 12, -1,  3,  0,  2,  0,  0,  0,  6,  1,  3,  6, 12, 24,  6,
  12,  2, 96,  2]
[ 78,906,  1, -1, -1,  6,  3,  0,  2,  0,  0,  6,  1,  3,  6, 12, 24,  6,
  12,  2, 96,  3]
[ 79,909,  3, -1, -1,  0,  1,  0,  0,  6,  3,  6,  3,  3,  6, 12, 24,  6,
  12,  2, 96,  2]
[ 80,912,  3, -1, -1,  3,  0,  1,  0,  6,  3,  6,  3,  3,  6, 12, 24,  6,
  12,  2, 96,  2]
[ 81,915,  1, -1, -1,  3,  3,  0,  1,  6,  3,  6,  3,  3,  6, 12, 24,  6,
  12,  2, 96,  3]
[ 82,918,  6, 12, -1,  3,  1,  0,  1,  6,  6,  6,  3,  3,  6, 12, 24,  6,
  12,  2, 96,  2]
[ 83,936,  3, -1, -1,  0,  3,  1,  1,  6,  6, 12,  3,  3,  6, 12, 24,  6,
  12,  2, 96,  3]
[ 84,975,  2, -1, -1,  0,  0,  3,  1,  6,  3,  1,  3,  3, 12, 24, 24,  6,
  12,  2, 96,  2]
[  85,1056,   2,  -1,  -1,   0,   0,   3,   1,   6,   3,   1,   3,   2,
    3,  12,  48,   6,  12,   2,  96,   3]
[  86,1059,   2,  -1,  -1,   0,   2,   3,   1,   6,   0,   1,   3,   2,
    6,  12,  48,   6,  12,   2,  96,   2]
[  87,1059,   1,  -1,  -1,   0,   2,   3,   1,   2,   6,   1,   3,   2,
    6,  12,  48,   6,  12,   2,  96,   3]
[  88,1068,   1,  -1,  -1,   0,   1,   3,   1,   2,   2,   1,   3,   2,
   12,  12,  48,   6,  12,   2,  96,   2]
[  89,1098,   3,  -1,  -1,   0,   1,   3,   1,   1,   2,   3,   3,   0,
    2,  24,  48,   6,  12,   2,  96,   3]
[  90,1107,   3,  -1,  -1,   0,   3,   0,   1,   0,   3,   6,   3,   1,
    2,  24,  48,   6,  12,   2,  96,   2]
[  91,1113,   2,  -1,  -1,   0,   0,   3,   1,   0,   3,   6,   3,   3,
    3,  24,  48,   6,  12,   2,  96,   3]
[  92,1116,   1,  -1,  -1,   0,   2,   3,   1,   0,   0,   6,   3,   3,
    6,  24,  48,   6,  12,   2,  96,   0]
[  93,1116,   2,  -1,  -1,   2,   3,   1,   0,   0,   6,   3,   1,   3,
    6,  24,  48,   6,  12,   2,  96,   3]
[  94,1125,   1,  -1,  -1,   2,   0,   1,   0,   2,   3,   3,   1,   3,
   12,  24,  48,   6,  12,   2,  96,   3]
[  95,1152,   2,  -1,  -1,   2,   1,   1,   0,   2,   0,   3,   1,   3,
    3,  24,  48,   6,  24,   2,  96,   2]
[  96,1155,   2,  -1,  -1,   2,   2,   1,   1,   0,   2,   3,   1,   0,
    6,  24,  48,   6,  24,   2,  96,   2]
[  97,1158,   3,  -1,  -1,   2,   2,   3,   1,   0,   2,   3,   1,   0,
    6,  24,  48,   6,  24,   2,  96,   3]
[  98,1164,   1,  -1,  -1,   3,   2,   0,   1,   2,   2,   6,   1,   0,
    6,  24,  48,   6,  24,   2,  96,   2]
[  99,1164,   3,  -1,  -1,   1,   3,   2,   1,   2,   2,   6,   1,   0,
    6,  24,  48,   6,  24,   2,  96,   2]
[ 100,1170,   6,  12,  -1,   3,   1,   3,   3,   2,   2,   6,   1,   0,
    6,  24,  48,   6,  24,   2,  96,   3]
[ 101,1200,   1,  -1,  -1,  12,   0,   3,   3,   3,   3,   6,   1,   2,
    6,  24,  48,   6,  24,   2,  96,   2]
[ 102,1206,   2,  -1,  -1,   1,  12,   0,   6,   0,   6,   6,   1,   2,
    6,  24,  48,   6,  24,   2,  96,   3]
[ 103,1215,   2,  -1,  -1,   2,   0,   0,   6,   1,  12,   6,   1,   2,
   12,  24,  48,   6,  24,   2,  96,   3]
[ 104,1245,   3,  -1,  -1,   0,   2,   0,   6,   2,   0,   6,   1,   3,
   24,  24,  48,   6,  24,   2,  96,   2]
[ 105,1329,   2,  -1,  -1,   3,   0,   2,   6,   0,   2,   6,   1,   0,
    3,  48,  48,   6,  24,   2,  96,   2]
[ 106,1572,   1,  -1,  -1,   2,   3,   2,   6,   0,   2,   6,   1,   0,
    0,   3,  96,   6,  24,   2,  96,   3]
[ 107,2301,   2,  -1,  -1,   0,   0,   2,   1,   2,   3,   6,   6,   0,
    2,   3,   1,   6,  24,   2, 192,   0]
[ 108,2310,   1,  -1,  -1,   0,   2,   1,   2,   2,   3,  12,   0,   2,
    3,   1,   0,   6,  24,   2, 192,   3]
[ 109,2316,   1,  -1,  -1,   0,   0,   1,   0,   2,   2,   1,   2,   2,
    6,  12,   0,   6,  24,   3, 192,   2]
[ 110,2319,   1,  -1,  -1,   1,   0,   0,   1,   0,   2,   2,   3,   0,
    2,   6,  12,   6,  24,   3, 192,   3]
[ 111,2319,   3,  -1,  -1,   1,   0,   0,   1,   1,   2,   2,   3,   0,
    2,   6,  12,   6,  24,   3, 192,   3]
[ 112,2322,   3,  -1,  -1,   3,   0,   0,   1,   1,   2,   2,   3,   1,
    2,   6,  12,   6,  24,   3, 192,   2]
[ 113,2331,   3,  -1,  -1,   0,   3,   0,   1,   0,   3,   2,   3,   3,
    3,   6,  12,   6,  24,   3, 192,   3]
[ 114,2337,   1,  -1,  -1,   0,   3,   0,   1,   0,   3,   2,   3,   3,
    6,   6,  12,   6,  24,   3, 192,   2]
[ 115,2346,   2,  -1,  -1,   0,   0,   3,   1,   0,   3,   2,   3,   1,
    3,  12,  12,   6,  24,   3, 192,   2]
[ 116,2373,   2,  -1,  -1,   0,   0,   3,   1,   0,   3,   2,   3,   2,
    1,   3,  24,   6,  24,   3, 192,   3]
[ 117,2376,   3,  -1,  -1,   0,   0,   2,   1,   0,   3,   3,   3,   2,
    1,   2,  24,   6,  24,   6, 192,   2]
[ 118,2388,   2,  -1,  -1,   0,   0,   0,   3,   3,   0,   3,   6,   0,
    2,   3,  24,   6,  24,   6, 192,   3]
[ 119,2391,   1,  -1,  -1,   0,   0,   2,   3,   0,   0,   0,   6,   3,
    2,   6,  24,   6,  24,   6, 192,   3]
[ 120,2400,   1,  -1,  -1,   0,   0,   1,   3,   0,   0,   2,   6,   3,
    2,   0,  24,   6,  24,  12, 192,   3]
[ 121,2400,   3,  -1,  -1,   0,   0,   1,   3,   0,   0,   1,   6,   3,
    2,   2,  24,   6,  24,  12, 192,   3]
[ 122,2406,   2,  -1,  -1,   0,   0,   3,   3,   0,   0,   1,   6,   3,
    2,   3,  24,   6,  24,  12, 192,   0]
[ 123,2406,   3,  -1,  -1,   0,   3,   3,   0,   0,   1,   6,   2,   3,
    2,   3,  24,   6,  24,  12, 192,   3]
[ 124,2412,   3,  -1,  -1,   0,   3,   3,   0,   0,   3,   6,   2,   3,
    3,   3,  24,   6,  24,  12, 192,   2]
[ 125,2418,   1,  -1,  -1,   3,   0,   3,   3,   0,   3,   6,   2,   0,
    3,   6,  24,   6,  24,  12, 192,   3]
[ 126,2430,   2,  -1,  -1,   0,   1,   0,   3,   3,   0,   3,   2,   0,
    6,  12,  24,   6,  24,  12, 192,   3]
[ 127,2457,   3,  -1,  -1,   2,   0,   0,   3,   0,   1,   0,   2,   3,
    6,   3,  24,   6,  24,  24, 192,   0]
[ 128,2541,   3,  -1,  -1,   2,   0,   3,   3,   1,   0,   2,   0,   3,
    6,   3,  24,   6,  48, 192,   0,   2]
[ 129,2547,   3,  -1,  -1,   3,   2,   0,   6,   0,   1,   0,   2,   3,
    6,   3,  24,   0,   6,  48, 192,   3]
[ 130,2559,   1,  -1,  -1,   3,   0,   0,   6,   3,   2,   0,   2,   0,
    1,   3,  24,   3,  12,  48, 192,   3]
[ 131,2562,   3,  -1,  -1,   1,   0,   0,   6,   3,   0,   0,   2,   3,
    3,   3,  24,   3,  12,  48, 192,   3]
[ 132,2568,   1,  -1,  -1,   3,   0,   0,   6,   1,   0,   0,   2,   3,
    3,   3,  24,   6,  12,  48, 192,   2]
[ 133,2571,   1,  -1,  -1,   1,   3,   0,   6,   0,   1,   0,   2,   0,
    3,   6,  24,   6,  12,  48, 192,   2]
[ 134,2571,   2,  -1,  -1,   0,   1,   3,   6,   1,   0,   1,   2,   0,
    3,   6,  24,   6,  12,  48, 192,   2]
[ 135,2574,   2,  -1,  -1,   0,   1,   3,   6,   2,   1,   0,   3,   0,
    3,   6,  24,   6,  12,  48, 192,   2]
[ 136,2574,   2,  -1,  -1,   0,   1,   3,   6,   2,   2,   1,   3,   0,
    3,   6,  24,   6,  12,  48, 192,   2]
[ 137,2577,   1,  -1,  -1,   0,   1,   3,   6,   2,   2,   3,   3,   0,
    3,   6,  24,   6,  12,  48, 192,   3]
[ 138,2583,   2,  -1,  -1,   1,   0,   0,   6,   0,   3,   6,   3,   2,
    3,   6,  24,   6,  12,  48, 192,   3]
[ 139,2595,   1,  -1,  -1,   0,   2,   0,   6,   1,   0,   0,   3,   2,
    6,  12,  24,   6,  12,  48, 192,   3]
[ 140,2598,   2,  -1,  -1,   1,   0,   0,   6,   0,   2,   0,   3,   3,
    6,  12,  24,   6,  12,  48, 192,   3]
[ 141,2598,   2,  -1,  -1,   2,   0,   0,   6,   1,   2,   0,   3,   3,
    6,  12,  24,   6,  12,  48, 192,   0]
[ 142,2601,   1,  -1,  -1,   2,   0,   6,   2,   3,   0,   3,   0,   3,
    6,  12,  24,   6,  12,  48, 192,   3]
[ 143,2604,   2,  -1,  -1,   0,   0,   6,   1,   2,   0,   3,   2,   6,
    6,  12,  24,   6,  12,  48, 192,   2]
[ 144,2613,   3,  -1,  -1,   0,   0,   6,   1,   0,   2,   3,   2,   2,
   12,  12,  24,   6,  12,  48, 192,   2]
[ 145,2643,   3,  -1,  -1,   0,   0,   6,   1,   0,   2,   3,   2,   3,
    2,  24,  24,   6,  12,  48, 192,   2]
[ 146,2727,   1,  -1,  -1,   0,   0,   6,   1,   0,   2,   3,   2,   3,
    3,   2,  48,   6,  12,  48, 192,   0]
[ 147,2730,   3,  -1,  -1,   0,   6,   1,   0,   2,   3,   2,   1,   6,
    2,  48,   0,   6,  12,  48, 192,   3]
[ 148,2985,   3,  -1,  -1,   3,   6,   0,   0,   0,   3,   1,   0,   2,
    2,   2,   1,  12,  12,  96, 192,   2]
[ 149,3018,   1,  -1,  -1,   0,   3,   6,   0,   3,   0,   3,   1,   0,
    2,   2,   3,   0,  24,  96, 192,   3]
[ 150,3018,   3,  -1,  -1,   1,   0,   6,   0,   0,   3,   3,   1,   3,
    2,   2,   3,   0,  24,  96, 192,   2]
[ 151,3024,   1,  -1,  -1,   3,   1,   0,   6,   0,   0,   6,   1,   3,
    2,   2,   3,   0,  24,  96, 192,   3]
[ 152,3024,   1,  -1,  -1,   1,   0,   0,   6,   3,   1,   6,   1,   0,
    2,   2,   3,   3,  24,  96, 192,   3]
[ 153,3027,   2,  -1,  -1,   1,   0,   0,   6,   1,   0,   6,   1,   3,
    3,   2,   3,   3,  24,  96, 192,   3]
[ 154,3030,   2,  -1,  -1,   2,   0,   0,   6,   1,   0,   6,   1,   1,
    3,   2,   3,   6,  24,  96, 192,   2]
[ 155,3030,   2,  -1,  -1,   2,   2,   0,   6,   0,   1,   6,   1,   1,
    3,   2,   3,   6,  24,  96, 192,   3]
[ 156,3033,   3,  -1,  -1,   0,   2,   0,   6,   2,   3,   6,   1,   1,
    3,   2,   3,   6,  24,  96, 192,   3]
[ 157,3042,   1,  -1,  -1,   3,   0,   0,   6,   0,   2,   6,   1,   3,
    6,   2,   3,   6,  24,  96, 192,   3]
[ 158,3042,   1,  -1,  -1,   1,   0,   0,   6,   3,   2,   6,   1,   3,
    6,   2,   3,   6,  24,  96, 192,   3]
[ 159,3045,   2,  -1,  -1,   1,   0,   0,   6,   1,   2,   6,   1,   6,
    6,   2,   3,   6,  24,  96, 192,   3]
[ 160,3054,   3,  -1,  -1,   2,   0,   0,   6,   1,   2,   6,   1,   1,
    6,   2,   3,  12,  24,  96, 192,   2]
[ 161,3060,   3,  -1,  -1,   3,   2,   0,   6,   0,   3,   6,   1,   1,
    6,   2,   3,  12,  24,  96, 192,   3]
[ 162,3063,   1,  -1,  -1,   3,   2,   0,   6,   3,   3,   6,   1,   1,
    6,   2,   3,  12,  24,  96, 192,   2]
[ 163,3066,   1,  -1,  -1,   1,   3,   2,   6,   0,   6,   6,   1,   1,
    6,   2,   3,  12,  24,  96, 192,   0]
[ 164,3066,   2,  -1,  -1,   1,   3,   2,   6,   6,   6,   1,   1,   1,
    6,   2,   3,  12,  24,  96, 192,   3]
[ 165,3078,   2,  -1,  -1,   1,   0,   2,   6,   6,   3,   2,   1,   1,
   12,   3,   3,  12,  24,  96, 192,   2]
[ 166,3084,   3,  -1,  -1,   0,   1,   2,   6,   0,   6,   3,   3,   2,
    1,  12,   6,  12,  24,  96, 192,   2]
[ 167,3096,   2,  -1,  -1,   3,   0,   3,   6,   0,   0,   6,   6,   0,
    3,  12,   6,  12,  24,  96, 192,   3]
[ 168,3105,   1,  -1,  -1,   2,   0,   3,   0,   3,   0,   6,   6,   0,
    3,  12,  12,  12,  24,  96, 192,   2]
[ 169,3141,   3,  -1,  -1,   0,   2,   0,   3,   0,   3,   0,  12,   1,
    0,   3,  24,  12,  24,  96, 192,   3]
[ 170,3144,   2,  -1,  -1,   0,   3,   0,   3,   0,   2,   0,  12,   1,
    3,   3,  24,  12,  24,  96, 192,   0]
[ 171,3147,   3,  -1,  -1,   3,   0,   3,   0,   2,   0,  12,   2,   1,
    6,  24,   0,  12,  24,  96, 192,   3]
[ 172,3153,   1,  -1,  -1,   3,   0,   3,   0,   3,   0,  12,   0,   3,
    6,  24,   2,  12,  24,  96, 192,   3]
[ 173,3156,   3,  -1,  -1,   1,   0,   3,   0,   3,   0,  12,   0,   6,
    6,  24,   2,  12,  24,  96, 192,   0]
[ 174,3168,   1,  -1,  -1,   1,   3,   0,   0,   3,  12,   0,   0,  12,
   24,   2,   3,  12,  24,  96, 192,   3]
[ 175,3276,   1,  -1,  -1,   0,   1,   0,   0,   1,   3,   0,   0,   3,
   12,   2,   3,  24,  48,  96, 192,   2]
[ 176,3276,   3,  -1,  -1,   0,   0,   1,   0,   1,   1,   3,   0,   3,
   12,   2,   3,  24,  48,  96, 192,   2]
[ 177,3279,   3,  -1,  -1,   0,   0,   0,   1,   3,   1,   1,   3,   3,
   12,   2,   3,  24,  48,  96, 192,   3]
[ 178,3291,   2,  -1,  -1,   0,   0,   3,   0,   0,   1,   0,   1,   6,
   12,   3,   6,  24,  48,  96, 192,   3]
[ 179,3291,   2,  -1,  -1,   0,   0,   2,   0,   0,   1,   3,   1,   6,
   12,   3,   6,  24,  48,  96, 192,   3]
[ 180,3294,   2,  -1,  -1,   0,   0,   2,   0,   0,   1,   2,   1,   6,
   12,   6,   6,  24,  48,  96, 192,   2]
[ 181,3306,   3,  -1,  -1,   0,   0,   0,   2,   2,   0,   1,   3,   0,
    6,  12,  12,  24,  48,  96, 192,   2]
[ 182,3336,   2,  -1,  -1,   0,   0,   0,   2,   3,   2,   1,   3,   0,
    0,   6,  24,  24,  48,  96, 192,   2]
[ 183,3339,   1,  -1,  -1,   0,   0,   0,   2,   2,   3,   3,   3,   0,
    0,   6,  24,  24,  48,  96, 192,   2]
[ 184,3342,   6,  12,  24,   0,   0,   0,   2,   1,   2,   3,   6,   0,
    0,   6,  24,  24,  48,  96, 192,   2]
[ 185,3426,   6,  12,  24,   0,   0,   0,   2,  24,   3,   3,   6,   0,
    0,   6,  24,  24,  48,  96, 192,   3]
[ 186,3507,   3,  -1,  -1,  24,   0,   0,   2,   0,   0,   3,   6,  24,
    3,   6,  24,  24,  48,  96, 192,   3]
[ 187,3591,   1,  -1,  -1,   3,   0,   0,   2,  24,   0,   3,   6,   0,
    3,   6,  24,  48,  48,  96, 192,   3]
[ 188,3591,   2,  -1,  -1,   1,   0,   0,   2,   3,   0,   3,   6,  24,
    3,   6,  24,  48,  48,  96, 192,   2]
[ 189,3834,   2,  -1,  -1,   2,   1,   0,   2,   0,   3,   3,   6,  24,
    3,   6,  24,   0,  96,  96, 192,   3]
[ 190,3837,   1,  -1,  -1,   2,   0,   0,   2,   2,   1,   3,   6,   0,
    6,   6,  24,  24,  96,  96, 192,   2]
[ 191,4578,   1,  -1,  -1,   0,   2,   0,   2,   1,   3,   3,   6,   0,
    0,  12,  24,   0,  24, 192, 192,   2]
[ 192,6768,   2,  -1,  -1,   0,   0,   2,   2,   0,   1,   6,   6,   0,
    0,  12,  24,   1,   0,  24, 384,   3]
[ 193,6768,   1,  -1,  -1,   0,   2,   2,   2,   0,   0,   6,   6,   0,
    1,  12,  24,   1,   0,  24, 384,   3]
[ 194,6768,   1,  -1,  -1,   0,   1,   2,   2,   0,   2,   6,   6,   0,
    0,  12,  24,   1,   1,  24, 384,   3]
[ 195,6768,   3,  -1,  -1,   0,   1,   2,   2,   0,   1,   6,   6,   0,
    2,  12,  24,   1,   1,  24, 384,   3]
[ 196,6774,   3,  -1,  -1,   0,   3,   2,   2,   0,   1,   6,   6,   0,
    1,  12,  24,   1,   3,  24, 384,   2]
[ 197,6786,   3,  -1,  -1,   0,   3,   2,   2,   3,   0,   1,  12,   0,
    1,  12,  24,   1,   3,  24, 384,   3]
[ 198,6792,   2,  -1,  -1,   0,   3,   0,   2,   0,   3,   3,  12,   3,
    1,  12,  24,   1,   3,  24, 384,   2]
[ 199,6795,   3,  -1,  -1,   0,   0,   3,   2,   2,   0,   6,  12,   3,
    1,  12,  24,   1,   3,  24, 384,   0]
[ 200,6798,   2,  -1,  -1,   0,   3,   2,   3,   2,   6,  12,   0,   3,
    1,  12,  24,   1,   3,  24, 384,   3]
[ 201,6825,   3,  -1,  -1,   0,   3,   2,   0,   2,   6,   2,   3,   3,
    1,  24,  24,   1,   3,  24, 384,   3]
[ 202,6909,   2,  -1,  -1,   0,   3,   3,   0,   2,   6,   2,   3,   3,
    1,   2,  24,   1,   3,  48, 384,   2]
[ 203,6912,   3,  -1,  -1,   0,   0,   3,   3,   2,   6,   2,   3,   2,
    3,   3,  24,   1,   3,  48, 384,   3]
[ 204,6924,   1,  -1,  -1,   0,   0,   3,   3,   0,   0,   2,   6,   2,
    6,   3,  24,   3,   6,  48, 384,   2]
[ 205,6927,   2,  -1,  -1,   1,   0,   0,   6,   0,   0,   2,   6,   2,
    6,   3,  24,   3,   6,  48, 384,   3]
[ 206,6945,   3,  -1,  -1,   0,   0,   0,   2,   1,   0,   2,  12,   2,
    0,   3,  24,   3,  12,  48, 384,   3]
[ 207,6951,   1,  -1,  -1,   3,   0,   0,   2,   0,   0,   2,  12,   3,
    0,   3,  24,   3,  12,  48, 384,   3]
[ 208,6954,   1,  -1,  -1,   1,   0,   0,   2,   3,   0,   2,  12,   0,
    0,   3,  24,   6,  12,  48, 384,   3]
[ 209,6954,   3,  -1,  -1,   1,   0,   0,   2,   1,   0,   2,  12,   3,
    0,   3,  24,   6,  12,  48, 384,   2]
[ 210,6957,   1,  -1,  -1,   0,   1,   0,   2,   3,   1,   2,  12,   0,
    3,   3,  24,   6,  12,  48, 384,   2]
[ 211,6963,   2,  -1,  -1,   0,   0,   1,   2,   0,   3,   3,  12,   1,
    0,   6,  24,   6,  12,  48, 384,   2]
[ 212,6969,   2,  -1,  -1,   2,   0,   0,   3,   0,   0,   6,  12,   0,
    1,   6,  24,   6,  12,  48, 384,   3]
[ 213,6978,   1,  -1,  -1,   0,   0,   2,   3,   2,   0,   0,  12,   0,
    1,  12,  24,   6,  12,  48, 384,   3]
[ 214,6978,   2,  -1,  -1,   0,   0,   1,   3,   0,   0,   2,  12,   2,
    1,  12,  24,   6,  12,  48, 384,   2]
[ 215,6981,   1,  -1,  -1,   0,   0,   1,   3,   0,   0,   2,  12,   2,
    3,  12,  24,   6,  12,  48, 384,   3]
[ 216,6984,   3,  -1,  -1,   0,   0,   1,   3,   0,   0,   3,  12,   2,
    3,  12,  24,   6,  12,  48, 384,   0]
[ 217,6987,   2,  -1,  -1,   0,   1,   3,   3,   0,   3,  12,   0,   2,
    3,  12,  24,   6,  12,  48, 384,   3]
[ 218,7017,   1,  -1,  -1,   0,   0,   2,   0,   0,   1,   3,   3,   2,
    6,  24,  24,   6,  12,  48, 384,   0]
[ 219,7098,   3,  -1,  -1,   0,   2,   0,   1,   1,   3,   3,   0,   2,
    6,  48,   0,   6,  12,  48, 384,   3]
[ 220,7347,   2,  -1,  -1,   0,   2,   3,   0,   0,   3,   0,   1,   3,
    6,   3,   0,   6,  12,  96, 384,   0]
[ 221,7347,   3,  -1,  -1,   2,   3,   0,   2,   3,   0,   1,   0,   3,
    6,   3,   0,   6,  12,  96, 384,   3]
[ 222,7353,   3,  -1,  -1,   3,   0,   0,   0,   2,   3,   1,   2,   6,
    6,   3,   0,   6,  12,  96, 384,   2]
[ 223,7359,   1,  -1,  -1,   3,   3,   0,   0,   0,   2,   3,   3,   0,
    6,   6,   3,   6,  12,  96, 384,   3]
[ 224,7362,   1,  -1,  -1,   1,   3,   0,   0,   3,   2,   3,   0,   0,
    6,   6,   6,   6,  12,  96, 384,   2]
[ 225,7371,   2,  -1,  -1,   1,   1,   3,   0,   0,   3,   2,   3,   0,
    0,   6,  12,   6,  12,  96, 384,   3]
[ 226,7371,   3,  -1,  -1,   2,   0,   3,   0,   1,   1,   2,   3,   0,
    3,   6,  12,   6,  12,  96, 384,   2]
[ 227,7377,   1,  -1,  -1,   0,   2,   0,   3,   3,   1,   3,   3,   0,
    3,   6,  12,   6,  12,  96, 384,   3]
[ 228,7383,   2,  -1,  -1,   0,   0,   0,   1,   0,   3,   3,   6,   3,
    3,   6,  12,   6,  12,  96, 384,   2]
[ 229,7389,   2,  -1,  -1,   0,   0,   0,   1,   2,   0,   6,   6,   0,
    6,   6,  12,   6,  12,  96, 384,   2]
[ 230,7407,   3,  -1,  -1,   0,   0,   0,   1,   2,   2,   0,  12,   0,
    0,  12,  12,   6,  12,  96, 384,   2]
[ 231,7437,   1,  -1,  -1,   0,   0,   0,   1,   0,   2,   2,  12,   3,
    0,   0,  24,   6,  12,  96, 384,   2]
[ 232,7437,   1,  -1,  -1,   0,   0,   0,   1,   0,   2,   2,  12,   1,
    3,   0,  24,   6,  12,  96, 384,   2]
[ 233,7437,   3,  -1,  -1,   0,   0,   0,   1,   0,   2,   2,  12,   1,
    1,   3,  24,   6,  12,  96, 384,   3]
[ 234,7443,   3,  -1,  -1,   0,   3,   0,   1,   0,   0,   2,  12,   1,
    3,   3,  24,   6,  12,  96, 384,   2]
[ 235,7449,   2,  -1,  -1,   3,   0,   3,   1,   0,   0,   2,  12,   0,
    1,   6,  24,   6,  12,  96, 384,   3]
[ 236,7449,   1,  -1,  -1,   2,   0,   3,   1,   3,   0,   2,  12,   0,
    1,   6,  24,   6,  12,  96, 384,   3]
[ 237,7449,   1,  -1,  -1,   1,   0,   3,   1,   2,   0,   2,  12,   3,
    1,   6,  24,   6,  12,  96, 384,   2]
[ 238,7449,   2,  -1,  -1,   0,   1,   3,   1,   1,   2,   2,  12,   3,
    1,   6,  24,   6,  12,  96, 384,   3]
[ 239,7452,   3,  -1,  -1,   0,   2,   3,   1,   1,   1,   2,  12,   3,
    3,   6,  24,   6,  12,  96, 384,   2]
[ 240,7461,   2,  -1,  -1,   0,   2,   3,   1,   0,   1,   3,  12,   3,
    6,   6,  24,   6,  12,  96, 384,   3]
[ 241,7467,   1,  -1,  -1,   0,   2,   0,   1,   0,   3,   6,  12,   3,
    6,   6,  24,   6,  12,  96, 384,   3]
[ 242,7476,   2,  -1,  -1,   0,   2,   1,   1,   0,   3,   0,  12,   3,
    6,  12,  24,   6,  12,  96, 384,   0]
[ 243,7476,   1,  -1,  -1,   2,   1,   1,   0,   3,   0,  12,   2,   3,
    6,  12,  24,   6,  12,  96, 384,   3]
[ 244,7506,   2,  -1,  -1,   0,   1,   0,   0,   2,   1,   1,   2,   6,
    6,  24,  24,   6,  12,  96, 384,   2]
[ 245,7590,   3,  -1,  -1,   2,   0,   1,   0,   0,   2,   1,   3,   0,
    6,   6,  48,   6,  12,  96, 384,   2]
[ 246,7605,   3,  -1,  -1,   0,   2,   0,   1,   3,   0,   3,   3,   0,
    0,  12,  48,   6,  12,  96, 384,   2]
[ 247,7611,   3,  -1,  -1,   3,   0,   2,   1,   0,   3,   0,   6,   0,
    0,  12,  48,   6,  12,  96, 384,   2]
[ 248,7617,   3,  -1,  -1,   3,   3,   0,   3,   0,   0,   3,   6,   0,
    0,  12,  48,   6,  12,  96, 384,   3]
[ 249,7620,   2,  -1,  -1,   3,   0,   0,   3,   3,   3,   3,   6,   0,
    0,  12,  48,   6,  12,  96, 384,   2]
[ 250,7623,   2,  -1,  -1,   2,   3,   0,   3,   0,   3,   6,   6,   0,
    0,  12,  48,   6,  12,  96, 384,   2]
[ 251,7632,   2,  -1,  -1,   0,   2,   3,   3,   2,   0,   3,  12,   0,
    0,  12,  48,   6,  12,  96, 384,   3]
[ 252,7635,   3,  -1,  -1,   0,   2,   0,   3,   0,   2,   6,  12,   2,
    0,  12,  48,   6,  12,  96, 384,   2]
[ 253,7638,   3,  -1,  -1,   3,   0,   2,   3,   0,   2,   6,  12,   0,
    2,  12,  48,   6,  12,  96, 384,   3]
[ 254,7641,   2,  -1,  -1,   3,   0,   2,   3,   3,   2,   6,  12,   0,
    2,  12,  48,   6,  12,  96, 384,   3]
[ 255,7641,   3,  -1,  -1,   2,   0,   2,   3,   3,   2,   6,  12,   3,
    2,  12,  48,   6,  12,  96, 384,   3]
[ 256,7647,   1,  -1,  -1,   3,   0,   2,   3,   2,   2,   6,  12,   6,
    2,  12,  48,   6,  12,  96, 384,   3]
[ 257,7656,   1,  -1,  -1,   1,   0,   2,   3,   3,   2,   6,  12,   2,
    2,  12,  48,  12,  12,  96, 384,   2]
[ 258,7683,   1,  -1,  -1,   0,   1,   2,   3,   3,   2,   6,  12,   2,
    2,  12,  48,   1,  24,  96, 384,   3]
[ 259,7689,   1,  -1,  -1,   1,   0,   2,   3,   0,   3,   6,  12,   3,
    2,  12,  48,   3,  24,  96, 384,   2]
[ 260,7689,   2,  -1,  -1,   1,   1,   2,   3,   0,   3,   6,  12,   3,
    2,  12,  48,   3,  24,  96, 384,   2]
[ 261,7692,   2,  -1,  -1,   2,   1,   3,   3,   0,   3,   6,  12,   3,
    2,  12,  48,   3,  24,  96, 384,   2]
[ 262,7695,   3,  -1,  -1,   2,   2,   1,   6,   0,   3,   6,  12,   3,
    2,  12,  48,   3,  24,  96, 384,   2]
[ 263,7701,   1,  -1,  -1,   3,   2,   3,   6,   0,   3,   6,  12,   3,
    2,  12,  48,   3,  24,  96, 384,   3]
[ 264,7704,   2,  -1,  -1,   1,   2,   3,   6,   3,   3,   6,  12,   0,
    2,  12,  48,   6,  24,  96, 384,   2]
[ 265,7710,   2,  -1,  -1,   2,   3,   3,   6,   0,   6,   6,  12,   0,
    2,  12,  48,   6,  24,  96, 384,   2]
[ 266,7722,   1,  -1,  -1,   2,   2,   6,   6,   0,   0,  12,  12,   0,
    2,  12,  48,   6,  24,  96, 384,   2]
[ 267,7758,   3,  -1,  -1,   1,   2,   2,  12,   0,   0,   0,  24,   0,
    2,  12,  48,   6,  24,  96, 384,   3]
[ 268,7761,   1,  -1,  -1,   0,   3,   0,  12,   1,   2,   2,  24,   0,
    2,  12,  48,   6,  24,  96, 384,   3]
[ 269,7761,   3,  -1,  -1,   1,   3,   0,  12,   0,   2,   2,  24,   1,
    2,  12,  48,   6,  24,  96, 384,   2]
[ 270,7767,   3,  -1,  -1,   0,   1,   3,  12,   0,   2,   2,  24,   3,
    3,  12,  48,   6,  24,  96, 384,   3]
[ 271,7773,   1,  -1,  -1,   0,   3,   3,  12,   0,   3,   2,  24,   3,
    3,  12,  48,   6,  24,  96, 384,   2]
[ 272,7779,   2,  -1,  -1,   1,   0,   6,  12,   0,   3,   2,  24,   0,
    6,  12,  48,   6,  24,  96, 384,   2]
[ 273,7779,   1,  -1,  -1,   2,   1,   6,  12,   0,   3,   2,  24,   0,
    6,  12,  48,   6,  24,  96, 384,   2]
[ 274,7782,   3,  -1,  -1,   1,   3,   6,  12,   0,   3,   2,  24,   0,
    6,  12,  48,   6,  24,  96, 384,   3]
[ 275,7788,  12,  24,  48,   0,   3,   6,  12,   1,   6,   2,  24,   0,
    6,  12,  48,   6,  24,  96, 384,   3]
[ 276,7878,   1,  -1,  -1,   0,  24,   6,  12,   0,   3,   2,  24,   1,
   12,  12,  48,   6,  24,  96, 384,   0]
[ 277,7905,   1,  -1,  -1,  24,   6,  12,   0,   3,   2,  24,   1,   1,
   24,  48,   0,   6,  24,  96, 384,   3]
[ 278,7986,   2,  -1,  -1,  24,   0,  12,   1,   3,   6,  24,   0,   1,
    2,  48,   1,   6,  48,  96, 384,   0]
[ 279,7989,   3,  -1,  -1,  24,  12,   1,   0,   3,   6,  24,   0,   3,
   48,   1,   2,   6,  48,  96, 384,   3]
[ 280,8238,   3,  -1,  -1,   3,   0,   1,   0,  24,  12,  24,   0,   6,
    6,   1,   2,   6,  96,  96, 384,   2]
[ 281,8973,   2,  -1,  -1,   0,   3,   0,   1,   0,  24,  12,  24,   0,
    6,   6,   3,   3,   6, 192, 384,   2]
[ 282,8982,   1,  -1,  -1,   2,   0,   3,   1,   0,  24,  12,  24,   0,
    0,  12,   3,   3,   6, 192, 384,   3]
[ 283,9009,   3,  -1,  -1,   0,   1,   0,   1,   2,   0,   3,  24,   0,
   24,  24,   3,   3,   6, 192, 384,   2]
[ 284,9093,   2,  -1,  -1,   3,   0,   1,   1,   0,   2,   3,  24,   0,
    0,  48,   3,   3,   6, 192, 384,   1]
[ 285,9093,   3,  -1,  -1,   3,   2,   1,   1,   0,   0,   3,  24,   3,
    6,  48,   3,   2,   0, 192, 384,   2]
[ 286,9099,   3,  -1,  -1,   3,   3,   3,   1,   0,   0,   3,  24,   3,
    6,  48,   3,   0,   2, 192, 384,   2]
[ 287,9105,   1,  -1,  -1,   3,   3,   6,   1,   0,   0,   3,  24,   3,
    6,  48,   3,   0,   2, 192, 384,   3]
[ 288,9105,   1,  -1,  -1,   1,   0,   6,   1,   3,   3,   3,  24,   0,
    6,  48,   3,   3,   2, 192, 384,   2]
[ 289,9108,   1,  -1,  -1,   0,   1,   6,   1,   1,   3,   6,  24,   0,
    6,  48,   3,   3,   2, 192, 384,   3]
[ 290,9117,   3,  -1,  -1,   0,   1,   1,   1,   0,   3,  12,  24,   1,
    6,  48,   3,   3,   2, 192, 384,   1]
[ 291,9120,  12,  24,  48,   0,   1,   1,   1,   1,   3,  12,  24,   3,
    6,  48,   3,   3,   2, 192, 384,   1]
[ 292,9201,   2,  -1,  -1,   1,   1,   1,   1,   3,   3,  12,  24,   3,
    6,  48,   3,  24,   2, 192, 384,   2]
[ 293,9204,   2,  -1,  -1,   1,   1,   1,   1,   2,   6,  12,  24,   3,
    6,  48,   3,  24,   2, 192, 384,   3]
[ 294,9216,   1,  -1,  -1,   0,   2,   1,   1,   3,   1,  12,  24,   3,
   12,  48,   3,  24,   2, 192, 384,   3]
[ 295,9222,   3,  -1,  -1,   1,   0,   1,   1,   0,   3,  12,  24,   6,
   12,  48,   3,  24,   2, 192, 384,   0]
[ 296,9225,   6,  12,  24,   1,   1,   1,   0,   3,  12,  24,   3,   6,
   12,  48,   3,  24,   2, 192, 384,   3]
[ 297,9264,   2,  -1,  -1,   1,   6,   1,   0,   3,   1,  24,   0,   6,
   24,  48,   6,  24,   2, 192, 384,   2]
[ 298,9264,   6,  12,  24,   2,   1,   6,   1,   0,   3,   1,  24,   6,
   24,  48,   6,  24,   2, 192, 384,   0]
[ 299,9348,   2,  -1,  -1,   3,   6,   1,  24,   3,   1,  24,   0,   6,
   24,  48,   6,  24,   2, 192, 384,   3]
[ 300,9351,   2,  -1,  -1,   2,   6,   1,   0,   6,   1,  24,  24,   6,
   24,  48,   6,  24,   2, 192, 384,   0]
[ 301,9432,   2,  -1,  -1,   2,   6,   1,   0,   6,   1,  48,   2,   6,
   24,  48,   6,  24,   2, 192, 384,   3]
[ 302,9684,   3,  -1,  -1,   2,   6,   0,   0,   2,   1,   1,   2,  12,
   24,  96,   6,  24,   2, 192, 384,   2]
[ 303,9690,   3,  -1,  -1,   3,   2,   6,   0,   0,   2,   1,   3,  12,
   24,  96,   6,  24,   2, 192, 384,   2]
[ 304,9696,  12,  24,  48,   0,   3,   2,   6,   3,   0,   3,   3,  12,
   24,  96,   6,  24,   2, 192, 384,   2]
[ 305,9942,   1,  -1,  -1,   0,   3,   2,   6,  48,   3,   0,   6,  12,
   24,  96,   6,  24,   2, 192, 384,   3]
[ 306,9954,   3,  -1,  -1,   0,   1,   0,   0,  48,   6,   2,   6,  12,
   24,  96,  12,  24,   2, 192, 384,   2]
[ 307,9957,   1,  -1,  -1,   3,   0,   1,   0,  48,   6,   2,   6,  12,
   24,  96,  12,  24,   2, 192, 384,   3]
[ 308,9960,   1,  -1,  -1,   3,   0,   1,   0,  48,   6,   3,   6,  12,
   24,  96,  12,  24,   2, 192, 384,   2]
[ 309,9960,   2,  -1,  -1,   1,   3,   0,   1,  48,   6,   3,   6,  12,
   24,  96,  12,  24,   2, 192, 384,   2]
[ 310,9960,   2,  -1,  -1,   2,   1,   3,   1,  48,   6,   3,   6,  12,
   24,  96,  12,  24,   2, 192, 384,   3]
[ 311,9963,   3,  -1,  -1,   2,   1,   2,   1,  48,   6,   6,   6,  12,
   24,  96,  12,  24,   2, 192, 384,   2]
[ 312,9978,  12,  24,  48,   3,   2,   1,   3,   0,  48,   6,  12,  12,
   24,  96,  12,  24,   2, 192, 384,   2]
[  313,10008,    6,   12,   24,   12,    3,    3,    3,    0,   48,    6,
    12,   12,   24,   96,   12,   24,    2,  192,  384,    3]
[  314,10116,    1,   -1,   -1,   24,    3,    3,    0,   12,   48,    6,
     3,   12,   24,   96,   24,   24,    2,  192,  384,    3]
[  315,10143,    1,   -1,   -1,    1,    3,    3,    0,   24,   48,    6,
     3,   24,   24,   96,   24,   24,    2,  192,  384,    3]
[  316,10224,    3,   -1,   -1,    1,    3,    3,    0,    1,   48,    6,
     3,   24,   24,   96,   24,   48,    2,  192,  384,    2]
[  317,10308,    3,   -1,   -1,    3,    1,    3,    3,    1,   48,    6,
     3,    0,   48,   96,   24,   48,    2,  192,  384,    3]
[  318,10557,    2,   -1,   -1,    0,    0,    3,    3,    3,    1,    6,
     6,    1,   96,   96,   24,   48,    2,  192,  384,    2]
[  319,11298,    1,   -1,   -1,    2,    0,    0,    6,    0,    3,    1,
    12,    0,    1,  192,   24,   48,    2,  192,  384,    3]
[  320,13488,   12,   24,   48,    1,    0,    0,    6,    2,    0,    0,
    12,    0,    3,    1,   24,   48,    3,  384,  384,    3]
[  321,13734,    2,   -1,   -1,    0,   48,    0,    6,    1,    0,    0,
    12,    2,    0,    1,   24,   48,    6,  384,  384,    2]
[  322,20295,    1,   -1,   -1,    0,    0,   48,    6,    2,    1,    0,
    12,    0,    2,    1,   24,    0,   48,    6,  768,    2]
[  323,20298,    3,   -1,   -1,    0,    0,   48,    6,    0,    2,    1,
    12,    1,    0,    3,   24,    0,   48,    6,  768,    2]
[  324,20304,    2,   -1,   -1,    0,    0,   48,    6,    3,    0,    3,
    12,    0,    1,    3,   24,    0,   48,    6,  768,    3]
[  325,20307,    3,   -1,   -1,    2,    0,    0,    6,    0,    0,   48,
    12,    3,    1,    6,   24,    0,   48,    6,  768,    3]
[  326,20319,   24,   48,   96,    3,    0,    0,    6,    2,    0,    0,
    12,    0,    1,   48,   24,    3,   48,   12,  768,    2]
[  327,21048,    2,   -1,   -1,    0,    3,    0,    6,   96,    2,    0,
    12,    0,    1,   48,   24,    3,   48,   12,  768,    3]
[  328,21051,    1,   -1,   -1,    0,    2,    0,    6,    0,    3,    0,
    12,   96,    3,   48,   24,    3,   48,   12,  768,    3]
[  329,21054,    1,   -1,   -1,    0,    1,    0,    6,    0,    2,    0,
    12,   96,    6,   48,   24,    3,   48,   12,  768,    3]
[  330,21057,    2,   -1,   -1,    0,    1,    0,    6,    0,    3,    0,
    12,   96,    6,   48,   24,    3,   48,   12,  768,    2]
[  331,21057,    1,   -1,   -1,    0,    0,    1,    6,    2,    0,    3,
    12,   96,    6,   48,   24,    3,   48,   12,  768,    2]
[  332,21057,    2,   -1,   -1,    0,    0,    1,    6,    1,    2,    3,
    12,   96,    6,   48,   24,    3,   48,   12,  768,    2]
[  333,21060,   24,   48,   96,    0,    0,    1,    6,    2,    3,    3,
    12,   96,    6,   48,   24,    3,   48,   12,  768,    0]
[  334,21792,    1,   -1,   -1,    0,    1,    6,   96,    2,    6,   12,
     0,   96,    6,   48,   24,    3,   48,   12,  768,    3]
[  335,21801,    3,   -1,   -1,    0,    0,    6,    1,    2,    1,   12,
    96,   96,   12,   48,   24,    3,   48,   12,  768,    0]
[  336,21807,    3,   -1,   -1,    0,    6,    1,    0,    3,   12,   96,
     3,   96,   12,   48,   24,    3,   48,   12,  768,    3]
[  337,21837,    2,   -1,   -1,    0,    3,    1,    0,    3,    6,   96,
     3,   96,   24,   48,   24,    3,   48,   12,  768,    0]
[  338,21837,    2,   -1,   -1,    3,    1,    0,    2,    3,    6,   96,
     3,   96,   24,   48,   24,    3,   48,   12,  768,    3]
[  339,21840,    3,   -1,   -1,    2,    1,    0,    2,    6,    6,   96,
     3,   96,   24,   48,   24,    3,   48,   12,  768,    0]
[  340,21855,    3,   -1,   -1,    3,    0,    2,    0,   12,   96,    3,
     3,   96,   24,   48,   24,    3,   48,   12,  768,    2]
[  341,21861,    1,   -1,   -1,    3,    3,    0,    2,    0,   12,   96,
     6,   96,   24,   48,   24,    3,   48,   12,  768,    0]
[  342,21864,    1,   -1,   -1,    6,    0,    2,    1,   12,   96,    6,
     0,   96,   24,   48,   24,    3,   48,   12,  768,    0]
[  343,21864,    1,   -1,   -1,    6,    2,    1,    1,   12,   96,    6,
     0,   96,   24,   48,   24,    3,   48,   12,  768,    0]
[  344,21867,    2,   -1,   -1,    6,    3,    1,    1,   12,   96,    6,
     0,   96,   24,   48,   24,    3,   48,   12,  768,    3]
[  345,21867,    2,   -1,   -1,    6,    3,    1,    2,   12,   96,    6,
     1,   96,   24,   48,   24,    3,   48,   12,  768,    0]
[  346,21870,    3,   -1,   -1,    6,    3,    3,    2,   12,   96,    6,
     1,   96,   24,   48,   24,    3,   48,   12,  768,    3]
[  347,21876,    1,   -1,   -1,    6,    3,    3,    3,   12,   96,    6,
     3,   96,   24,   48,   24,    3,   48,   12,  768,    3]
[  348,21879,    3,   -1,   -1,    6,    3,    3,    1,   12,   96,    6,
     6,   96,   24,   48,   24,    3,   48,   12,  768,    0]
[  349,21894,    3,   -1,   -1,    6,    6,    1,    0,   12,   96,   12,
     3,   96,   24,   48,   24,    3,   48,   12,  768,    0]
[  350,21906,    3,   -1,   -1,   12,    1,    0,    3,   12,   96,   12,
     3,   96,   24,   48,   24,    3,   48,   12,  768,    3]
[  351,21939,    1,   -1,   -1,    3,    1,    0,    0,   24,   96,   12,
     6,   96,   24,   48,   24,    3,   48,   12,  768,    2]
[  352,21939,    2,   -1,   -1,    1,    3,    1,    0,   24,   96,   12,
     6,   96,   24,   48,   24,    3,   48,   12,  768,    2]
[  353,21939,    2,   -1,   -1,    2,    1,    3,    1,   24,   96,   12,
     6,   96,   24,   48,   24,    3,   48,   12,  768,    0]
[  354,21942,    2,   -1,   -1,    3,    3,    1,    2,   24,   96,   12,
     6,   96,   24,   48,   24,    3,   48,   12,  768,    2]
[  355,21945,    2,   -1,   -1,    2,    3,    3,    3,   24,   96,   12,
     6,   96,   24,   48,   24,    3,   48,   12,  768,    2]
[  356,21948,    1,   -1,   -1,    2,    2,    3,    6,   24,   96,   12,
     6,   96,   24,   48,   24,    3,   48,   12,  768,    3]
[  357,21957,    3,   -1,   -1,    2,    2,    3,    1,   24,   96,   12,
    12,   96,   24,   48,   24,    3,   48,   12,  768,    2]
[  358,21987,    2,   -1,   -1,    2,    2,    3,    1,    3,   24,   96,
    24,   96,   24,   48,   24,    3,   48,   12,  768,    3]
[  359,22149,    2,   -1,   -1,    2,    2,    3,    0,    3,    2,   96,
     1,   96,   48,   48,   48,    3,   48,   12,  768,    3]
[  360,22392,    1,   -1,   -1,    2,    2,    3,    0,    3,    2,   96,
     1,   96,    2,   48,   48,    3,   96,   12,  768,    2]
[  361,22635,    3,   -1,   -1,    1,    2,    2,    3,    3,    2,   96,
     1,    0,   96,    2,   96,    3,   96,   12,  768,    3]
[  362,23367,   24,   48,   96,    3,    0,    2,    3,    1,    2,   96,
     1,    3,    2,    2,   96,    3,  192,   12,  768,    1]
[  363,24099,    3,   -1,   -1,    3,    2,    2,    3,    1,    2,   96,
     1,    6,  192,    2,   96,    0,   96,   12,  768,    2]
[  364,24105,    1,   -1,   -1,    3,    2,    2,    3,    3,    3,   96,
     1,    6,  192,    2,   96,    0,   96,   12,  768,    3]
[  365,24105,    3,   -1,   -1,    1,    2,    2,    3,    3,    3,   96,
     1,    3,  192,    2,   96,    6,   96,   12,  768,    3]
[  366,24111,    1,   -1,   -1,    3,    2,    2,    3,    1,    3,   96,
     1,    6,  192,    2,   96,    6,   96,   12,  768,    3]
[  367,24120,    3,   -1,   -1,    1,    2,    2,    3,    3,    3,   96,
     1,    1,  192,    2,   96,   12,   96,   12,  768,    0]
[  368,24129,    2,   -1,   -1,    3,    2,    3,    3,    6,   96,    1,
     0,    1,  192,    2,   96,   12,   96,   12,  768,    3]
[  369,24132,    2,   -1,   -1,    3,    2,    2,    0,    6,   96,    3,
     3,    1,  192,    3,   96,   12,   96,   12,  768,    2]
[  370,24135,    2,   -1,   -1,    0,    3,    2,    2,    2,    6,   96,
     6,    1,  192,    3,   96,   12,   96,   12,  768,    3]
[  371,24138,    3,   -1,   -1,    2,    3,    2,    2,    0,    6,   96,
     6,    3,  192,    3,   96,   12,   96,   12,  768,    3]
[  372,24141,    2,   -1,   -1,    3,    3,    2,    2,    2,    6,   96,
     6,    3,  192,    3,   96,   12,   96,   12,  768,    2]
[  373,24144,    3,   -1,   -1,    2,    6,    2,    2,    2,    6,   96,
     6,    3,  192,    3,   96,   12,   96,   12,  768,    1]
