1516450999
0,2,0,0,0,3,3,1,1,2,0,1,0,2,0,3,3,-1,-1,2,6,0,0,2,0,0,0,6,1,3,1,2,1,0,0,2,3,2,-1,-1
0,0,2,0,3,0,6,1,0,1,2,1,0,0,2,3,2,-1,-1,2,3,0,0,0,2,2,3,6,1,0,0,1,3,0,0,2,3,1,-1,-1
2,0,0,2,0,3,6,1,0,0,1,3,0,0,2,3,1,-1,-1,3,6,0,0,0,1,2,0,0,2,0,3,6,1,0,0,3,6,2,-1,-1
1,0,0,0,2,0,0,2,0,3,6,1,0,0,3,6,2,-1,-1,3,3,0,2,0,0,1,0,0,0,2,0,6,3,0,3,3,6,1,-1,-1
0,2,0,0,1,0,0,0,2,0,6,3,0,3,3,6,1,-1,-1,2,3,1,0,2,0,0,1,0,0,0,2,6,3,0,0,6,6,2,-1,-1
0,0,2,0,0,1,0,0,0,2,6,3,1,0,6,6,2,-1,-1,2,9,0,0,0,2,0,0,1,0,0,2,6,3,2,1,0,12,1,-1,-1
0,0,0,2,2,0,1,0,0,2,6,3,0,1,0,12,1,-1,-1,3,3,0,0,0,1,0,0,0,2,2,0,1,3,0,3,6,12,1,-1,-1
1,0,0,0,0,0,0,2,2,0,1,3,0,3,6,12,1,-1,-1,2,0,1,1,0,0,0,0,0,2,0,2,1,3,0,3,6,12,3,-1,-1
0,1,0,0,0,0,0,2,1,2,1,3,0,3,6,12,3,-1,-1,2,6,3,0,1,0,0,0,0,2,0,1,3,3,0,3,6,12,3,-1,-1
0,0,1,0,0,0,0,2,3,1,3,3,0,3,6,12,3,-1,-1,2,6,0,0,0,1,0,0,0,2,3,3,1,6,0,3,6,12,1,-1,-1
3,0,0,1,0,0,0,2,0,3,1,6,0,3,6,12,1,-1,-1,3,6,0,1,0,0,3,0,0,3,0,0,1,6,0,6,6,12,2,-1,-1
0,1,0,0,3,0,0,3,0,0,1,6,0,6,6,12,2,-1,-1,2,9,2,0,1,0,0,3,0,3,0,0,1,6,0,0,12,12,2,-1,-1
0,0,1,0,2,3,0,3,0,0,1,6,0,0,12,12,2,-1,-1,2,27,0,0,0,1,0,2,3,3,0,0,1,6,2,0,0,24,3,-1,-1
0,0,0,1,2,2,3,3,0,0,1,6,0,0,0,24,3,-1,-1,3,3,0,3,0,1,0,0,0,3,2,2,3,6,0,0,1,24,3,-1,-1
0,0,3,1,0,0,0,3,2,2,3,6,0,0,1,24,3,-1,-1,3,3,3,0,0,1,0,0,3,3,0,0,3,6,2,2,1,24,3,-1,-1
3,0,0,1,0,0,3,3,0,0,3,6,2,2,1,24,3,-1,-1,2,9,0,3,0,1,3,0,0,6,0,0,3,6,0,2,3,24,2,-1,-1
3,3,0,1,0,0,0,6,0,0,3,6,0,2,3,24,2,-1,-1,3,12,2,0,0,0,3,3,0,1,0,0,0,12,0,2,6,24,2,-1,-1
0,0,0,2,3,3,0,1,0,0,0,12,0,2,6,24,2,-1,-1,3,3,0,2,0,0,0,0,0,3,3,3,0,12,0,2,6,24,3,-1,-1
0,2,0,0,0,0,0,3,3,3,0,12,0,2,6,24,3,-1,-1,2,3,3,0,2,0,0,0,0,3,0,3,3,12,0,2,6,24,1,-1,-1
0,0,2,0,0,0,0,3,3,3,3,12,0,2,6,24,1,-1,-1,2,3,0,0,0,2,0,0,0,3,1,3,6,12,0,2,6,24,3,-1,-1
0,0,0,2,0,0,0,3,1,3,6,12,0,2,6,24,3,-1,-1,3,12,3,0,0,2,0,0,0,3,0,3,0,12,1,2,12,24,3,-1,-1
3,0,0,2,0,0,0,3,0,3,0,12,1,2,12,24,3,-1,-1,2,6,0,3,0,2,0,0,0,3,0,0,3,12,3,3,12,24,2,-1,-1
0,3,0,2,0,0,0,3,3,0,3,12,0,3,12,24,2,-1,-1,3,0,0,2,0,2,0,3,0,3,0,0,3,12,3,3,12,24,1,-1,-1
2,0,0,2,0,3,0,3,0,0,3,12,3,3,12,24,1,-1,-1,3,0,0,1,0,2,2,0,0,3,0,3,3,12,3,3,12,24,1,-1,-1
1,0,0,2,2,0,0,3,0,3,3,12,3,3,12,24,1,-1,-1,2,6,1,1,0,2,0,2,0,3,0,0,6,12,0,6,12,24,1,-1,-1
1,1,0,2,0,2,0,3,0,0,6,12,0,6,12,24,1,-1,-1,2,0,1,1,1,2,0,0,2,3,0,0,6,12,0,6,12,24,2,-1,-1
0,1,1,2,1,0,2,3,0,0,6,12,0,6,12,24,2,-1,-1,2,3,2,0,1,3,0,1,2,3,0,0,6,12,0,6,12,24,2,-1,-1
2,0,1,3,0,1,2,3,0,0,6,12,0,6,12,24,2,-1,-1,3,6,0,0,2,0,2,0,3,6,0,1,6,12,0,6,12,24,1,-1,-1
0,0,2,0,2,0,3,6,0,1,6,12,0,6,12,24,1,-1,-1,3,0,1,0,2,0,0,0,3,6,2,1,6,12,0,6,12,24,3,-1,-1
1,0,2,0,0,0,3,6,2,1,6,12,0,6,12,24,3,-1,-1,2,6,3,1,0,2,0,0,3,6,0,3,6,12,0,6,12,24,2,-1,-1
3,1,0,2,0,0,3,6,0,3,6,12,0,6,12,24,2,-1,-1,2,0,2,3,1,2,0,0,3,6,0,3,6,12,0,6,12,24,1,-1,-1
2,3,1,2,0,0,3,6,0,3,6,12,0,6,12,24,1,-1,-1,2,3,1,2,3,3,0,0,3,6,0,3,6,12,0,6,12,24,1,-1,-1
1,2,3,3,0,0,3,6,0,3,6,12,0,6,12,24,1,-1,-1,3,3,1,0,0,3,1,2,6,6,0,3,6,12,0,6,12,24,3,-1,-1
0,0,1,3,1,2,6,6,0,3,6,12,0,6,12,24,3,-1,-1,2,12,0,0,1,3,3,1,2,12,0,3,6,12,0,6,12,24,2,-1,-1
0,0,1,3,3,1,2,12,0,3,6,12,0,6,12,24,2,-1,-1,2,3,0,0,1,3,2,3,3,12,0,3,6,12,0,6,12,24,2,-1,-1
0,0,1,3,2,3,3,12,0,3,6,12,0,6,12,24,2,-1,-1,2,3,0,0,1,3,2,2,6,12,0,3,6,12,0,6,12,24,3,-1,-1
0,0,1,3,2,2,6,12,0,3,6,12,0,6,12,24,3,-1,-1,3,39,0,0,0,3,0,2,1,3,2,3,12,24,0,6,12,24,1,-1,-1
3,0,0,0,0,2,1,3,2,3,12,24,0,6,12,24,1,-1,-1,2,3,0,3,0,0,1,0,3,3,2,3,12,24,0,6,12,24,3,-1,-1
0,3,0,0,1,0,3,3,2,3,12,24,0,6,12,24,3,-1,-1,3,111,3,0,0,0,0,3,0,0,1,3,3,3,2,6,24,48,2,-1,-1
3,0,0,0,0,3,0,0,1,3,3,3,2,6,24,48,2,-1,-1,3,6,2,0,0,0,3,0,0,0,0,6,3,3,3,6,24,48,3,-1,-1
2,0,0,0,3,0,0,0,0,6,3,3,3,6,24,48,3,-1,-1,3,12,0,3,0,0,2,0,0,0,3,0,3,3,3,12,24,48,1,-1,-1
0,3,0,0,2,0,0,0,3,0,3,3,3,12,24,48,1,-1,-1,3,3,1,0,0,0,0,3,0,0,2,0,3,3,6,12,24,48,3,-1,-1
0,1,0,0,0,3,0,0,2,0,3,3,6,12,24,48,3,-1,-1,2,6,3,0,1,0,0,0,3,0,0,2,0,6,6,12,24,48,2,-1,-1
0,0,1,0,0,0,3,0,3,2,0,6,6,12,24,48,2,-1,-1,3,0,0,0,2,0,0,0,1,0,3,2,3,6,6,12,24,48,3,-1,-1
0,0,2,0,0,0,1,0,3,2,3,6,6,12,24,48,3,-1,-1,3,6,0,0,3,0,0,0,3,0,3,2,3,6,6,12,24,48,2,-1,-1
0,0,3,0,0,0,3,0,3,2,3,6,6,12,24,48,2,-1,-1,3,3,0,0,2,0,0,0,3,0,3,2,6,6,6,12,24,48,2,-1,-1
0,0,2,0,0,0,3,0,3,2,6,6,6,12,24,48,2,-1,-1,2,9,0,0,0,2,0,0,0,3,2,3,2,12,6,12,24,48,1,-1,-1
2,0,0,2,0,0,0,3,0,3,2,12,6,12,24,48,1,-1,-1,2,0,1,2,0,2,0,0,0,3,0,3,2,12,6,12,24,48,1,-1,-1
1,2,0,2,0,0,0,3,0,3,2,12,6,12,24,48,1,-1,-1,2,0,1,1,2,2,0,0,0,3,0,3,2,12,6,12,24,48,3,-1,-1
1,1,2,2,0,0,0,3,0,3,2,12,6,12,24,48,3,-1,-1,3,3,3,0,0,2,1,1,2,3,0,3,2,12,6,12,24,48,1,-1,-1
3,0,0,2,1,1,2,3,0,3,2,12,6,12,24,48,1,-1,-1,2,3,0,3,0,2,1,1,3,3,0,3,2,12,6,12,24,48,3,-1,-1
0,3,0,2,1,1,3,3,0,3,2,12,6,12,24,48,3,-1,-1,2,6,0,0,3,2,3,1,1,6,0,3,2,12,6,12,24,48,6,-1,-1
0,0,3,2,3,1,1,6,0,3,2,12,6,12,24,48,3,-1,-1,3,6,0,0,3,2,0,1,3,6,3,3,3,12,6,12,24,48,1,-1,-1
3,0,0,2,0,1,3,6,3,3,3,12,6,12,24,48,1,-1,-1,3,3,1,0,0,2,3,1,0,6,3,3,6,12,6,12,24,48,2,-1,-1
1,0,0,2,3,1,0,6,3,3,6,12,6,12,24,48,2,-1,-1,2,3,0,1,0,2,2,3,1,6,0,6,6,12,6,12,24,48,3,-1,-1
2,1,0,2,0,3,1,6,0,6,6,12,6,12,24,48,3,-1,-1,2,12,0,2,1,2,0,3,1,6,3,0,12,12,6,12,24,48,2,-1,-1
0,2,1,2,0,3,1,6,3,0,12,12,6,12,24,48,2,-1,-1,2,30,0,0,2,3,0,3,1,6,2,3,0,24,6,12,24,48,1,-1,-1
0,0,2,3,0,3,1,6,2,3,0,24,6,12,24,48,1,-1,-1,3,3,0,1,0,3,0,0,2,6,2,6,1,24,6,12,24,48,2,-1,-1
0,1,0,3,0,0,2,6,2,6,1,24,6,12,24,48,2,-1,-1,3,3,0,0,2,3,0,1,0,6,2,6,3,24,6,12,24,48,6,-1,-1
0,0,2,3,0,1,0,6,2,6,3,24,6,12,24,48,1,-1,-1,3,0,0,0,1,3,0,1,2,6,2,6,3,24,6,12,24,48,2,-1,-1
0,0,1,3,0,1,2,6,2,6,3,24,6,12,24,48,2,-1,-1,2,3,0,0,1,3,2,0,3,6,2,6,3,24,6,12,24,48,1,-1,-1
0,0,1,3,2,0,3,6,2,6,3,24,6,12,24,48,1,-1,-1,3,3,0,0,1,3,2,0,1,6,2,6,6,24,6,12,24,48,3,-1,-1
0,0,1,3,2,0,1,6,2,6,6,24,6,12,24,48,3,-1,-1,2,12,0,0,1,3,3,2,1,6,0,2,12,24,6,12,24,48,1,-1,-1
0,0,1,3,3,2,1,6,0,2,12,24,6,12,24,48,1,-1,-1,2,3,0,0,1,3,1,3,3,6,0,2,12,24,6,12,24,48,3,-1,-1
0,0,1,3,1,3,3,6,0,2,12,24,6,12,24,48,3,-1,-1,2,6,0,0,1,3,3,1,6,6,0,2,12,24,6,12,24,48,2,-1,-1
0,0,1,3,3,1,6,6,0,2,12,24,6,12,24,48,2,-1,-1,3,3,2,0,1,3,0,0,6,6,3,3,12,24,6,12,24,48,2,-1,-1
2,0,1,3,0,0,6,6,3,3,12,24,6,12,24,48,2,-1,-1,2,12,0,2,1,3,2,0,0,12,0,6,12,24,6,12,24,48,1,-1,-1
0,2,1,3,0,0,0,12,2,6,12,24,6,12,24,48,1,-1,-1,2,3,1,0,3,3,0,0,0,12,2,6,12,24,6,12,24,48,3,-1,-1
1,0,3,3,0,0,0,12,2,6,12,24,6,12,24,48,3,-1,-1,3,3,0,0,3,3,1,0,3,12,2,6,12,24,6,12,24,48,6,-1,-1
0,0,3,3,1,0,3,12,2,6,12,24,6,12,24,48,3,-1,-1,3,9,3,0,0,3,0,0,6,12,3,6,12,24,6,12,24,48,2,-1,-1
0,0,3,3,0,0,6,12,3,6,12,24,6,12,24,48,2,-1,-1,2,3,2,0,0,6,0,0,6,12,3,6,12,24,6,12,24,48,1,-1,-1
2,0,0,6,0,0,6,12,3,6,12,24,6,12,24,48,1,-1,-1,3,0,1,0,0,6,2,0,6,12,3,6,12,24,6,12,24,48,1,-1,-1
1,0,0,6,2,0,6,12,3,6,12,24,6,12,24,48,1,-1,-1,2,0,0,1,0,6,1,2,6,12,3,6,12,24,6,12,24,48,2,-1,-1
0,1,0,6,1,2,6,12,3,6,12,24,6,12,24,48,2,-1,-1,3,3,0,2,0,6,1,3,6,12,3,6,12,24,6,12,24,48,6,-1,-1
0,2,0,6,1,3,6,12,3,6,12,24,6,12,24,48,3,-1,-1,0,3,2,0,6,3,1,3,6,12,3,6,12,24,6,12,24,48,3,-1,-1
2,0,6,3,1,3,6,12,3,6,12,24,6,12,24,48,3,-1,-1,3,15,3,0,0,3,3,3,12,12,3,6,12,24,6,12,24,48,3,-1,-1
3,0,0,3,3,3,12,12,3,6,12,24,6,12,24,48,3,-1,-1,3,33,0,0,3,3,3,3,0,12,6,6,24,24,6,12,24,48,2,-1,-1
3,0,0,3,3,3,0,12,6,6,24,24,6,12,24,48,2,-1,-1,3,90,2,0,0,3,3,3,0,12,3,6,0,24,12,12,48,48,3,-1,-1
0,0,2,3,3,3,0,12,3,6,0,24,12,12,48,48,3,-1,-1,2,246,0,0,2,3,3,3,3,12,0,3,6,24,0,12,12,96,1,-1,-1
0,0,2,3,0,3,3,12,0,3,6,24,3,12,12,96,1,-1,-1,2,30,0,0,2,3,1,0,6,12,0,3,6,24,0,3,24,96,1,-1,-1
0,0,2,3,1,0,6,12,0,3,6,24,0,3,24,96,1,-1,-1,3,12,0,0,1,3,0,0,2,12,1,0,12,24,0,6,24,96,3,-1,-1
1,0,0,3,0,0,2,12,1,0,12,24,0,6,24,96,3,-1,-1,2,3,3,1,0,3,0,0,2,12,0,1,12,24,0,6,24,96,1,-1,-1
3,1,0,3,0,0,2,12,0,1,12,24,0,6,24,96,1,-1,-1,2,0,1,3,1,3,0,0,2,12,0,1,12,24,0,6,24,96,2,-1,-1
1,3,1,3,0,0,2,12,0,1,12,24,0,6,24,96,2,-1,-1,3,3,0,2,0,3,1,3,3,12,0,1,12,24,0,6,24,96,2,-1,-1
0,2,0,3,1,3,3,12,0,1,12,24,0,6,24,96,2,-1,-1,2,3,0,0,2,3,2,1,6,12,0,1,12,24,0,6,24,96,2,-1,-1
0,0,2,3,2,1,6,12,0,1,12,24,0,6,24,96,2,-1,-1,2,3,0,0,2,3,2,3,6,12,0,1,12,24,0,6,24,96,1,-1,-1
0,0,2,3,2,3,6,12,0,1,12,24,0,6,24,96,1,-1,-1,3,0,1,0,2,3,0,3,6,12,2,1,12,24,0,6,24,96,2,-1,-1
1,0,2,3,0,3,6,12,2,1,12,24,0,6,24,96,2,-1,-1,2,3,2,1,2,3,0,3,6,12,0,3,12,24,0,6,24,96,2,-1,-1
0,1,2,3,0,3,6,12,2,3,12,24,0,6,24,96,2,-1,-1,2,3,2,0,3,3,0,3,6,12,2,3,12,24,0,6,24,96,3,-1,-1
2,0,3,3,0,3,6,12,2,3,12,24,0,6,24,96,3,-1,-1,3,6,3,0,3,3,2,0,6,12,0,6,12,24,2,6,24,96,3,-1,-1
0,3,3,3,2,0,6,12,0,6,12,24,2,6,24,96,3,-1,-1,3,12,0,3,3,3,0,3,6,12,2,0,12,24,2,12,24,96,3,-1,-1
0,3,3,3,0,3,6,12,2,0,12,24,2,12,24,96,3,-1,-1,3,3,0,3,3,3,0,3,6,12,2,3,12,24,2,12,24,96,1,-1,-1
0,3,3,3,0,3,6,12,2,3,12,24,2,12,24,96,1,-1,-1,2,3,1,0,3,6,0,3,6,12,2,3,12,24,2,12,24,96,3,-1,-1
1,0,3,6,0,3,6,12,2,3,12,24,2,12,24,96,3,-1,-1,3,6,0,3,3,6,1,0,6,12,2,6,12,24,2,12,24,96,6,12,-1
0,3,3,6,1,0,6,12,2,6,12,24,2,12,24,96,2,-1,-1,3,3,0,2,3,6,0,3,6,12,3,6,12,24,2,12,24,96,1,-1,-1
0,2,3,6,0,3,6,12,3,6,12,24,2,12,24,96,1,-1,-1,0,0,2,3,6,1,3,6,12,0,3,6,12,24,2,12,24,96,2,-1,-1
2,3,6,0,3,6,12,1,3,6,12,24,2,12,24,96,2,-1,-1,3,39,0,0,2,0,2,3,6,1,6,12,24,24,2,12,24,96,1,-1,-1
0,2,0,0,2,3,6,1,6,12,24,24,2,12,24,96,1,-1,-1,2,81,1,0,2,0,2,3,6,1,0,6,12,48,2,12,24,96,1,-1,-1
0,0,2,0,2,3,6,1,1,6,12,48,2,12,24,96,1,-1,-1,3,3,1,0,2,0,0,3,6,1,2,6,12,48,3,12,24,96,1,-1,-1
1,0,2,0,0,3,6,1,2,6,12,48,3,12,24,96,1,-1,-1,2,0,1,1,0,2,0,3,6,1,2,6,12,48,3,12,24,96,1,-1,-1
1,1,0,2,0,3,6,1,2,6,12,48,3,12,24,96,1,-1,-1,3,3,1,1,0,0,1,3,6,3,2,6,12,48,3,12,24,96,2,-1,-1
0,1,0,1,1,3,6,3,2,6,12,48,3,12,24,96,2,-1,-1,3,3,2,1,0,1,0,3,6,3,3,6,12,48,3,12,24,96,2,-1,-1
2,1,0,1,0,3,6,3,3,6,12,48,3,12,24,96,2,-1,-1,2,0,2,2,1,1,0,3,6,3,3,6,12,48,3,12,24,96,2,-1,-1
2,2,1,1,0,3,6,3,3,6,12,48,3,12,24,96,2,-1,-1,2,3,2,2,3,1,0,3,6,3,3,6,12,48,3,12,24,96,1,-1,-1
2,2,3,1,0,3,6,3,3,6,12,48,3,12,24,96,1,-1,-1,3,3,1,2,3,1,2,3,6,3,0,6,12,48,6,12,24,96,3,-1,-1
1,2,3,1,2,3,6,3,0,6,12,48,6,12,24,96,3,-1,-1,2,6,3,3,3,1,2,3,6,3,0,6,12,48,6,12,24,96,1,-1,-1
3,3,3,1,2,3,6,3,0,6,12,48,6,12,24,96,1,-1,-1,2,3,1,3,6,1,2,3,6,3,0,6,12,48,6,12,24,96,3,-1,-1
1,3,6,1,2,3,6,3,0,6,12,48,6,12,24,96,3,-1,-1,3,15,0,3,0,1,1,6,12,3,2,6,12,48,6,12,24,96,3,-1,-1
0,3,0,1,1,6,12,3,2,6,12,48,6,12,24,96,3,-1,-1,3,42,0,0,3,1,0,3,0,3,3,12,24,48,6,12,24,96,2,-1,-1
0,0,3,1,0,3,0,3,3,12,24,48,6,12,24,96,2,-1,-1,3,108,0,0,2,1,0,0,3,3,3,3,0,48,6,24,48,96,3,-1,-1
0,2,0,1,0,0,3,3,3,3,0,48,6,24,48,96,3,-1,-1,2,6,3,0,2,1,0,0,0,6,0,3,3,48,6,24,48,96,1,-1,-1
3,0,2,1,0,0,0,6,0,3,3,48,6,24,48,96,1,-1,-1,2,6,1,3,0,3,0,0,0,6,0,0,6,48,6,24,48,96,2,-1,-1
0,3,0,3,0,0,0,6,1,0,6,48,6,24,48,96,2,-1,-1,2,0,2,0,3,3,0,0,0,6,0,1,6,48,6,24,48,96,2,-1,-1
0,0,3,3,0,0,0,6,2,1,6,48,6,24,48,96,2,-1,-1,2,6,2,0,0,6,0,0,0,6,0,3,6,48,6,24,48,96,3,-1,-1
0,0,0,6,0,0,0,6,2,3,6,48,6,24,48,96,3,-1,-1,0,3,0,0,6,0,0,0,6,3,2,3,6,48,6,24,48,96,2,-1,-1
0,0,6,3,0,0,6,0,2,3,6,48,6,24,48,96,2,-1,-1,3,9,0,0,0,2,0,0,6,3,2,3,12,48,6,24,48,96,1,-1,-1
0,0,2,0,0,0,6,3,2,3,12,48,6,24,48,96,1,-1,-1,2,0,1,0,0,2,0,0,6,3,2,3,12,48,6,24,48,96,1,-1,-1
1,0,0,2,0,0,6,3,2,3,12,48,6,24,48,96,1,-1,-1,3,0,1,0,0,2,1,0,6,3,2,3,12,48,6,24,48,96,2,-1,-1
1,0,0,2,1,0,6,3,2,3,12,48,6,24,48,96,2,-1,-1,3,3,2,0,0,2,1,0,6,3,3,3,12,48,6,24,48,96,3,-1,-1
2,0,0,2,1,0,6,3,3,3,12,48,6,24,48,96,3,-1,-1,3,6,3,0,0,2,3,0,6,3,3,3,12,48,6,24,48,96,3,-1,-1
3,0,0,2,3,0,6,3,3,3,12,48,6,24,48,96,3,-1,-1,3,6,3,0,0,2,3,0,6,3,6,3,12,48,6,24,48,96,3,-1,-1
3,0,0,2,3,0,6,3,6,3,12,48,6,24,48,96,3,-1,-1,2,3,3,3,0,2,0,3,6,3,6,3,12,48,6,24,48,96,1,-1,-1
0,3,0,2,3,3,6,3,6,3,12,48,6,24,48,96,1,-1,-1,3,12,1,0,0,2,0,3,6,3,3,6,12,48,12,24,48,96,1,-1,-1
0,1,0,2,0,3,6,3,3,6,12,48,12,24,48,96,1,-1,-1,2,0,1,0,1,2,0,3,6,3,3,6,12,48,12,24,48,96,3,-1,-1
1,0,1,2,0,3,6,3,3,6,12,48,12,24,48,96,3,-1,-1,2,6,3,1,0,3,0,3,6,3,3,6,12,48,12,24,48,96,2,-1,-1
3,1,0,3,0,3,6,3,3,6,12,48,12,24,48,96,2,-1,-1,3,3,2,1,0,0,3,3,6,6,3,6,12,48,12,24,48,96,3,-1,-1
0,1,0,2,3,3,6,6,3,6,12,48,12,24,48,96,3,-1,-1,2,12,3,0,1,2,0,3,3,12,3,6,12,48,12,24,48,96,1,-1,-1
3,0,1,2,0,3,3,12,3,6,12,48,12,24,48,96,1,-1,-1,2,6,1,3,0,3,0,0,6,12,3,6,12,48,12,24,48,96,1,-1,-1
1,3,0,3,0,0,6,12,3,6,12,48,12,24,48,96,1,-1,-1,0,0,1,3,3,0,0,6,12,1,3,6,12,48,12,24,48,96,3,-1,-1
1,3,3,1,0,6,12,0,3,6,12,48,12,24,48,96,3,-1,-1,3,39,0,0,3,0,1,3,3,1,3,12,24,48,12,24,48,96,1,-1,-1
3,0,0,0,1,3,3,1,3,12,24,48,12,24,48,96,1,-1,-1,2,3,0,3,0,0,1,1,6,1,3,12,24,48,12,24,48,96,2,-1,-1
1,3,0,0,0,1,6,1,3,12,24,48,12,24,48,96,2,-1,-1,2,0,2,1,3,0,0,1,6,1,3,12,24,48,12,24,48,96,3,-1,-1
2,1,3,0,0,1,6,1,3,12,24,48,12,24,48,96,3,-1,-1,3,3,3,1,3,0,2,1,6,1,3,12,24,48,12,24,48,96,2,-1,-1
3,1,3,0,2,1,6,1,3,12,24,48,12,24,48,96,2,-1,-1,0,3,3,1,3,0,3,6,1,2,3,12,24,48,12,24,48,96,2,-1,-1
3,1,3,0,3,6,1,2,3,12,24,48,12,24,48,96,2,-1,-1,2,3,0,3,1,3,2,3,6,3,3,12,24,48,12,24,48,96,3,-1,-1
0,3,1,3,2,3,6,3,3,12,24,48,12,24,48,96,3,-1,-1,3,9,0,0,1,3,2,6,6,6,3,12,24,48,12,24,48,96,2,-1,-1
0,3,1,0,2,6,6,6,3,12,24,48,12,24,48,96,2,-1,-1,2,9,2,0,3,1,0,2,6,12,3,12,24,48,12,24,48,96,3,-1,-1
0,0,3,1,2,2,6,12,3,12,24,48,12,24,48,96,3,-1,-1,0,3,0,3,1,3,2,2,6,12,3,12,24,48,12,24,48,96,3,-1,-1
0,3,1,3,2,2,6,12,3,12,24,48,12,24,48,96,3,-1,-1,0,3,3,1,3,3,2,2,6,12,3,12,24,48,12,24,48,96,2,-1,-1
3,1,3,3,2,2,6,12,3,12,24,48,12,24,48,96,2,-1,-1,3,3,3,2,3,3,2,3,6,12,3,12,24,48,12,24,48,96,1,-1,-1
3,2,3,3,2,3,6,12,3,12,24,48,12,24,48,96,1,-1,-1,0,3,3,2,6,1,2,3,6,12,3,12,24,48,12,24,48,96,1,-1,-1
3,2,6,1,2,3,6,12,3,12,24,48,12,24,48,96,1,-1,-1,3,9,3,2,1,1,2,3,12,12,3,12,24,48,12,24,48,96,1,-1,-1
3,2,1,1,2,3,12,12,3,12,24,48,12,24,48,96,1,-1,-1,2,30,0,3,3,1,1,2,3,24,3,12,24,48,12,24,48,96,2,-1,-1
1,3,3,1,0,2,3,24,3,12,24,48,12,24,48,96,2,-1,-1,0,3,1,6,1,2,2,3,24,0,3,12,24,48,12,24,48,96,1,-1,-1
1,6,1,0,2,3,24,2,3,12,24,48,12,24,48,96,1,-1,-1,3,84,1,6,0,0,3,3,1,2,3,12,48,48,12,24,48,96,3,-1,-1
0,6,1,0,3,3,1,2,3,12,48,48,12,24,48,96,3,-1,-1,2,249,0,0,6,1,0,3,3,3,3,3,12,96,12,24,48,96,2,-1,-1
3,0,6,1,0,3,3,3,0,3,12,96,12,24,48,96,2,-1,-1,3,732,0,0,6,2,3,0,3,1,0,6,12,3,12,24,48,192,3,-1,-1
0,2,6,0,3,0,3,1,0,6,12,3,12,24,48,192,3,-1,-1,3,3,0,3,6,0,0,2,3,1,3,6,12,3,12,24,48,192,3,-1,-1
3,0,6,0,0,2,3,1,3,6,12,3,12,24,48,192,3,-1,-1,3,3,3,0,6,0,3,2,3,1,3,6,12,3,12,24,48,192,1,-1,-1
3,0,6,0,3,2,3,1,3,6,12,3,12,24,48,192,1,-1,-1,3,3,1,0,6,0,3,2,3,1,6,6,12,3,12,24,48,192,2,-1,-1
1,0,6,0,3,2,3,1,6,6,12,3,12,24,48,192,2,-1,-1,2,9,0,1,0,6,3,2,3,1,2,12,12,3,12,24,48,192,2,-1,-1
0,1,0,6,3,2,3,1,2,12,12,3,12,24,48,192,2,-1,-1,3,3,0,2,0,6,3,3,3,1,2,12,12,3,12,24,48,192,6,12,24
0,2,0,6,3,3,3,1,2,12,12,3,12,24,48,192,1,-1,-1,0,30,2,0,6,1,6,3,1,0,2,24,3,0,12,24,48,192,3,-1,-1
2,0,6,0,6,3,1,1,2,24,3,0,12,24,48,192,3,-1,-1,2,3,0,2,0,6,6,3,1,1,3,2,24,3,12,24,48,192,2,-1,-1
3,2,0,6,6,3,1,1,0,2,24,3,12,24,48,192,2,-1,-1,3,0,2,2,0,6,3,3,1,1,6,2,24,3,12,24,48,192,1,-1,-1
2,2,0,6,3,3,1,1,6,2,24,3,12,24,48,192,1,-1,-1,0,3,2,2,6,1,6,1,1,0,6,2,24,3,12,24,48,192,3,-1,-1
2,2,6,0,6,1,1,1,6,2,24,3,12,24,48,192,3,-1,-1,3,15,0,3,6,0,2,2,1,1,12,3,24,3,12,24,48,192,1,-1,-1
3,0,6,0,2,2,1,1,12,3,24,3,12,24,48,192,1,-1,-1,2,3,1,3,0,6,0,2,3,1,12,3,24,3,12,24,48,192,2,-1,-1
1,3,0,6,0,2,3,1,12,3,24,3,12,24,48,192,2,-1,-1,3,27,2,3,0,6,1,2,3,1,0,3,24,3,24,24,48,192,2,-1,-1
2,3,0,6,1,2,3,1,0,3,24,3,24,24,48,192,2,-1,-1,2,84,0,2,3,6,2,3,3,1,0,3,24,3,0,48,48,192,2,-1,-1
2,2,3,6,0,3,3,1,0,3,24,3,0,48,48,192,2,-1,-1,2,246,2,2,3,6,2,0,6,1,0,3,24,3,0,0,96,192,1,-1,-1
2,2,3,6,0,0,6,1,0,3,24,3,2,0,96,192,1,-1,-1,3,0,1,0,3,6,2,2,6,1,0,0,24,3,2,3,96,192,2,-1,-1
1,0,3,6,2,2,6,1,0,0,24,3,2,3,96,192,2,-1,-1,3,0,2,0,3,6,1,0,6,1,2,2,24,3,2,3,96,192,3,-1,-1
2,0,3,6,1,0,6,1,2,2,24,3,2,3,96,192,3,-1,-1,3,6,3,0,3,6,2,0,6,1,3,2,24,3,2,3,96,192,3,-1,-1
3,0,3,6,2,0,6,1,3,2,24,3,2,3,96,192,3,-1,-1,2,3,0,3,3,6,3,2,6,1,3,2,24,3,2,3,96,192,3,-1,-1
0,3,3,6,3,2,6,1,3,2,24,3,2,3,96,192,3,-1,-1,2,6,3,0,6,6,3,2,6,1,3,2,24,3,2,3,96,192,3,-1,-1
3,0,6,6,3,2,6,1,3,2,24,3,2,3,96,192,3,-1,-1,3,15,0,0,3,6,3,2,12,1,6,2,24,3,2,3,96,192,1,-1,-1
3,0,0,6,3,2,12,1,6,2,24,3,2,3,96,192,1,-1,-1,3,3,1,0,0,6,6,2,12,1,6,2,24,3,2,3,96,192,1,-1,-1
1,0,0,6,6,2,12,1,6,2,24,3,2,3,96,192,1,-1,-1,3,9,1,0,0,6,1,2,12,1,12,2,24,3,2,3,96,192,1,-1,-1
1,0,0,6,1,2,12,1,12,2,24,3,2,3,96,192,1,-1,-1,2,3,0,1,0,6,1,3,12,1,12,2,24,3,2,3,96,192,2,-1,-1
0,1,0,6,1,3,12,1,12,2,24,3,2,3,96,192,2,-1,-1,2,0,2,0,1,6,1,3,12,1,12,2,24,3,2,3,96,192,2,-1,-1
2,0,1,6,1,3,12,1,12,2,24,3,2,3,96,192,2,-1,-1,3,3,2,0,1,6,3,3,12,1,12,2,24,3,2,3,96,192,3,-1,-1
2,0,1,6,3,3,12,1,12,2,24,3,2,3,96,192,3,-1,-1,2,6,0,2,1,6,3,6,12,1,12,2,24,3,2,3,96,192,1,-1,-1
0,2,1,6,3,6,12,1,12,2,24,3,2,3,96,192,6,12,24,0,27,2,1,6,12,3,6,12,1,12,2,24,3,2,3,96,192,1,-1,-1
2,1,6,12,3,6,12,1,12,2,24,3,2,3,96,192,1,-1,-1,0,3,3,6,12,1,3,6,12,1,12,2,24,3,2,3,96,192,3,-1,-1
3,6,12,1,3,6,12,1,12,2,24,3,2,3,96,192,3,-1,-1,3,42,0,0,3,1,6,12,24,1,12,2,24,3,2,3,96,192,3,-1,-1
3,0,0,1,6,12,24,1,12,2,24,3,2,3,96,192,3,-1,-1,3,84,3,0,3,1,6,12,0,1,12,2,48,3,2,3,96,192,1,-1,-1
3,0,3,1,6,12,0,1,12,2,48,3,2,3,96,192,1,-1,-1,2,0,0,3,3,1,1,6,12,1,12,2,48,3,2,3,96,192,1,-1,-1
0,3,3,1,1,6,12,1,12,2,48,3,2,3,96,192,1,-1,-1,2,3,1,0,6,1,1,6,12,1,12,2,48,3,2,3,96,192,2,-1,-1
1,0,6,1,1,6,12,1,12,2,48,3,2,3,96,192,2,-1,-1,0,0,1,6,1,2,1,6,12,1,12,2,48,3,2,3,96,192,2,-1,-1
1,6,1,2,1,6,12,1,12,2,48,3,2,3,96,192,2,-1,-1,3,12,1,2,1,0,1,12,12,3,12,2,48,3,2,3,96,192,1,-1,-1
1,0,1,2,1,12,12,3,12,2,48,3,2,3,96,192,1,-1,-1,2,30,1,1,0,3,0,1,24,3,12,2,48,3,2,3,96,192,2,-1,-1
0,1,0,3,1,1,24,3,12,2,48,3,2,3,96,192,2,-1,-1,3,6,0,2,0,0,1,1,24,3,12,3,48,6,2,3,96,192,3,-1,-1
0,2,0,0,1,1,24,3,12,3,48,6,2,3,96,192,3,-1,-1,3,6,0,3,0,0,1,2,24,3,12,1,48,6,2,6,96,192,2,-1,-1
0,3,0,0,1,2,24,3,12,1,48,6,2,6,96,192,2,-1,-1,3,3,0,2,0,0,1,3,24,3,12,3,48,6,2,6,96,192,3,-1,-1
0,2,0,0,1,3,24,3,12,3,48,6,2,6,96,192,3,-1,-1,3,6,0,3,0,0,1,2,24,3,12,6,48,6,2,6,96,192,2,-1,-1
0,3,0,0,1,2,24,3,12,6,48,6,2,6,96,192,2,-1,-1,2,3,0,0,3,0,2,3,24,3,12,6,48,6,2,6,96,192,6,12,24
2,0,3,0,0,3,24,3,12,6,48,6,2,6,96,192,3,-1,-1,3,12,0,3,3,0,2,0,24,3,12,3,48,6,2,12,96,192,1,-1,-1
3,0,3,0,2,0,24,3,12,3,48,6,2,12,96,192,1,-1,-1,2,0,0,3,0,3,1,2,24,3,12,3,48,6,2,12,96,192,2,-1,-1
0,3,0,3,1,2,24,3,12,3,48,6,2,12,96,192,2,-1,-1,2,3,2,0,3,3,0,3,24,3,12,3,48,6,2,12,96,192,1,-1,-1
2,0,3,3,0,3,24,3,12,3,48,6,2,12,96,192,1,-1,-1,3,6,0,0,3,1,2,0,24,6,12,6,48,6,2,12,96,192,2,-1,-1
1,0,3,0,2,0,24,6,12,6,48,6,2,12,96,192,2,-1,-1,3,12,0,0,3,2,3,0,24,0,12,6,48,12,2,12,96,192,1,-1,-1
2,0,3,0,3,0,24,0,12,6,48,12,2,12,96,192,1,-1,-1,2,0,0,2,0,3,1,3,0,24,12,6,48,12,2,12,96,192,1,-1,-1
0,2,0,3,1,3,0,24,12,6,48,12,2,12,96,192,1,-1,-1,0,0,2,0,3,1,1,3,24,0,12,6,48,12,2,12,96,192,3,-1,-1
2,0,3,0,1,3,24,1,12,6,48,12,2,12,96,192,3,-1,-1,3,6,3,0,3,0,3,3,24,1,12,6,48,12,2,12,96,192,3,-1,-1
3,0,3,0,3,3,24,1,12,6,48,12,2,12,96,192,3,-1,-1,2,6,0,3,0,3,3,6,24,1,12,6,48,12,2,12,96,192,2,-1,-1
3,3,0,3,0,6,24,1,12,6,48,12,2,12,96,192,2,-1,-1,3,9,0,2,0,3,3,3,24,1,12,12,48,12,2,12,96,192,1,-1,-1
0,2,0,3,3,3,24,1,12,12,48,12,2,12,96,192,1,-1,-1,2,30,0,0,2,3,0,6,24,1,1,24,48,12,2,12,96,192,1,-1,-1
1,0,2,3,0,6,24,1,0,24,48,12,2,12,96,192,1,-1,-1,3,0,1,0,2,3,1,6,24,1,0,24,48,12,2,12,96,192,3,-1,-1
1,0,2,3,1,6,24,1,0,24,48,12,2,12,96,192,6,12,24,3,81,24,0,2,3,1,6,24,1,1,24,48,12,2,12,96,192,3,-1,-1
24,0,2,3,1,6,24,1,1,24,48,12,2,12,96,192,3,-1,-1,3,6,3,0,2,3,24,6,24,1,1,24,48,12,3,12,96,192,3,-1,-1
3,0,2,3,24,6,24,1,1,24,48,12,3,12,96,192,3,-1,-1,2,3,3,3,2,3,24,6,24,1,1,24,48,12,3,12,96,192,1,-1,-1
3,3,2,3,24,6,24,1,1,24,48,12,3,12,96,192,6,12,24,2,84,24,6,2,3,24,6,24,1,1,24,48,12,3,12,96,192,1,-1,-1
24,6,2,3,24,6,24,1,1,24,48,12,3,12,96,192,1,-1,-1,3,90,0,1,2,3,48,12,24,1,1,24,48,12,3,12,96,192,3,-1,-1
1,0,2,3,48,12,24,1,1,24,48,12,3,12,96,192,3,-1,-1,0,3,1,2,3,3,48,12,24,1,1,24,48,12,3,12,96,192,1,-1,-1
1,2,3,3,48,12,24,1,1,24,48,12,3,12,96,192,1,-1,-1,0,3,3,3,3,1,48,12,24,1,1,24,48,12,3,12,96,192,2,-1,-1
3,3,3,1,48,12,24,1,1,24,48,12,3,12,96,192,2,-1,-1,0,3,6,3,1,2,48,12,24,1,1,24,48,12,3,12,96,192,2,-1,-1
6,3,1,2,48,12,24,1,1,24,48,12,3,12,96,192,2,-1,-1,3,3,6,3,1,2,48,12,24,3,1,24,48,12,3,12,96,192,3,-1,-1
6,3,1,2,48,12,24,3,1,24,48,12,3,12,96,192,3,-1,-1,0,6,6,3,3,3,48,12,24,3,1,24,48,12,3,12,96,192,2,-1,-1
6,3,3,3,48,12,24,3,1,24,48,12,3,12,96,192,2,-1,-1,0,3,6,6,3,2,48,12,24,3,1,24,48,12,3,12,96,192,1,-1,-1
6,6,3,2,48,12,24,3,1,24,48,12,3,12,96,192,1,-1,-1,0,9,12,3,2,1,48,12,24,3,1,24,48,12,3,12,96,192,3,-1,-1
12,3,2,1,48,12,24,3,1,24,48,12,3,12,96,192,3,-1,-1,2,6,3,12,3,3,48,12,24,3,1,24,48,12,3,12,96,192,2,-1,-1
3,12,3,3,48,12,24,3,1,24,48,12,3,12,96,192,2,-1,-1,3,30,3,2,3,0,48,24,24,6,1,24,48,12,3,12,96,192,1,-1,-1
3,0,3,2,48,24,24,6,1,24,48,12,3,12,96,192,1,-1,-1,2,81,1,3,3,2,0,48,48,6,1,24,48,12,3,12,96,192,2,-1,-1
1,3,3,2,0,48,48,6,1,24,48,12,3,12,96,192,2,-1,-1,3,243,2,3,0,2,1,48,3,6,1,24,96,12,3,12,96,192,1,-1,-1
2,3,0,2,1,48,3,6,1,24,96,12,3,12,96,192,1,-1,-1,3,732,1,3,0,2,3,48,0,6,1,24,3,12,3,12,192,192,6,12,24
0,3,1,2,3,48,0,6,1,24,3,12,3,12,192,192,2,-1,-1,2,2190,2,0,3,3,0,3,48,6,1,24,3,12,0,3,12,384,3,-1,-1
2,0,3,3,0,3,48,6,1,24,3,12,0,3,12,384,3,-1,-1,3,3,3,0,3,3,2,3,48,6,0,24,3,12,1,3,12,384,3,-1,-1
3,0,3,3,2,3,48,6,0,24,3,12,1,3,12,384,3,-1,-1,3,3,3,0,3,3,3,3,48,6,2,24,3,12,1,3,12,384,3,-1,-1
3,0,3,3,3,3,48,6,2,24,3,12,1,3,12,384,3,-1,-1,3,6,3,0,3,3,3,3,48,6,3,24,3,12,3,3,12,384,1,-1,-1
3,0,3,3,3,3,48,6,3,24,3,12,3,3,12,384,1,-1,-1,2,9,0,3,0,6,0,6,48,6,3,24,3,12,1,6,12,384,2,-1,-1
0,3,0,6,0,6,48,6,3,24,3,12,1,6,12,384,2,-1,-1,3,9,0,3,0,2,0,6,48,12,3,24,3,12,1,6,12,384,1,-1,-1
0,3,0,2,0,6,48,12,3,24,3,12,1,6,12,384,1,-1,-1,3,27,0,3,0,1,0,6,48,2,3,24,3,24,1,6,12,384,3,-1,-1
0,3,0,1,0,6,48,2,3,24,3,24,1,6,12,384,3,-1,-1,3,6,0,3,0,3,0,6,48,3,3,24,3,24,1,6,12,384,2,-1,-1
0,3,0,3,0,6,48,3,3,24,3,24,1,6,12,384,2,-1,-1,2,0,2,0,3,3,0,6,48,3,3,24,3,24,1,6,12,384,3,-1,-1
2,0,3,3,0,6,48,3,3,24,3,24,1,6,12,384,3,-1,-1,3,6,0,0,3,3,2,6,48,6,3,24,3,24,1,6,12,384,3,-1,-1
3,0,3,0,2,6,48,6,3,24,3,24,1,6,12,384,3,-1,-1,2,3,3,3,0,3,2,6,48,6,3,24,3,24,1,6,12,384,2,-1,-1
3,3,0,3,2,6,48,6,3,24,3,24,1,6,12,384,12,24,48,0,246,6,0,3,48,2,6,48,6,3,24,3,24,1,6,12,384,2,-1,-1
6,0,3,48,2,6,48,6,3,24,3,24,1,6,12,384,2,-1,-1,0,0,6,3,48,2,2,6,48,6,3,24,3,24,1,6,12,384,3,-1,-1
6,3,48,2,2,6,48,6,3,24,3,24,1,6,12,384,3,-1,-1,3,246,6,3,3,2,2,6,96,6,3,24,3,24,1,6,12,384,1,-1,-1
6,3,3,2,2,6,96,6,3,24,3,24,1,6,12,384,1,-1,-1,0,3,6,6,2,1,2,6,96,6,3,24,3,24,1,6,12,384,1,-1,-1
6,6,2,1,2,6,96,6,3,24,3,24,1,6,12,384,1,-1,-1,3,9,6,1,2,1,2,12,96,6,3,24,3,24,1,6,12,384,2,-1,-1
6,1,2,1,2,12,96,6,3,24,3,24,1,6,12,384,2,-1,-1,2,3,2,6,1,3,2,12,96,6,3,24,3,24,1,6,12,384,2,-1,-1
1516451348
0,3,0,1,0,1,0,3,3,0,0,1,0,2,1,2,2,-1,-1,2,3,0,0,3,1,2,0,1,3,0,3,0,1,0,0,2,3,3,-1,-1
0,0,3,1,0,0,1,3,0,3,0,1,2,0,2,3,3,-1,-1,3,3,0,0,3,1,0,0,3,3,0,0,1,1,2,3,2,3,2,-1,-1
0,0,3,1,0,0,3,3,0,0,1,1,2,3,2,3,2,-1,-1,3,3,0,0,2,1,0,0,3,3,0,0,3,1,2,3,3,3,2,-1,-1
0,0,2,1,0,0,3,3,0,0,3,1,2,3,3,3,2,-1,-1,2,9,0,0,0,3,2,0,0,6,0,0,3,1,0,2,3,6,2,-1,-1
0,0,0,3,2,0,0,6,0,0,3,1,0,2,3,6,2,-1,-1,3,3,0,0,2,3,0,0,0,6,2,0,0,1,0,2,6,6,3,-1,-1
2,0,0,3,0,0,0,6,2,0,0,1,0,2,6,6,3,-1,-1,2,12,0,2,0,3,0,0,0,6,0,2,0,1,3,0,2,12,3,-1,-1
0,2,0,3,0,0,0,6,3,2,0,1,0,0,2,12,3,-1,-1,2,3,3,0,2,3,0,0,0,6,0,3,2,1,0,0,2,12,3,-1,-1
0,0,2,3,0,0,0,6,3,3,2,1,0,0,2,12,3,-1,-1,2,6,0,0,2,3,0,0,0,6,3,3,3,3,0,0,2,12,1,-1,-1
0,0,2,3,0,0,0,6,3,3,3,3,0,0,2,12,1,-1,-1,2,3,0,0,2,3,0,0,0,6,1,3,3,6,0,0,2,12,1,-1,-1
0,0,2,3,0,0,0,6,1,3,3,6,0,0,2,12,1,-1,-1,2,3,0,0,2,3,0,0,0,6,1,1,6,6,0,0,2,12,2,-1,-1
0,0,2,3,0,0,0,6,1,1,6,6,0,0,2,12,2,-1,-1,2,9,0,0,2,3,0,0,0,6,2,1,1,12,0,0,2,12,3,-1,-1
0,0,2,3,0,0,0,6,2,1,1,12,0,0,2,12,3,-1,-1,3,33,0,0,0,3,0,0,2,3,0,0,0,6,2,1,3,24,1,-1,-1
3,0,0,0,0,0,2,3,0,0,0,6,2,1,3,24,1,-1,-1,3,0,0,0,1,0,3,0,0,3,0,0,2,6,2,1,3,24,2,-1,-1
0,0,1,0,3,0,0,3,0,0,2,6,2,1,3,24,2,-1,-1,3,0,0,0,2,0,0,0,1,3,3,0,2,6,2,1,3,24,1,-1,-1
0,0,2,0,0,0,1,3,3,0,2,6,2,1,3,24,1,-1,-1,3,3,0,0,1,0,0,0,2,3,3,0,3,6,2,1,3,24,3,-1,-1
0,0,1,0,0,0,2,3,3,0,3,6,2,1,3,24,3,-1,-1,2,6,0,0,0,1,0,0,2,3,3,3,3,6,0,3,3,24,1,-1,-1
3,0,0,1,0,0,2,3,0,3,3,6,0,3,3,24,1,-1,-1,2,6,0,3,0,1,0,0,2,3,1,0,6,6,0,0,6,24,2,-1,-1
1,3,0,1,0,0,2,3,0,0,6,6,0,0,6,24,2,-1,-1,2,9,0,1,3,1,0,0,2,3,2,0,0,12,0,0,6,24,3,-1,-1
0,1,3,1,0,0,2,3,2,0,0,12,0,0,6,24,3,-1,-1,2,3,0,1,3,1,0,0,2,3,3,2,0,12,0,0,6,24,2,-1,-1
0,1,3,1,0,0,2,3,3,2,0,12,0,0,6,24,2,-1,-1,3,0,2,0,0,1,0,1,3,3,0,0,2,12,3,2,6,24,3,-1,-1
0,0,2,1,0,1,3,3,0,0,2,12,3,2,6,24,3,-1,-1,3,3,0,3,2,1,0,0,3,3,0,1,2,12,3,2,6,24,1,-1,-1
0,3,2,1,0,0,3,3,0,1,2,12,3,2,6,24,1,-1,-1,2,9,0,0,3,3,1,0,0,6,0,0,3,12,3,2,6,24,2,-1,-1
0,0,3,3,0,0,0,6,1,0,3,12,3,2,6,24,2,-1,-1,2,3,2,0,0,6,0,0,0,6,0,1,3,12,3,2,6,24,3,-1,-1
2,0,0,6,0,0,0,6,0,1,3,12,3,2,6,24,3,-1,-1,3,15,0,3,0,0,2,0,0,12,0,0,3,12,3,3,6,24,1,-1,-1
0,0,0,3,2,0,0,12,0,0,3,12,3,3,6,24,1,-1,-1,3,27,0,0,0,1,0,0,0,3,2,0,3,24,3,3,6,24,1,-1,-1
1,0,0,0,0,0,0,3,2,0,3,24,3,3,6,24,1,-1,-1,3,81,1,0,0,0,1,0,0,0,2,0,3,3,3,3,6,48,2,-1,-1
0,0,0,1,1,0,0,0,2,0,3,3,3,3,6,48,2,-1,-1,3,3,2,0,0,0,0,0,0,1,3,0,3,3,3,3,6,48,1,-1,-1
0,0,0,2,0,0,0,1,3,0,3,3,3,3,6,48,1,-1,-1,3,6,0,0,0,1,0,0,0,3,0,0,3,3,6,3,6,48,2,-1,-1
0,0,0,1,0,0,0,3,0,0,3,3,6,3,6,48,2,-1,-1,3,3,0,0,0,2,0,0,0,1,0,0,3,6,6,3,6,48,2,-1,-1
0,0,0,2,0,0,0,1,0,0,3,6,6,3,6,48,2,-1,-1,3,3,0,0,0,2,0,0,0,3,0,0,3,6,6,3,6,48,3,-1,-1
0,0,0,2,0,0,0,3,0,0,3,6,6,3,6,48,3,-1,-1,0,3,0,0,2,3,0,0,3,0,0,3,6,0,6,3,6,48,2,-1,-1
0,0,2,3,0,0,3,0,0,3,6,0,6,3,6,48,2,-1,-1,3,12,0,0,0,2,0,0,2,3,0,0,3,0,6,6,12,48,2,-1,-1
0,2,0,0,0,0,2,3,0,0,3,0,6,6,12,48,2,-1,-1,2,9,2,0,2,0,0,0,2,3,0,0,0,3,0,12,12,48,3,-1,-1
0,0,2,0,0,0,2,3,0,0,0,3,2,12,12,48,3,-1,-1,3,6,0,0,0,3,0,0,2,0,0,0,2,6,2,12,12,48,3,-1,-1
0,0,3,0,0,0,2,0,0,0,2,6,2,12,12,48,3,-1,-1,2,30,3,0,0,3,0,0,0,2,0,0,2,6,0,2,24,48,1,-1,-1
3,0,0,3,0,0,0,2,0,0,2,6,0,2,24,48,1,-1,-1,3,0,1,0,0,3,3,0,0,2,0,0,2,6,0,2,24,48,1,-1,-1
1,0,0,3,3,0,0,2,0,0,2,6,0,2,24,48,1,-1,-1,3,0,1,0,0,3,1,0,0,2,3,0,2,6,0,2,24,48,1,-1,-1
1,0,0,3,1,0,0,2,3,0,2,6,0,2,24,48,1,-1,-1,3,0,1,0,0,3,1,0,0,2,1,0,2,6,3,2,24,48,3,-1,-1
1,0,0,3,1,0,0,2,1,0,2,6,3,2,24,48,6,-1,-1,2,9,0,1,0,3,6,1,0,2,0,1,2,6,3,2,24,48,3,-1,-1
0,1,0,3,0,1,0,2,6,1,2,6,3,2,24,48,6,-1,-1,3,12,0,6,0,3,0,1,0,2,6,1,2,6,3,3,24,48,6,-1,-1
0,6,0,3,0,1,0,2,6,1,2,6,3,3,24,48,3,-1,-1,2,9,0,0,6,3,0,0,1,2,3,6,3,6,0,6,24,48,6,-1,-1
0,0,6,3,0,0,1,2,3,6,3,6,0,6,24,48,2,-1,-1,2,3,0,0,6,3,2,0,0,3,3,6,3,6,0,6,24,48,1,-1,-1
0,0,6,3,2,0,0,3,3,6,3,6,0,6,24,48,6,-1,-1,3,21,6,0,0,0,0,0,6,6,2,0,3,6,3,12,24,48,1,-1,-1
6,0,0,0,0,0,6,6,2,0,3,6,3,12,24,48,6,-1,-1,3,18,0,0,0,6,6,0,6,0,2,0,3,12,3,12,24,48,1,-1,-1
0,0,0,6,6,0,6,0,2,0,3,12,3,12,24,48,1,-1,-1,3,0,0,0,0,1,6,0,6,6,2,0,3,12,3,12,24,48,1,-1,-1
0,0,0,1,6,0,6,6,2,0,3,12,3,12,24,48,1,-1,-1,2,9,0,0,0,1,0,6,0,12,1,2,3,12,3,12,24,48,3,-1,-1
0,0,0,1,1,6,0,12,0,2,3,12,3,12,24,48,3,-1,-1,3,30,0,0,0,3,0,6,0,1,1,2,3,24,3,12,24,48,1,-1,-1
0,0,0,3,0,6,0,1,1,2,3,24,3,12,24,48,1,-1,-1,2,3,0,0,0,3,1,0,6,1,0,3,3,24,3,12,24,48,1,-1,-1
0,0,0,3,1,0,6,1,0,3,3,24,3,12,24,48,1,-1,-1,3,0,1,0,0,3,0,0,6,1,1,3,3,24,3,12,24,48,3,-1,-1
1,0,0,3,0,0,6,1,1,3,3,24,3,12,24,48,3,-1,-1,2,6,0,1,0,3,0,0,6,1,3,1,6,24,3,12,24,48,3,-1,-1
0,1,0,3,0,0,6,1,3,1,6,24,3,12,24,48,3,-1,-1,3,15,3,0,0,3,0,1,0,1,0,1,12,24,6,12,24,48,2,-1,-1
3,0,0,3,0,1,0,1,0,1,12,24,6,12,24,48,2,-1,-1,3,0,2,0,0,3,3,1,0,1,0,1,12,24,6,12,24,48,2,-1,-1
2,0,0,3,3,1,0,1,0,1,12,24,6,12,24,48,2,-1,-1,3,0,2,0,0,3,2,1,0,1,3,1,12,24,6,12,24,48,3,-1,-1
2,0,0,3,2,1,0,1,3,1,12,24,6,12,24,48,3,-1,-1,2,3,0,2,0,3,3,2,1,1,3,1,12,24,6,12,24,48,2,-1,-1
3,2,0,3,0,2,1,1,3,1,12,24,6,12,24,48,2,-1,-1,3,3,2,0,0,3,3,2,1,1,3,3,12,24,6,12,24,48,1,-1,-1
2,0,0,3,3,2,1,1,3,3,12,24,6,12,24,48,1,-1,-1,2,6,1,2,0,3,0,3,3,1,0,6,12,24,6,12,24,48,3,-1,-1
1,2,0,3,0,3,3,1,0,6,12,24,6,12,24,48,3,-1,-1,2,6,0,1,2,3,3,0,6,1,0,6,12,24,6,12,24,48,2,-1,-1
3,1,2,3,0,0,6,1,0,6,12,24,6,12,24,48,2,-1,-1,3,0,2,0,2,3,3,1,6,1,0,6,12,24,6,12,24,48,2,-1,-1
0,2,2,3,3,1,6,1,0,6,12,24,6,12,24,48,2,-1,-1,3,3,2,0,2,3,0,3,6,1,3,6,12,24,6,12,24,48,3,-1,-1
0,2,2,3,0,3,6,1,3,6,12,24,6,12,24,48,3,-1,-1,0,3,2,2,3,0,3,6,1,3,3,6,12,24,6,12,24,48,3,-1,-1
2,2,3,0,3,6,1,3,3,6,12,24,6,12,24,48,3,-1,-1,3,15,0,3,3,0,2,2,1,3,6,12,12,24,6,12,24,48,2,-1,-1
3,0,3,0,2,2,1,3,6,12,12,24,6,12,24,48,2,-1,-1,2,30,2,3,0,3,0,2,3,3,0,6,24,24,6,12,24,48,2,-1,-1
2,3,0,3,0,2,3,3,0,6,24,24,6,12,24,48,6,-1,-1,2,93,6,2,3,3,0,0,2,6,0,0,6,48,6,12,24,48,2,-1,-1
0,2,3,3,6,0,2,6,0,0,6,48,6,12,24,48,2,-1,-1,2,3,2,0,2,6,0,6,2,6,0,0,6,48,6,12,24,48,1,-1,-1
0,0,2,6,2,6,2,6,0,0,6,48,6,12,24,48,1,-1,-1,3,243,0,0,2,1,0,0,2,6,2,6,6,6,6,12,24,96,1,-1,-1
1,0,2,0,0,0,2,6,2,6,6,6,6,12,24,96,1,-1,-1,3,9,1,0,2,0,1,0,2,0,2,6,6,12,6,12,24,96,3,-1,-1
0,0,2,1,1,0,2,0,2,6,6,12,6,12,24,96,3,-1,-1,3,6,3,0,2,0,0,0,2,1,3,6,6,12,6,12,24,96,1,-1,-1
0,0,2,3,0,0,2,1,3,6,6,12,6,12,24,96,1,-1,-1,2,12,0,0,2,3,0,0,0,3,1,3,12,12,6,12,24,96,2,-1,-1
0,0,2,3,1,0,0,3,0,3,12,12,6,12,24,96,2,-1,-1,2,27,0,0,2,3,0,1,0,3,2,0,3,24,6,12,24,96,3,-1,-1
0,0,2,3,2,1,0,3,0,0,3,24,6,12,24,96,3,-1,-1,2,3,0,0,2,3,3,2,1,3,0,0,3,24,6,12,24,96,3,-1,-1
0,0,2,3,3,2,1,3,0,0,3,24,6,12,24,96,3,-1,-1,3,9,0,3,0,0,0,0,3,6,3,2,3,24,6,12,24,96,2,-1,-1
0,0,0,3,0,0,3,6,3,2,3,24,6,12,24,96,6,12,-1,3,12,0,0,6,3,0,0,0,6,3,2,6,24,6,12,24,96,2,-1,-1
0,0,6,3,0,0,0,6,3,2,6,24,6,12,24,96,6,12,-1,3,9,0,0,6,3,0,0,6,6,3,2,6,24,6,12,24,96,2,-1,-1
0,0,6,3,0,0,6,6,3,2,6,24,6,12,24,96,2,-1,-1,3,9,0,0,2,3,0,0,6,6,3,2,12,24,6,12,24,96,3,-1,-1
0,0,2,3,0,0,6,6,3,2,12,24,6,12,24,96,3,-1,-1,2,12,0,0,2,3,3,0,0,12,3,2,12,24,6,12,24,96,1,-1,-1
0,0,2,3,3,0,0,12,3,2,12,24,6,12,24,96,1,-1,-1,3,3,0,0,1,3,0,0,2,12,6,2,12,24,6,12,24,96,2,-1,-1
1,0,0,3,0,0,2,12,6,2,12,24,6,12,24,96,2,-1,-1,3,9,2,0,0,3,1,0,2,12,0,2,12,24,12,12,24,96,6,12,-1
2,0,0,3,1,0,2,12,0,2,12,24,12,12,24,96,1,-1,-1,3,0,1,0,0,3,2,0,2,12,1,2,12,24,12,12,24,96,1,-1,-1
1,0,0,3,2,0,2,12,1,2,12,24,12,12,24,96,1,-1,-1,2,30,0,1,0,3,0,2,2,12,0,3,12,24,1,24,24,96,3,-1,-1
0,1,0,3,0,2,2,12,1,3,12,24,0,24,24,96,3,-1,-1,2,84,0,0,1,3,0,2,2,12,1,3,12,24,3,0,48,96,1,-1,-1
3,0,1,3,0,2,2,12,1,3,12,24,0,0,48,96,1,-1,-1,3,3,1,0,0,3,3,0,3,12,0,2,12,24,1,3,48,96,2,-1,-1
0,0,1,3,3,0,3,12,0,2,12,24,1,3,48,96,6,12,-1,3,27,12,0,1,3,0,0,3,12,3,2,12,24,1,3,48,96,2,-1,-1
12,0,1,3,0,0,3,12,3,2,12,24,1,3,48,96,2,-1,-1,3,0,2,0,1,3,12,0,3,12,3,2,12,24,1,3,48,96,2,-1,-1
2,0,1,3,12,0,3,12,3,2,12,24,1,3,48,96,2,-1,-1,2,0,2,2,1,3,0,12,3,12,3,2,12,24,1,3,48,96,1,-1,-1
0,2,1,3,2,12,3,12,3,2,12,24,1,3,48,96,1,-1,-1,2,3,1,0,3,3,2,12,3,12,3,2,12,24,1,3,48,96,3,-1,-1
1,0,3,3,2,12,3,12,3,2,12,24,1,3,48,96,3,-1,-1,3,9,3,0,0,3,3,12,6,12,3,2,12,24,1,3,48,96,1,-1,-1
0,0,3,3,3,12,6,12,3,2,12,24,1,3,48,96,1,-1,-1,2,3,1,0,0,6,3,12,6,12,3,2,12,24,1,3,48,96,3,-1,-1
1,0,0,6,3,12,6,12,3,2,12,24,1,3,48,96,3,-1,-1,0,3,1,0,6,3,3,12,6,12,3,2,12,24,1,3,48,96,1,-1,-1
1,0,6,3,3,12,6,12,3,2,12,24,1,3,48,96,1,-1,-1,3,12,1,0,0,3,1,12,12,12,6,2,12,24,1,3,48,96,2,-1,-1
0,0,1,3,1,12,12,12,6,2,12,24,1,3,48,96,2,-1,-1,2,27,0,0,1,3,2,1,12,24,6,2,12,24,1,3,48,96,2,-1,-1
0,0,1,3,2,1,12,24,6,2,12,24,1,3,48,96,2,-1,-1,3,111,0,0,0,2,2,0,1,3,6,3,24,48,1,3,48,96,2,-1,-1
0,0,0,2,2,0,1,3,6,3,24,48,1,3,48,96,2,-1,-1,2,0,0,0,0,2,2,2,1,3,6,3,24,48,1,3,48,96,3,-1,-1
0,0,0,2,2,2,1,3,6,3,24,48,1,3,48,96,3,-1,-1,2,6,0,0,0,2,3,2,3,3,6,3,24,48,1,3,48,96,3,-1,-1
0,0,0,2,3,2,3,3,6,3,24,48,1,3,48,96,3,-1,-1,3,6,0,3,0,2,3,0,3,3,6,2,24,48,1,6,48,96,1,-1,-1
0,3,0,2,3,0,3,3,6,2,24,48,1,6,48,96,1,-1,-1,3,0,0,1,0,2,3,3,3,3,6,2,24,48,1,6,48,96,3,-1,-1
0,1,0,2,3,3,3,3,6,2,24,48,1,6,48,96,3,-1,-1,2,6,0,0,1,2,3,3,3,6,6,2,24,48,1,6,48,96,1,-1,-1
3,0,1,2,0,3,3,6,6,2,24,48,1,6,48,96,1,-1,-1,2,6,0,3,0,3,1,0,6,6,6,2,24,48,1,6,48,96,3,-1,-1
0,3,0,3,1,0,6,6,6,2,24,48,1,6,48,96,3,-1,-1,2,12,0,0,3,3,3,1,0,12,6,2,24,48,1,6,48,96,2,-1,-1
3,0,3,3,0,1,0,12,6,2,24,48,1,6,48,96,2,-1,-1,3,3,0,0,2,3,3,0,3,12,6,3,24,48,1,6,48,96,6,12,-1
0,2,0,3,3,0,3,12,6,3,24,48,1,6,48,96,3,-1,-1,2,3,0,0,2,3,3,3,3,12,6,3,24,48,1,6,48,96,2,-1,-1
3,0,2,3,0,3,3,12,6,3,24,48,1,6,48,96,2,-1,-1,3,3,0,2,2,3,3,0,3,12,6,6,24,48,1,6,48,96,3,-1,-1
2,0,2,3,3,0,3,12,6,6,24,48,1,6,48,96,3,-1,-1,3,12,2,3,2,3,3,0,3,12,6,0,24,48,1,12,48,96,1,-1,-1
2,3,2,3,3,0,3,12,6,0,24,48,1,12,48,96,1,-1,-1,2,0,2,3,2,3,1,3,3,12,0,6,24,48,1,12,48,96,2,-1,-1
2,3,2,3,1,3,3,12,0,6,24,48,1,12,48,96,2,-1,-1,3,3,0,2,2,3,2,6,3,12,1,6,24,48,1,12,48,96,2,-1,-1
2,0,2,3,2,6,3,12,1,6,24,48,1,12,48,96,2,-1,-1,3,12,0,2,2,3,2,0,3,12,3,12,24,48,1,12,48,96,1,-1,-1
2,0,2,3,2,0,3,12,3,12,24,48,1,12,48,96,1,-1,-1,2,0,1,2,2,3,0,2,3,12,3,12,24,48,1,12,48,96,1,-1,-1
1,2,2,3,0,2,3,12,3,12,24,48,1,12,48,96,1,-1,-1,3,27,0,1,2,3,1,2,3,12,3,2,24,48,1,24,48,96,3,-1,-1
0,1,2,3,1,2,3,12,3,2,24,48,1,24,48,96,3,-1,-1,2,9,0,0,3,3,3,3,3,12,3,2,24,48,1,24,48,96,2,-1,-1
3,0,3,3,0,3,3,12,3,2,24,48,1,24,48,96,2,-1,-1,3,3,2,0,0,3,3,3,6,12,3,2,24,48,1,24,48,96,3,-1,-1
2,0,0,3,3,3,6,12,3,2,24,48,1,24,48,96,3,-1,-1,2,6,0,2,0,3,3,6,6,12,3,2,24,48,1,24,48,96,2,-1,-1
3,2,0,3,0,6,6,12,3,2,24,48,1,24,48,96,2,-1,-1,2,9,2,3,2,3,0,0,12,12,3,2,24,48,1,24,48,96,1,-1,-1
0,3,2,3,2,0,12,12,3,2,24,48,1,24,48,96,1,-1,-1,2,27,0,3,2,3,1,2,0,24,3,2,24,48,1,24,48,96,1,-1,-1
0,3,2,3,1,2,0,24,3,2,24,48,1,24,48,96,1,-1,-1,2,0,0,3,2,3,1,1,2,24,3,2,24,48,1,24,48,96,6,12,-1
0,3,2,3,1,1,2,24,3,2,24,48,1,24,48,96,6,12,-1,3,12,0,6,2,3,1,3,2,24,3,3,24,48,1,24,48,96,2,-1,-1
0,6,2,3,1,3,2,24,3,3,24,48,1,24,48,96,2,-1,-1,3,3,0,2,2,3,1,6,2,24,3,6,24,48,1,24,48,96,1,-1,-1
0,2,2,3,1,6,2,24,3,6,24,48,1,24,48,96,1,-1,-1,3,9,0,1,2,3,1,2,2,24,3,12,24,48,1,24,48,96,3,-1,-1
0,1,2,3,1,2,2,24,3,12,24,48,1,24,48,96,3,-1,-1,2,9,3,0,3,3,0,3,2,24,3,12,24,48,1,24,48,96,1,-1,-1
3,0,3,3,0,3,2,24,3,12,24,48,1,24,48,96,1,-1,-1,3,0,1,0,3,3,3,3,2,24,3,12,24,48,1,24,48,96,2,-1,-1
1,0,3,3,3,3,2,24,3,12,24,48,1,24,48,96,2,-1,-1,2,6,0,1,0,6,2,6,2,24,3,12,24,48,1,24,48,96,3,-1,-1
2,1,0,6,0,6,2,24,3,12,24,48,1,24,48,96,3,-1,-1,2,3,3,2,1,6,0,6,2,24,3,12,24,48,1,24,48,96,2,-1,-1
3,2,1,6,0,6,2,24,3,12,24,48,1,24,48,96,2,-1,-1,3,3,2,2,0,6,3,6,3,24,3,12,24,48,1,24,48,96,1,-1,-1
2,2,0,6,3,6,3,24,3,12,24,48,1,24,48,96,1,-1,-1,2,0,1,2,2,6,3,6,3,24,3,12,24,48,1,24,48,96,1,-1,-1
1,2,2,6,3,6,3,24,3,12,24,48,1,24,48,96,1,-1,-1,0,3,3,2,6,1,3,6,3,24,3,12,24,48,1,24,48,96,3,-1,-1
3,2,6,1,3,6,3,24,3,12,24,48,1,24,48,96,3,-1,-1,3,6,3,2,6,1,3,6,3,24,6,12,24,48,1,24,48,96,3,-1,-1
3,2,6,1,3,6,3,24,6,12,24,48,1,24,48,96,3,-1,-1,3,6,3,2,6,1,6,6,3,24,6,12,24,48,1,24,48,96,1,-1,-1
3,2,6,1,6,6,3,24,6,12,24,48,1,24,48,96,1,-1,-1,0,9,3,2,6,1,12,3,24,1,6,12,24,48,1,24,48,96,3,-1,-1
3,2,6,1,12,3,24,1,6,12,24,48,1,24,48,96,6,12,-1,3,108,3,2,12,1,12,3,6,1,6,12,48,48,1,24,48,96,6,12,-1
3,2,12,1,12,3,6,1,6,12,48,48,1,24,48,96,3,-1,-1,2,246,3,2,12,1,12,3,6,1,3,6,12,96,1,24,48,96,1,-1,-1
3,2,12,1,12,3,6,1,3,6,12,96,1,24,48,96,1,-1,-1,3,729,3,2,12,1,12,3,6,1,3,6,12,1,1,24,48,192,2,-1,-1
1516451450
1,0,1,0,2,0,1,0,0,3,2,0,0,3,2,3,1,-1,-1,3,6,0,1,0,0,1,0,1,0,2,0,3,0,0,6,2,3,3,-1,-1
0,1,0,0,1,0,1,0,2,0,3,0,0,6,2,3,3,-1,-1,2,3,3,0,1,0,0,1,0,1,0,2,0,3,0,6,2,3,2,-1,-1
3,0,1,0,0,1,0,1,0,2,0,3,0,6,2,3,2,-1,-1,3,6,2,0,0,0,3,0,1,0,0,3,0,1,0,6,2,6,1,-1,-1
0,0,2,0,3,0,1,0,0,3,0,1,0,6,2,6,1,-1,-1,3,0,1,0,0,0,0,0,2,0,3,3,1,1,0,6,2,6,1,-1,-1
0,0,1,0,0,0,2,0,3,3,1,1,0,6,2,6,1,-1,-1,3,3,1,0,0,0,0,0,1,0,0,3,2,1,3,6,3,6,3,-1,-1
1,0,0,0,0,0,1,0,0,3,2,1,3,6,3,6,3,-1,-1,2,6,0,1,0,0,0,0,0,1,3,0,3,3,3,6,3,6,3,-1,-1
3,1,0,0,0,0,0,1,0,0,3,3,3,6,3,6,3,-1,-1,2,6,0,3,1,0,0,0,0,1,3,0,0,6,3,6,3,6,3,-1,-1
0,3,1,0,0,0,0,1,3,0,0,6,3,6,3,6,3,-1,-1,2,3,3,0,3,1,0,0,0,1,0,3,0,6,3,6,3,6,2,-1,-1
0,0,3,1,0,0,0,1,3,3,0,6,3,6,3,6,2,-1,-1,2,0,0,0,3,1,0,0,0,1,2,3,3,6,3,6,3,6,1,-1,-1
0,0,3,1,0,0,0,1,2,3,3,6,3,6,3,6,1,-1,-1,3,12,0,0,0,1,0,0,3,1,2,3,0,1,3,6,6,12,2,-1,-1
0,0,1,0,0,0,3,1,2,3,0,1,3,6,6,12,2,-1,-1,3,0,0,0,2,0,0,0,1,1,2,3,3,1,3,6,6,12,1,-1,-1
0,0,2,0,0,0,1,1,2,3,3,1,3,6,6,12,1,-1,-1,2,12,1,0,0,2,0,0,1,1,0,2,6,1,0,3,12,12,2,-1,-1
1,0,0,2,0,0,1,1,0,2,6,1,0,3,12,12,2,-1,-1,2,27,2,1,0,2,0,0,1,1,0,2,6,1,0,0,3,24,3,-1,-1
0,1,0,2,0,0,1,1,0,2,6,1,2,0,3,24,3,-1,-1,2,3,3,0,1,2,0,0,1,1,0,2,6,1,0,2,3,24,2,-1,-1
3,0,1,2,0,0,1,1,0,2,6,1,0,2,3,24,2,-1,-1,2,3,2,3,0,3,0,0,1,1,0,2,6,1,0,2,3,24,2,-1,-1
2,3,0,3,0,0,1,1,0,2,6,1,0,2,3,24,2,-1,-1,2,0,2,2,3,3,0,0,1,1,0,2,6,1,0,2,3,24,3,-1,-1
2,2,3,3,0,0,1,1,0,2,6,1,0,2,3,24,3,-1,-1,3,3,3,0,3,3,2,2,1,1,0,2,6,1,0,2,3,24,2,-1,-1
3,0,3,3,2,2,1,1,0,2,6,1,0,2,3,24,2,-1,-1,2,6,0,3,0,6,2,2,3,1,0,2,6,1,0,2,3,24,1,-1,-1
0,3,0,6,2,2,3,1,0,2,6,1,0,2,3,24,1,-1,-1,2,0,1,0,3,6,2,2,3,1,0,2,6,1,0,2,3,24,3,-1,-1
1,0,3,6,2,2,3,1,0,2,6,1,0,2,3,24,3,-1,-1,3,6,3,0,0,6,1,2,6,1,2,2,6,1,0,2,3,24,2,-1,-1
3,0,0,6,1,2,6,1,2,2,6,1,0,2,3,24,2,-1,-1,3,9,2,0,0,6,3,2,0,1,1,2,12,1,2,2,3,24,3,-1,-1
0,0,2,6,3,2,0,1,1,2,12,1,2,2,3,24,3,-1,-1,0,6,0,2,6,0,3,2,1,0,3,12,1,3,2,2,3,24,1,-1,-1
0,2,6,3,3,2,1,0,3,12,1,0,2,2,3,24,1,-1,-1,0,3,2,6,3,0,3,3,0,1,3,12,1,0,2,2,3,24,1,-1,-1
2,6,3,1,3,3,0,0,3,12,1,0,2,2,3,24,1,-1,-1,2,0,2,6,3,1,0,3,3,0,1,3,12,1,2,2,3,24,1,-1,-1
2,6,3,1,0,3,3,0,1,3,12,1,2,2,3,24,1,-1,-1,3,9,1,0,0,0,2,6,6,1,0,6,12,1,3,2,3,24,2,-1,-1
0,0,0,1,2,6,6,1,0,6,12,1,3,2,3,24,2,-1,-1,0,9,0,0,1,0,2,12,1,0,6,12,1,2,3,2,3,24,3,-1,-1
0,0,1,0,2,12,1,0,6,12,1,2,3,2,3,24,3,-1,-1,0,6,0,1,0,0,2,12,1,0,6,12,3,3,3,2,3,24,3,-1,-1
0,1,0,0,2,12,1,0,6,12,3,3,3,2,3,24,3,-1,-1,3,33,0,0,3,0,2,1,0,0,6,24,1,3,3,2,6,24,1,-1,-1
0,3,0,0,2,1,0,0,6,24,1,3,3,2,6,24,1,-1,-1,0,3,3,0,0,0,3,0,0,1,6,24,1,3,3,2,6,24,2,-1,-1
3,0,0,0,3,0,0,1,6,24,1,3,3,2,6,24,2,-1,-1,0,0,3,0,0,0,3,0,1,2,6,24,1,3,3,2,6,24,2,-1,-1
3,0,0,0,3,0,1,2,6,24,1,3,3,2,6,24,2,-1,-1,0,0,3,0,0,0,3,1,2,2,6,24,1,3,3,2,6,24,1,-1,-1
3,0,0,0,3,1,2,2,6,24,1,3,3,2,6,24,1,-1,-1,3,6,1,0,0,0,6,1,0,2,6,24,3,3,3,2,6,24,3,-1,-1
0,0,1,0,6,1,0,2,6,24,3,3,3,2,6,24,3,-1,-1,2,6,0,0,0,1,3,6,1,2,0,6,24,6,3,2,6,24,1,-1,-1
3,0,0,1,0,6,1,2,0,6,24,6,3,2,6,24,1,-1,-1,2,3,0,3,0,1,1,0,6,3,0,6,24,6,3,2,6,24,3,-1,-1
0,3,0,1,1,0,6,3,0,6,24,6,3,2,6,24,3,-1,-1,3,3,0,3,0,1,0,3,6,3,1,6,24,6,3,2,6,24,2,-1,-1
3,0,0,1,0,3,6,3,1,6,24,6,3,2,6,24,2,-1,-1,0,0,3,0,1,0,3,6,3,2,1,6,24,6,3,2,6,24,2,-1,-1
3,0,1,2,3,6,3,0,1,6,24,6,3,2,6,24,2,-1,-1,3,12,0,2,1,0,6,0,3,2,1,12,24,6,3,2,6,24,3,-1,-1
0,0,1,2,6,0,3,2,1,12,24,6,3,2,6,24,3,-1,-1,2,6,3,0,0,3,0,6,3,2,1,12,24,6,3,2,6,24,1,-1,-1
0,0,0,3,3,6,3,2,1,12,24,6,3,2,6,24,1,-1,-1,0,0,0,0,3,1,3,6,3,2,1,12,24,6,3,2,6,24,3,-1,-1
0,0,3,1,3,6,3,2,1,12,24,6,3,2,6,24,3,-1,-1,3,9,0,0,3,0,3,6,6,3,1,12,24,6,3,2,6,24,2,-1,-1
0,0,0,3,3,6,6,3,1,12,24,6,3,2,6,24,2,-1,-1,3,3,0,0,0,2,3,6,6,6,1,12,24,6,3,2,6,24,1,-1,-1
0,0,0,2,3,6,6,6,1,12,24,6,3,2,6,24,1,-1,-1,3,9,0,0,0,1,3,6,6,2,1,12,24,12,3,2,6,24,2,-1,-1
0,0,0,1,3,6,6,2,1,12,24,12,3,2,6,24,2,-1,-1,3,3,0,0,0,2,3,6,6,3,1,12,24,12,3,2,6,24,2,-1,-1
0,0,0,2,3,6,6,3,1,12,24,12,3,2,6,24,2,-1,-1,0,9,0,0,2,0,3,12,3,2,1,12,24,12,3,2,6,24,2,-1,-1
0,0,2,0,3,12,3,2,1,12,24,12,3,2,6,24,2,-1,-1,3,27,0,2,2,0,3,0,3,2,1,24,24,12,3,2,6,24,3,-1,-1
0,2,2,0,3,0,3,2,1,24,24,12,3,2,6,24,3,-1,-1,2,84,3,0,2,2,0,3,3,2,0,1,48,12,3,2,6,24,3,-1,-1
3,0,2,2,0,3,3,2,0,1,48,12,3,2,6,24,3,-1,-1,3,6,0,3,2,2,3,0,3,2,0,3,48,12,3,3,6,24,1,-1,-1
0,3,2,2,3,0,3,2,0,3,48,12,3,3,6,24,1,-1,-1,3,3,1,0,2,2,0,3,3,2,3,0,48,12,3,6,6,24,3,-1,-1
1,0,2,2,0,3,3,2,3,0,48,12,3,6,6,24,3,-1,-1,2,15,0,1,2,2,0,0,6,2,3,3,48,12,0,3,12,24,1,-1,-1
0,1,2,2,0,0,6,2,0,3,48,12,3,3,12,24,1,-1,-1,3,3,0,1,2,2,0,1,6,2,0,0,48,12,3,6,12,24,1,-1,-1
0,1,2,2,0,1,6,2,0,0,48,12,3,6,12,24,1,-1,-1,2,3,1,0,3,2,0,1,6,2,0,0,48,12,3,6,12,24,3,-1,-1
1,0,3,2,0,1,6,2,0,0,48,12,3,6,12,24,3,-1,-1,3,3,0,3,3,2,1,0,6,2,0,1,48,12,3,6,12,24,3,-1,-1
0,3,3,2,1,0,6,2,0,1,48,12,3,6,12,24,3,-1,-1,2,6,3,0,6,2,0,1,6,2,0,1,48,12,3,6,12,24,2,-1,-1
0,0,6,2,3,1,6,2,0,1,48,12,3,6,12,24,2,-1,-1,3,9,2,0,0,2,0,1,12,2,3,1,48,12,3,6,12,24,3,-1,-1
2,0,0,2,0,1,12,2,3,1,48,12,3,6,12,24,3,-1,-1,3,6,3,0,0,2,2,1,12,2,0,1,48,12,6,6,12,24,1,-1,-1
3,0,0,2,2,1,12,2,0,1,48,12,6,6,12,24,1,-1,-1,3,0,1,0,0,2,3,1,12,2,2,1,48,12,6,6,12,24,6,-1,-1
1,0,0,2,3,1,12,2,2,1,48,12,6,6,12,24,1,-1,-1,2,12,0,1,0,2,3,1,12,2,0,3,48,12,1,12,12,24,3,-1,-1
0,1,0,2,3,1,12,2,1,3,48,12,0,12,12,24,3,-1,-1,3,3,3,1,0,2,0,1,12,2,3,3,48,12,1,12,12,24,2,-1,-1
3,1,0,2,0,1,12,2,3,3,48,12,1,12,12,24,2,-1,-1,2,30,2,3,1,2,0,1,12,2,0,6,48,12,0,1,24,24,2,-1,-1
2,3,1,2,0,1,12,2,0,6,48,12,0,1,24,24,2,-1,-1,3,0,2,3,1,2,2,1,12,2,0,6,48,12,0,1,24,24,2,-1,-1
2,3,1,2,2,1,12,2,0,6,48,12,0,1,24,24,2,-1,-1,3,0,2,3,1,2,2,1,12,2,2,6,48,12,0,1,24,24,1,-1,-1
2,3,1,2,2,1,12,2,2,6,48,12,0,1,24,24,1,-1,-1,2,87,0,2,3,3,0,3,12,2,2,6,48,12,1,0,1,48,1,-1,-1
1,2,3,3,0,3,12,2,2,6,48,12,0,0,1,48,6,-1,-1,2,12,6,1,2,6,0,3,12,2,2,6,48,12,0,0,1,48,1,-1,-1
6,1,2,6,0,3,12,2,2,6,48,12,0,0,1,48,1,-1,-1,2,3,1,6,3,6,0,3,12,2,2,6,48,12,0,0,1,48,3,-1,-1
1,6,3,6,0,3,12,2,2,6,48,12,0,0,1,48,3,-1,-1,1,3,1,6,3,6,2,3,12,2,0,6,48,12,3,0,1,48,2,-1,-1
1,6,3,6,2,3,12,2,0,6,48,12,3,0,1,48,2,-1,-1,1,3,3,6,3,6,0,3,12,2,3,6,48,12,2,0,1,48,2,-1,-1
3,6,3,6,0,3,12,2,3,6,48,12,2,0,1,48,2,-1,-1,2,0,3,6,3,6,0,3,12,2,3,6,48,12,2,2,1,48,1,-1,-1
3,6,3,6,0,3,12,2,3,6,48,12,2,2,1,48,1,-1,-1,2,3,3,6,3,6,0,3,12,2,3,6,48,12,1,2,3,48,2,-1,-1
3,6,3,6,0,3,12,2,3,6,48,12,1,2,3,48,2,-1,-1,2,3,3,6,3,6,0,3,12,2,3,6,48,12,2,3,3,48,3,-1,-1
3,6,3,6,0,3,12,2,3,6,48,12,2,3,3,48,3,-1,-1,2,6,3,6,3,6,0,3,12,2,3,6,48,12,3,2,6,48,3,-1,-1
3,6,3,6,0,3,12,2,3,6,48,12,3,2,6,48,3,-1,-1,3,6,3,6,3,6,3,3,12,2,0,6,48,12,6,2,6,48,1,-1,-1
3,6,3,6,3,3,12,2,0,6,48,12,6,2,6,48,1,-1,-1,2,3,3,6,3,6,1,6,12,2,0,6,48,12,6,2,6,48,1,-1,-1
3,6,3,6,1,6,12,2,0,6,48,12,6,2,6,48,1,-1,-1,1,9,3,12,3,6,1,6,12,2,6,2,48,12,1,0,6,48,2,-1,-1
3,12,3,6,1,6,12,2,6,2,48,12,0,1,6,48,6,-1,-1,3,12,6,0,3,6,3,12,12,2,1,6,48,12,6,3,6,48,2,-1,-1
0,6,3,6,3,12,12,2,1,6,48,12,6,3,6,48,2,-1,-1,1,0,3,6,3,6,1,12,12,2,6,6,48,12,2,3,6,48,3,-1,-1
3,6,3,6,1,12,12,2,6,6,48,12,2,3,6,48,3,-1,-1,2,39,3,6,3,6,3,1,24,2,0,12,48,12,2,3,6,48,1,-1,-1
3,6,3,6,0,1,24,2,3,12,48,12,2,3,6,48,1,-1,-1,0,0,3,6,3,6,1,24,2,1,3,12,48,12,2,3,6,48,3,-1,-1
3,6,3,6,1,24,2,1,3,12,48,12,2,3,6,48,3,-1,-1,0,6,3,6,3,6,1,24,3,3,3,12,48,12,2,3,6,48,2,-1,-1
3,6,3,6,1,24,3,3,3,12,48,12,2,3,6,48,6,-1,-1,2,12,3,6,3,6,6,1,24,6,3,12,48,12,2,3,6,48,2,-1,-1
3,6,3,6,6,1,24,6,3,12,48,12,2,3,6,48,2,-1,-1,3,9,3,6,3,2,6,1,24,12,3,12,48,12,2,3,6,48,2,-1,-1
3,6,3,2,6,1,24,12,3,12,48,12,2,3,6,48,2,-1,-1,1,27,3,6,3,2,6,1,24,24,3,12,48,48,2,3,6,2,1,-1,-1
3,6,3,2,6,1,24,24,3,12,48,48,2,3,6,2,1,-1,-1,0,324,3,6,3,2,6,1,48,0,3,12,96,1,2,3,6,2,1,-1,-1
3,6,3,2,6,1,48,1,3,12,96,0,2,3,6,2,1,-1,-1,1,3,3,6,3,3,6,1,48,0,3,12,96,2,2,3,6,1,1,-1,-1
3,6,3,3,6,1,48,0,3,12,96,2,2,3,6,1,1,-1,-1,3,3,3,6,3,1,6,1,48,3,3,12,96,0,2,3,6,3,3,-1,-1
3,6,3,1,6,1,48,3,3,12,96,0,2,3,6,3,3,-1,-1,3,3,3,6,3,3,6,1,48,1,3,12,96,3,2,3,6,3,1,-1,-1
3,6,3,3,6,1,48,1,3,12,96,3,2,3,6,3,1,-1,-1,3,3,3,6,3,1,6,1,48,3,3,12,96,1,2,3,6,6,2,-1,-1
3,6,3,1,6,1,48,3,3,12,96,1,2,3,6,6,2,-1,-1,0,9,3,6,3,1,6,1,48,3,3,12,96,1,2,3,12,2,3,-1,-1
3,6,3,1,6,1,48,3,3,12,96,1,2,3,12,2,3,-1,-1,3,6,3,6,3,3,6,1,48,1,3,12,96,3,2,3,12,3,6,12,-1
3,6,3,3,6,1,48,1,3,12,96,3,2,3,12,3,3,-1,-1,0,6,3,6,6,3,6,1,48,1,3,12,96,3,2,3,12,3,2,-1,-1
3,6,6,3,6,1,48,1,3,12,96,3,2,3,12,3,2,-1,-1,0,9,3,12,3,2,6,1,48,1,3,12,96,3,2,3,12,3,3,-1,-1
3,12,3,2,6,1,48,1,3,12,96,3,2,3,12,3,3,-1,-1,3,6,3,12,3,3,6,1,48,2,3,12,96,1,2,3,12,6,3,-1,-1
3,12,3,3,6,1,48,2,3,12,96,1,2,3,12,6,3,-1,-1,3,6,3,12,3,3,6,1,48,3,3,12,96,3,2,3,12,6,1,-1,-1
3,12,3,3,6,1,48,3,3,12,96,3,2,3,12,6,1,-1,-1,3,3,3,12,3,1,6,1,48,3,3,12,96,6,2,3,12,6,1,-1,-1
3,12,3,1,6,1,48,3,3,12,96,6,2,3,12,6,1,-1,-1,3,9,3,12,3,1,6,1,48,1,3,12,96,3,2,3,12,12,1,-1,-1
3,12,3,1,6,1,48,1,3,12,96,3,2,3,12,12,1,-1,-1,0,27,3,12,3,1,6,1,48,1,3,12,96,3,2,3,24,1,2,-1,-1
