1515877670
[ 0, 9, 1,-1,-1, 3, 3, 0, 2, 2, 3, 1, 2, 0, 1, 0, 2, 0, 0, 0, 0, 2]
[ 1,12, 1,-1,-1, 0, 3, 3, 2, 1, 2, 3, 3, 0, 0, 1, 2, 0, 0, 0, 0, 2]
[ 2,21, 3,-1,-1, 0, 0, 6, 2, 1, 1, 2, 6, 0, 0, 0, 3, 0, 0, 0, 0, 3]
[ 3,24, 1,-1,-1, 3, 0, 0, 0, 0, 0, 6, 2, 1, 1, 2, 6, 0, 0, 0, 3, 3]
[ 4,24, 2,-1,-1, 0, 0, 1, 0, 3, 0, 0, 2, 0, 0, 6, 6, 1, 1, 2, 3, 2]
[ 5,36, 1,-1,-1, 0, 0, 0, 1, 0, 3, 0, 2, 0, 0, 0,12, 2, 1, 3, 3, 2]
[ 6,39, 2,-1,-1, 0, 0, 0, 1, 0, 0, 3, 2, 0, 0, 0,12, 1, 2, 1, 6, 2]
[ 7,42, 2,-1,-1, 0, 0, 0, 1, 0, 0, 3, 2, 0, 0, 0,12, 2, 1, 3, 6, 2]
[ 8,45, 1,-1,-1, 0, 0, 0, 1, 0, 0, 3, 2, 0, 0, 0,12, 2, 3, 3, 6, 2]
[ 9,48, 3,-1,-1, 0, 0, 0, 1, 0, 0, 3, 2, 0, 0, 0,12, 1, 2, 6, 6, 2]
[10,60, 2,-1,-1, 0, 0, 0, 1, 0, 0, 3, 2, 0, 0, 0,12, 3, 1, 2,12, 2]
[11,63, 3,-1,-1, 0, 0, 0, 1, 0, 0, 3, 2, 0, 0, 0,12, 2, 3, 3,12, 3]
[12,93, 1,-1,-1, 0, 0, 3, 0, 0, 0, 0, 1, 0, 0, 3, 2, 2, 3, 3,24, 3]
[13,99, 3,-1,-1, 0, 0, 1, 0, 0, 0, 3, 0, 0, 0, 0, 3, 2, 3, 6,24, 3]
[ 14,102,  3, -1, -1,  0,  0,  3,  0,  0,  0,  1,  0,  0,  0,  3,  3,  2,
   3,  6, 24,  2]
[ 15,108,  2, -1, -1,  3,  0,  0,  3,  0,  0,  0,  1,  0,  0,  0,  6,  2,
   3,  6, 24,  3]
[ 16,108,  3, -1, -1,  2,  0,  0,  3,  3,  0,  0,  1,  0,  0,  0,  6,  2,
   3,  6, 24,  3]
[ 17,111,  3, -1, -1,  3,  0,  0,  3,  2,  0,  0,  1,  3,  0,  0,  6,  2,
   3,  6, 24,  2]
[ 18,114,  3, -1, -1,  3,  3,  0,  3,  0,  2,  0,  1,  0,  3,  0,  6,  2,
   3,  6, 24,  2]
[ 19,117,  3, -1, -1,  0,  3,  3,  3,  0,  0,  2,  1,  3,  0,  3,  6,  2,
   3,  6, 24,  2]
[ 20,126,  1, -1, -1,  0,  0,  3,  6,  0,  0,  0,  3,  3,  3,  3,  6,  2,
   3,  6, 24,  2]
[ 21,129,  1, -1, -1,  0,  0,  3,  6,  0,  0,  0,  3,  1,  3,  6,  6,  2,
   3,  6, 24,  3]
[ 22,144,  2, -1, -1,  0,  1,  0,  6,  0,  0,  3,  3,  0,  0,  0,  6,  3,
   6, 12, 24,  3]
[ 23,144,  2, -1, -1,  0,  2,  0,  6,  0,  1,  0,  3,  0,  0,  3,  6,  3,
   6, 12, 24,  2]
[ 24,144,  1, -1, -1,  2,  0,  2,  6,  0,  0,  1,  3,  0,  0,  3,  6,  3,
   6, 12, 24,  3]
[ 25,147,  2, -1, -1,  1,  0,  0,  6,  2,  0,  3,  3,  0,  0,  3,  6,  3,
   6, 12, 24,  3]
[ 26,150,  1, -1, -1,  2,  0,  0,  6,  1,  0,  0,  3,  2,  0,  6,  6,  3,
   6, 12, 24,  3]
[ 27,153,  3, -1, -1,  1,  0,  0,  6,  2,  0,  0,  3,  3,  0,  6,  6,  3,
   6, 12, 24,  3]
[ 28,159,  2, -1, -1,  3,  0,  0,  6,  1,  0,  0,  3,  2,  0,  6,  6,  6,
   6, 12, 24,  3]
[ 29,162,  3, -1, -1,  2,  0,  0,  6,  3,  0,  0,  3,  3,  0,  6,  6,  6,
   6, 12, 24,  3]
[ 30,168,  2, -1, -1,  3,  0,  0,  6,  2,  0,  0,  3,  6,  0,  6,  6,  6,
   6, 12, 24,  2]
[ 31,186,  1, -1, -1,  0,  3,  0,  6,  2,  2,  0,  3,  0,  6,  0, 12,  0,
  12, 12, 24,  2]
[ 32,213,  2, -1, -1,  1,  0,  3,  6,  0,  2,  2,  3,  0,  0,  6, 12,  0,
   0, 24, 24,  2]
[ 33,294,  3, -1, -1,  2,  1,  3,  6,  0,  2,  2,  3,  0,  0,  6, 12,  0,
   0,  0, 48,  3]
[ 34,297,  2, -1, -1,  0,  3,  0,  6,  2,  1,  3,  3,  0,  2,  2, 12,  0,
   0,  6, 48,  3]
[ 35,297,  3, -1, -1,  2,  0,  0,  6,  0,  3,  3,  3,  2,  1,  2, 12,  0,
   2,  6, 48,  2]
[ 36,306,  1, -1, -1,  0,  2,  0,  6,  3,  0,  3,  6,  0,  2,  3, 12,  0,
   2,  6, 48,  3]
[ 37,318,  1, -1, -1,  0,  1,  0,  0,  0,  2,  0, 12,  3,  2,  6, 12,  0,
   2,  6, 48,  3]
[ 38,357,  1, -1, -1,  1,  0,  0,  0,  0,  3,  0,  0,  0,  2,  0, 24,  3,
   2, 12, 48,  2]
[ 39,357,  1, -1, -1,  0,  1,  0,  0,  1,  0,  3,  0,  0,  0,  2, 24,  3,
   2, 12, 48,  3]
[ 40,357,  2, -1, -1,  0,  1,  0,  0,  0,  1,  3,  0,  1,  0,  2, 24,  3,
   2, 12, 48,  3]
[ 41,357,  2, -1, -1,  0,  2,  0,  0,  0,  1,  3,  0,  1,  1,  2, 24,  3,
   2, 12, 48,  2]
[ 42,360,  1, -1, -1,  2,  0,  2,  0,  0,  0,  1,  3,  0,  1,  3, 24,  3,
   2, 12, 48,  3]
[ 43,366,  3, -1, -1,  0,  1,  0,  0,  2,  0,  3,  3,  0,  0,  3, 24,  3,
   3, 12, 48,  3]
[ 44,372,  3, -1, -1,  0,  3,  0,  0,  0,  1,  0,  3,  2,  0,  6, 24,  3,
   3, 12, 48,  3]
[ 45,375,  6, -1, -1,  0,  3,  0,  0,  0,  3,  0,  3,  2,  1,  6, 24,  3,
   3, 12, 48,  2]
[ 46,390,  3, -1, -1,  0,  0,  3,  0,  0,  0,  3,  3,  0,  3,  6, 24,  6,
   6, 12, 48,  3]
[ 47,396,  1, -1, -1,  0,  0,  3,  0,  0,  0,  6,  3,  0,  3,  6, 24,  6,
   6, 12, 48,  3]
[ 48,405,  2, -1, -1,  0,  0,  1,  0,  0,  0,  3,  3,  0,  3, 12, 24,  6,
   6, 12, 48,  2]
[ 49,417,  2, -1, -1,  0,  0,  0,  1,  0,  0,  0,  6,  0,  3, 12, 24,  2,
  12, 12, 48,  3]
[ 50,444,  3, -1, -1,  0,  0,  2,  1,  0,  0,  0,  6,  0,  3,  0, 24,  2,
  12, 24, 48,  2]
[ 51,450,  1, -1, -1,  3,  0,  0,  3,  0,  0,  0,  6,  0,  0,  3, 24,  2,
  12, 24, 48,  3]
[ 52,450,  3, -1, -1,  1,  0,  0,  3,  3,  0,  0,  6,  0,  0,  3, 24,  2,
  12, 24, 48,  3]
[ 53,453,  3, -1, -1,  3,  0,  0,  3,  1,  0,  0,  6,  3,  0,  3, 24,  2,
  12, 24, 48,  2]
[ 54,456,  2, -1, -1,  0,  3,  0,  3,  3,  1,  0,  6,  0,  3,  3, 24,  2,
  12, 24, 48,  2]
[ 55,459,  3, -1, -1,  2,  0,  3,  3,  0,  3,  1,  6,  0,  0,  6, 24,  2,
  12, 24, 48,  3]
[ 56,462,  1, -1, -1,  0,  3,  3,  3,  2,  0,  1,  6,  0,  3,  6, 24,  2,
  12, 24, 48,  2]
[ 57,465,  2, -1, -1,  1,  0,  3,  6,  0,  2,  1,  6,  0,  3,  6, 24,  2,
  12, 24, 48,  2]
[ 58,468,  3, -1, -1,  0,  1,  3,  6,  2,  0,  3,  6,  0,  3,  6, 24,  2,
  12, 24, 48,  2]
[ 59,471,  1, -1, -1,  0,  1,  3,  6,  3,  2,  3,  6,  0,  3,  6, 24,  2,
  12, 24, 48,  3]
[ 60,486,  1, -1, -1,  0,  0,  0,  1,  0,  3,  6, 12,  3,  3,  6, 24,  2,
  12, 24, 48,  3]
[ 61,498,  1, -1, -1,  0,  1,  0,  1,  0,  0,  0, 12,  3,  6, 12, 24,  2,
  12, 24, 48,  0]
[ 62,498,  2, -1, -1,  1,  0,  1,  1,  0,  0, 12,  0,  3,  6, 12, 24,  2,
  12, 24, 48,  3]
[ 63,525,  2, -1, -1,  2,  0,  0,  0,  1,  0,  1,  1,  3,  6, 24, 24,  2,
  12, 24, 48,  2]
[ 64,606,  2, -1, -1,  0,  2,  0,  0,  2,  1,  1,  1,  0,  3,  6, 48,  2,
  12, 24, 48,  3]
[ 65,852,  3, -1, -1,  2,  0,  0,  0,  0,  3,  1,  0,  2,  3,  6,  1,  2,
  12, 24, 96,  3]
[ 66,858,  6, 12, -1,  0,  3,  0,  0,  2,  0,  1,  0,  2,  6,  6,  1,  2,
  12, 24, 96,  2]
[ 67,876,  1, -1, -1,  6,  0,  3,  0,  0,  2,  0,  1,  0,  2, 12,  1,  2,
  12, 24, 96,  2]
[ 68,876,  1, -1, -1,  0,  6,  0,  3,  1,  0,  2,  1,  0,  2, 12,  1,  2,
  12, 24, 96,  2]
[ 69,879,  6, 12, -1,  0,  0,  6,  3,  1,  1,  0,  3,  0,  2, 12,  1,  2,
  12, 24, 96,  3]
[ 70,894,  3, -1, -1,  0,  0,  6,  0,  0,  0,  6,  6,  1,  3, 12,  1,  2,
  12, 24, 96,  2]
[ 71,906,  3, -1, -1,  0,  0,  0,  6,  3,  0,  0, 12,  1,  3, 12,  1,  2,
  12, 24, 96,  3]
[ 72,912,  2, -1, -1,  3,  0,  0,  6,  0,  0,  0, 12,  3,  3, 12,  1,  3,
  12, 24, 96,  0]
[ 73,915,  6, 12, -1,  3,  0,  6,  0,  0,  0, 12,  2,  6, 12,  1,  0,  3,
  12, 24, 96,  2]
[ 74,942,  2, -1, -1,  0,  3,  0,  6,  0,  0, 12,  2, 12,  6, 12,  1,  3,
  12, 24, 96,  3]
[ 75,972,  3, -1, -1,  0,  0,  0,  2,  0,  3,  0,  6, 12,  6, 24,  3,  3,
  12, 24, 96,  3]
[  76,1056,   1,  -1,  -1,   0,   0,   3,   2,   0,   3,   0,   6,  12,
    6,   0,   3,   3,  12,  48,  96,   0]
[  77,1056,   2,  -1,  -1,   0,   3,   2,   1,   3,   0,   6,   0,  12,
    6,   3,   0,   3,  12,  48,  96,   2]
[  78,1059,   1,  -1,  -1,   0,   0,   3,   3,   0,   3,   0,   6,   2,
   12,   6,   3,   3,  12,  48,  96,   3]
[  79,1086,   3,  -1,  -1,   0,   0,   1,   3,   0,   0,   3,   6,   2,
    3,   6,   3,   3,  24,  48,  96,   0]
[  80,1089,   3,  -1,  -1,   0,   1,   3,   3,   0,   3,   6,   0,   2,
    3,   6,   3,   3,  24,  48,  96,   3]
[  81,1104,   1,  -1,  -1,   0,   3,   0,   0,   0,   1,   3,   3,   2,
    6,  12,   3,   3,  24,  48,  96,   3]
[  82,1107,   3,  -1,  -1,   0,   3,   0,   1,   0,   1,   3,   0,   2,
    6,  12,   6,   3,  24,  48,  96,   0]
[  83,1110,   1,  -1,  -1,   3,   0,   1,   0,   1,   3,   0,   3,   2,
    6,  12,   6,   3,  24,  48,  96,   3]
[  84,1113,   2,  -1,  -1,   1,   0,   0,   0,   3,   3,   1,   3,   3,
    6,  12,   6,   3,  24,  48,  96,   3]
[  85,1116,   1,  -1,  -1,   2,   0,   0,   0,   1,   3,   1,   3,   3,
    6,  12,   6,   6,  24,  48,  96,   3]
[  86,1119,   1,  -1,  -1,   1,   0,   0,   0,   3,   3,   1,   3,   3,
    6,  12,   6,   6,  24,  48,  96,   3]
[  87,1122,   3,  -1,  -1,   1,   0,   0,   0,   1,   3,   1,   3,   6,
    6,  12,   6,   6,  24,  48,  96,   2]
[  88,1134,   2,  -1,  -1,   3,   1,   0,   0,   1,   3,   1,   3,   0,
   12,  12,   6,   6,  24,  48,  96,   2]
[  89,1161,   2,  -1,  -1,   0,   3,   1,   0,   1,   3,   1,   3,   2,
    0,  24,   6,   6,  24,  48,  96,   0]
[  90,1161,   2,  -1,  -1,   3,   1,   0,   2,   1,   3,   1,   3,   2,
   24,   6,   0,   6,  24,  48,  96,   3]
[  91,1245,   2,  -1,  -1,   2,   0,   0,   0,   3,   1,   1,   2,   3,
    3,   6,   3,   6,  48,  48,  96,   2]
[  92,1494,   3,  -1,  -1,   0,   2,   0,   0,   0,   3,   1,   3,   0,
    6,   6,   3,   2,   6,  96,  96,   3]
[  93,1509,   3,  -1,  -1,   0,   3,   0,   0,   0,   2,   1,   0,   0,
    3,   6,   6,   2,  12,  96,  96,   2]
[  94,2250,   2,  -1,  -1,   0,   0,   3,   0,   0,   0,   2,   1,   3,
    0,   3,  12,   0,   2,  12, 192,   2]
[  95,2253,   3,  -1,  -1,   0,   0,   0,   3,   2,   0,   0,   3,   0,
    3,   3,  12,   0,   2,  12, 192,   2]
[  96,2259,   1,  -1,  -1,   0,   0,   0,   3,   0,   2,   0,   3,   3,
    0,   6,  12,   0,   2,  12, 192,   2]
[  97,2259,   1,  -1,  -1,   0,   0,   0,   3,   0,   0,   2,   3,   1,
    3,   6,  12,   0,   2,  12, 192,   3]
[  98,2262,   2,  -1,  -1,   0,   0,   0,   1,   0,   0,   2,   6,   0,
    3,   6,  12,   1,   2,  12, 192,   2]
[  99,2265,   3,  -1,  -1,   0,   0,   0,   1,   0,   0,   2,   6,   0,
    3,   6,  12,   2,   3,  12, 192,   3]
[ 100,2271,   1,  -1,  -1,   0,   3,   0,   1,   0,   0,   2,   6,   0,
    0,   6,  12,   2,   6,  12, 192,   3]
[ 101,2271,   1,  -1,  -1,   0,   1,   0,   1,   0,   3,   2,   6,   0,
    0,   6,  12,   2,   6,  12, 192,   3]
[ 102,2271,   2,  -1,  -1,   0,   1,   0,   1,   0,   1,   2,   6,   0,
    3,   6,  12,   2,   6,  12, 192,   2]
[ 103,2274,   2,  -1,  -1,   2,   0,   1,   1,   0,   0,   3,   6,   0,
    3,   6,  12,   2,   6,  12, 192,   3]
[ 104,2274,   3,  -1,  -1,   2,   0,   1,   1,   2,   0,   3,   6,   0,
    3,   6,  12,   2,   6,  12, 192,   2]
[ 105,2277,   2,  -1,  -1,   3,   2,   1,   1,   0,   2,   3,   6,   0,
    3,   6,  12,   2,   6,  12, 192,   2]
[ 106,2280,   3,  -1,  -1,   2,   3,   3,   1,   0,   2,   3,   6,   0,
    3,   6,  12,   2,   6,  12, 192,   3]
[ 107,2286,   1,  -1,  -1,   3,   3,   0,   1,   2,   2,   6,   6,   0,
    3,   6,  12,   2,   6,  12, 192,   3]
[ 108,2295,   1,  -1,  -1,   0,   3,   1,   1,   3,   2,   0,   6,   2,
    3,  12,  12,   2,   6,  12, 192,   2]
[ 109,2322,   2,  -1,  -1,   0,   3,   1,   1,   1,   3,   2,   6,   0,
    2,   3,  24,   2,   6,  12, 192,   3]
[ 110,2328,   3,  -1,  -1,   2,   0,   0,   1,   0,   6,   3,   6,   1,
    2,   3,  24,   2,   6,  12, 192,   2]
[ 111,2334,   1,  -1,  -1,   3,   2,   0,   1,   0,   6,   3,   6,   0,
    3,   3,  24,   2,   6,  12, 192,   3]
[ 112,2337,   3,  -1,  -1,   0,   2,   1,   1,   3,   6,   0,   6,   0,
    3,   6,  24,   2,   6,  12, 192,   2]
[ 113,2343,   2,  -1,  -1,   3,   0,   3,   1,   0,   3,   6,   6,   0,
    3,   6,  24,   2,   6,  12, 192,   3]
[ 114,2355,   1,  -1,  -1,   0,   2,   0,   1,   3,   0,   3,   6,   0,
    6,  12,  24,   2,   6,  12, 192,   2]
[ 115,2355,   1,  -1,  -1,   0,   0,   2,   1,   1,   3,   3,   6,   0,
    6,  12,  24,   2,   6,  12, 192,   2]
[ 116,2361,   3,  -1,  -1,   0,   0,   0,   3,   1,   1,   6,   6,   0,
    6,  12,  24,   2,   6,  12, 192,   3]
[ 117,2400,   2,  -1,  -1,   0,   0,   3,   3,   0,   0,   0,   6,   1,
    1,   6,  24,   2,  12,  24, 192,   0]
[ 118,2400,   2,  -1,  -1,   0,   3,   3,   0,   0,   0,   6,   2,   1,
    1,   6,  24,   2,  12,  24, 192,   3]
[ 119,2412,   3,  -1,  -1,   0,   2,   0,   0,   0,   3,   3,   2,   0,
    1,  12,  24,   3,  12,  24, 192,   2]
[ 120,2418,   1,  -1,  -1,   3,   0,   2,   0,   0,   0,   6,   2,   0,
    1,  12,  24,   3,  12,  24, 192,   3]
[ 121,2418,   1,  -1,  -1,   1,   0,   2,   0,   3,   0,   6,   2,   0,
    1,  12,  24,   3,  12,  24, 192,   3]
[ 122,2418,   3,  -1,  -1,   1,   0,   2,   0,   1,   0,   6,   2,   3,
    1,  12,  24,   3,  12,  24, 192,   2]
[ 123,2421,   2,  -1,  -1,   3,   1,   0,   2,   0,   1,   6,   2,   3,
    1,  12,  24,   3,  12,  24, 192,   2]
[ 124,2421,   3,  -1,  -1,   2,   3,   1,   2,   0,   1,   6,   2,   3,
    1,  12,  24,   3,  12,  24, 192,   2]
[ 125,2427,   1,  -1,  -1,   3,   2,   3,   3,   0,   1,   6,   2,   3,
    1,  12,  24,   3,  12,  24, 192,   3]
[ 126,2433,   2,  -1,  -1,   0,   1,   3,   3,   3,   3,   6,   2,   0,
    1,  12,  24,   6,  12,  24, 192,   2]
[ 127,2439,   2,  -1,  -1,   2,   0,   1,   6,   0,   6,   6,   2,   0,
    1,  12,  24,   6,  12,  24, 192,   2]
[ 128,2448,   1,  -1,  -1,   2,   2,   1,   6,   0,   0,  12,   2,   0,
    1,  12,  24,   6,  12,  24, 192,   3]
[ 129,2475,   1,  -1,  -1,   0,   0,   1,   6,   2,   2,   1,   2,   0,
    1,  24,  24,   6,  12,  24, 192,   2]
[ 130,2559,   2,  -1,  -1,   0,   0,   1,   6,   0,   2,   2,   3,   1,
    0,   1,  48,   6,  12,  24, 192,   3]
[ 131,2562,   2,  -1,  -1,   0,   0,   2,   6,   0,   0,   1,   3,   1,
    2,   3,  48,   6,  12,  24, 192,   2]
[ 132,2565,   3,  -1,  -1,   0,   0,   2,   6,   0,   0,   1,   3,   2,
    3,   3,  48,   6,  12,  24, 192,   3]
[ 133,2571,   3,  -1,  -1,   0,   0,   3,   6,   0,   0,   3,   3,   2,
    3,   3,  48,   6,  12,  24, 192,   3]
[ 134,2577,   2,  -1,  -1,   0,   0,   3,   6,   0,   0,   3,   3,   2,
    3,   6,  48,   6,  12,  24, 192,   2]
[ 135,2580,   3,  -1,  -1,   0,   0,   3,   6,   2,   0,   0,   6,   2,
    3,   6,  48,   6,  12,  24, 192,   3]
[ 136,2592,   3,  -1,  -1,   0,   0,   0,   3,   2,   0,   3,  12,   2,
    3,   6,  48,   6,  12,  24, 192,   0]
[ 137,2595,   1,  -1,  -1,   0,   0,   3,   3,   2,   3,  12,   0,   2,
    3,   6,  48,   6,  12,  24, 192,   3]
[ 138,2598,   1,  -1,  -1,   0,   0,   3,   1,   2,   0,  12,   3,   2,
    6,   6,  48,   6,  12,  24, 192,   2]
[ 139,2607,   1,  -1,  -1,   0,   0,   3,   1,   1,   2,  12,   3,   0,
    2,  12,  48,   6,  12,  24, 192,   3]
[ 140,2634,   2,  -1,  -1,   0,   0,   1,   1,   0,   2,   3,   3,   1,
    2,  24,  48,   6,  12,  24, 192,   2]
[ 141,2640,   2,  -1,  -1,   0,   0,   1,   1,   2,   0,   2,   6,   0,
    3,  24,  48,   6,  12,  24, 192,   3]
[ 142,2721,   3,  -1,  -1,   0,   0,   2,   1,   0,   0,   1,   6,   2,
    3,   2,  48,   6,  12,  48, 192,   3]
[ 143,2727,   2,  -1,  -1,   0,   0,   3,   1,   0,   0,   2,   6,   2,
    3,   3,  48,   6,  12,  48, 192,   2]
[ 144,2730,   2,  -1,  -1,   0,   0,   3,   1,   0,   0,   2,   6,   2,
    2,   6,  48,   6,  12,  48, 192,   0]
[ 145,2730,   3,  -1,  -1,   0,   3,   1,   2,   0,   2,   6,   0,   2,
    2,   6,  48,   6,  12,  48, 192,   2]
[ 146,2736,   1,  -1,  -1,   0,   0,   3,   3,   3,   0,   2,   6,   2,
    2,   6,  48,   6,  12,  48, 192,   0]
[ 147,2736,   3,  -1,  -1,   0,   3,   3,   0,   3,   2,   6,   1,   2,
    2,   6,  48,   6,  12,  48, 192,   3]
[ 148,2748,   1,  -1,  -1,   0,   3,   3,   0,   3,   2,   3,   1,   2,
    2,  12,  48,   6,  12,  48, 192,   3]
[ 149,2751,   1,  -1,  -1,   0,   3,   1,   0,   3,   2,   6,   1,   2,
    2,  12,  48,   6,  12,  48, 192,   0]
[ 150,2751,   3,  -1,  -1,   3,   1,   0,   1,   3,   2,   6,   1,   2,
    2,  12,  48,   6,  12,  48, 192,   3]
[ 151,2760,   2,  -1,  -1,   0,   3,   0,   1,   6,   3,   6,   1,   2,
    2,  12,  48,   6,  12,  48, 192,   3]
[ 152,2763,   3,  -1,  -1,   0,   2,   0,   1,   6,   6,   6,   1,   2,
    2,  12,  48,   6,  12,  48, 192,   2]
[ 153,2775,   3,  -1,  -1,   3,   0,   2,   1,   0,   6,  12,   1,   2,
    2,  12,  48,   6,  12,  48, 192,   3]
[ 154,2805,   1,  -1,  -1,   3,   0,   0,   1,   3,   6,   2,   1,   2,
    2,  24,  48,   6,  12,  48, 192,   2]
[ 155,2808,   2,  -1,  -1,   1,   3,   0,   1,   0,   3,   6,   3,   2,
    2,  24,  48,   6,  12,  48, 192,   3]
[ 156,2811,   3,  -1,  -1,   2,   0,   0,   1,   1,   6,   6,   3,   2,
    2,  24,  48,   6,  12,  48, 192,   2]
[ 157,2823,   3,  -1,  -1,   0,   2,   0,   1,   3,   1,  12,   3,   2,
    2,  24,  48,   6,  12,  48, 192,   3]
[ 158,2829,   2,  -1,  -1,   0,   3,   0,   1,   3,   2,  12,   3,   2,
    3,  24,  48,   6,  12,  48, 192,   0]
[ 159,2829,   1,  -1,  -1,   3,   0,   1,   2,   3,   2,  12,   3,   2,
    3,  24,  48,   6,  12,  48, 192,   2]
[ 160,2832,   1,  -1,  -1,   1,   3,   0,   3,   3,   2,  12,   3,   2,
    3,  24,  48,   6,  12,  48, 192,   2]
[ 161,2832,   6,  12,  24,   1,   1,   3,   3,   3,   2,  12,   3,   2,
    3,  24,  48,   6,  12,  48, 192,   3]
[ 162,2847,   2,  -1,  -1,   1,   0,   3,   6,   3,   3,  12,   6,   2,
    3,  24,  48,   6,  12,  48, 192,   3]
[ 163,2859,   1,  -1,  -1,   1,   2,   3,   0,   3,   0,  12,  12,   2,
    6,  24,  48,   6,  12,  48, 192,   2]
[ 164,2886,   3,  -1,  -1,   1,   1,   2,   3,   0,   3,   0,  24,   2,
    6,  24,  48,   6,  12,  48, 192,   2]
[ 165,2892,   2,  -1,  -1,   3,   1,   3,   3,   0,   0,   3,  24,   2,
    6,  24,  48,   6,  12,  48, 192,   3]
[ 166,2895,   3,  -1,  -1,   2,   0,   0,   3,   3,   1,   6,  24,   2,
    6,  24,  48,   6,  12,  48, 192,   2]
[ 167,2898,   1,  -1,  -1,   3,   2,   0,   3,   3,   1,   6,  24,   2,
    6,  24,  48,   6,  12,  48, 192,   3]
[ 168,2904,   1,  -1,  -1,   1,   0,   0,   3,   6,   3,   6,  24,   2,
    6,  24,  48,   6,  12,  48, 192,   0]
[ 169,2904,   3,  -1,  -1,   1,   0,   3,   1,   6,   3,   6,  24,   2,
    6,  24,  48,   6,  12,  48, 192,   0]
[ 170,2907,   3,  -1,  -1,   1,   3,   1,   3,   6,   3,   6,  24,   2,
    6,  24,  48,   6,  12,  48, 192,   3]
[ 171,2913,   2,  -1,  -1,   1,   3,   1,   3,   6,   6,   6,  24,   2,
    6,  24,  48,   6,  12,  48, 192,   2]
[ 172,2922,   1,  -1,  -1,   1,   3,   1,   3,   2,   6,  12,  24,   2,
    6,  24,  48,   6,  12,  48, 192,   3]
[ 173,2934,   1,  -1,  -1,   0,   1,   1,   3,   3,   3,  12,  24,   2,
   12,  24,  48,   6,  12,  48, 192,   2]
[ 174,2937,   2,  -1,  -1,   0,   1,   1,   3,   1,   6,  12,  24,   2,
   12,  24,  48,   6,  12,  48, 192,   3]
[ 175,2967,   2,  -1,  -1,   2,   0,   1,   3,   0,   1,  12,  24,   3,
    6,  24,  48,   6,  24,  48, 192,   0]
[ 176,2967,   1,  -1,  -1,   2,   1,   3,   0,   1,  12,  24,   2,   3,
    6,  24,  48,   6,  24,  48, 192,   3]
[ 177,3051,   3,  -1,  -1,   1,   1,   0,   0,   3,  12,   3,   2,   3,
    6,  48,  48,   6,  24,  48, 192,   3]
[ 178,3300,   1,  -1,  -1,   3,   1,   0,   0,   1,  12,   0,   2,   6,
    6,   3,  48,   6,  24,  96, 192,   3]
[ 179,3309,   3,  -1,  -1,   1,   1,   0,   0,   3,  12,   0,   2,   1,
    6,   3,  48,  12,  24,  96, 192,   2]
[ 180,3312,   1,  -1,  -1,   0,   1,   1,   0,   3,   3,  12,   2,   1,
    6,   3,  48,  12,  24,  96, 192,   2]
[ 181,3315,   2,  -1,  -1,   1,   0,   1,   1,   0,   6,  12,   2,   1,
    6,   3,  48,  12,  24,  96, 192,   3]
[ 182,3327,   2,  -1,  -1,   0,   0,   1,   2,   1,   0,  12,   3,   1,
   12,   3,  48,  12,  24,  96, 192,   0]
[ 183,3327,   1,  -1,  -1,   0,   1,   2,   2,   1,  12,   3,   0,   1,
   12,   3,  48,  12,  24,  96, 192,   3]
[ 184,3357,   2,  -1,  -1,   0,   0,   1,   0,   1,   1,   2,   2,   1,
   24,   6,  48,  12,  24,  96, 192,   3]
[ 185,3441,   2,  -1,  -1,   0,   2,   0,   0,   1,   0,   3,   2,   1,
    1,   6,  48,  12,  48,  96, 192,   3]
[ 186,3441,   3,  -1,  -1,   0,   2,   0,   0,   1,   2,   3,   2,   1,
    1,   6,  48,  12,  48,  96, 192,   3]
[ 187,3447,   3,  -1,  -1,   0,   3,   0,   0,   1,   2,   3,   2,   1,
    3,   6,  48,  12,  48,  96, 192,   2]
[ 188,3453,   3,  -1,  -1,   3,   0,   3,   0,   0,   3,   3,   2,   1,
    3,   6,  48,  12,  48,  96, 192,   2]
[ 189,3459,   1,  -1,  -1,   3,   3,   0,   3,   0,   0,   6,   2,   1,
    3,   6,  48,  12,  48,  96, 192,   3]
[ 190,3468,   2,  -1,  -1,   0,   0,   1,   3,   3,   3,   0,   2,   1,
    3,  12,  48,  12,  48,  96, 192,   3]
[ 191,3471,   1,  -1,  -1,   0,   0,   2,   3,   3,   0,   1,   2,   1,
    6,  12,  48,  12,  48,  96, 192,   2]
[ 192,3474,   2,  -1,  -1,   0,   0,   2,   3,   1,   3,   0,   3,   1,
    6,  12,  48,  12,  48,  96, 192,   2]
[ 193,3474,   6,  12,  24,   0,   0,   2,   3,   2,   1,   3,   3,   1,
    6,  12,  48,  12,  48,  96, 192,   3]
[ 194,3507,   3,  -1,  -1,  12,   0,   2,   0,   0,   1,   3,   6,   3,
    6,  12,  48,  12,  48,  96, 192,   3]
[ 195,3510,   3,  -1,  -1,   3,   0,   2,   0,  12,   1,   3,   6,   3,
    6,  12,  48,  12,  48,  96, 192,   0]
[ 196,3513,   3,  -1,  -1,   3,   2,   0,   3,  12,   1,   3,   6,   3,
    6,  12,  48,  12,  48,  96, 192,   3]
[ 197,3519,   1,  -1,  -1,   3,   3,   0,   3,  12,   3,   3,   6,   3,
    6,  12,  48,  12,  48,  96, 192,   3]
[ 198,3522,   2,  -1,  -1,   3,   1,   0,   3,  12,   6,   3,   6,   3,
    6,  12,  48,  12,  48,  96, 192,   3]
[ 199,3531,   2,  -1,  -1,   3,   2,   0,   3,  12,   1,   3,   6,   3,
   12,  12,  48,  12,  48,  96, 192,   3]
[ 200,3534,   1,  -1,  -1,   3,   2,   0,   3,  12,   3,   3,   6,   3,
   12,  12,  48,  12,  48,  96, 192,   2]
[ 201,3564,   1,  -1,  -1,   0,   3,   2,   3,   0,  12,   6,   6,   1,
    3,  24,  48,  12,  48,  96, 192,   2]
[ 202,3573,   1,  -1,  -1,   0,   3,   2,   3,   1,   0,  12,  12,   1,
    3,  24,  48,  12,  48,  96, 192,   2]
[ 203,3600,   2,  -1,  -1,   0,   3,   2,   3,   1,   1,   0,  24,   1,
    3,  24,  48,  12,  48,  96, 192,   0]
[ 204,3600,   3,  -1,  -1,   3,   2,   3,   0,   1,   1,  24,   2,   1,
    3,  24,  48,  12,  48,  96, 192,   3]
[ 205,3687,   2,  -1,  -1,   3,   3,   0,   0,   1,   3,   3,   2,   1,
    3,  48,  48,  12,  48,  96, 192,   2]
[ 206,3933,   3,  -1,  -1,   0,   3,   3,   0,   2,   1,   6,   2,   0,
    1,   3,  96,  12,  48,  96, 192,   3]
[ 207,3936,   3,  -1,  -1,   3,   3,   3,   0,   0,   1,   6,   2,   2,
    1,   3,  96,  12,  48,  96, 192,   0]
[ 208,3945,   1,  -1,  -1,   6,   3,   0,   3,   1,   6,   2,   0,   3,
    3,  96,   0,  12,  48,  96, 192,   3]
[ 209,4674,   3,  -1,  -1,   6,   3,   1,   0,   1,   6,   0,   3,   3,
    3,   2,   0,  12,  48, 192, 192,   3]
[ 210,4677,   2,  -1,  -1,   6,   3,   0,   3,   1,   6,   1,   0,   3,
    3,   2,   3,  12,  48, 192, 192,   3]
[ 211,4680,   1,  -1,  -1,   6,   3,   2,   0,   1,   6,   0,   3,   3,
    3,   3,   3,  12,  48, 192, 192,   2]
[ 212,6870,   2,  -1,  -1,   0,   6,   3,   2,   0,   1,   6,   3,   0,
    3,   3,   6,   1,  12,  48, 384,   2]
[ 213,6873,   1,  -1,  -1,   0,   6,   3,   2,   0,   1,   6,   3,   2,
    0,   6,   6,   1,  12,  48, 384,   3]
[ 214,6885,   1,  -1,  -1,   0,   1,   0,   2,   0,   6,   3,   3,   0,
    1,  12,   6,   3,  12,  48, 384,   2]
[ 215,6888,   3,  -1,  -1,   1,   0,   1,   2,   0,   0,   6,   6,   0,
    1,  12,   6,   3,  12,  48, 384,   2]
[ 216,6903,   2,  -1,  -1,   0,   1,   0,   3,   3,   0,   0,  12,   0,
    1,  12,   6,   3,  12,  48, 384,   3]
[ 217,6903,   6,  12,  24,   0,   2,   0,   3,   0,   1,   0,  12,   3,
    1,  12,   6,   3,  12,  48, 384,   3]
[ 218,6918,   1,  -1,  -1,   6,   0,   0,   3,   0,   3,   0,  12,   0,
    1,  12,   6,   6,  12,  48, 384,   2]
[ 219,6918,   3,  -1,  -1,   0,   6,   0,   3,   1,   0,   3,  12,   0,
    1,  12,   6,   6,  12,  48, 384,   2]
[ 220,6921,   3,  -1,  -1,   0,   0,   6,   3,   3,   1,   3,  12,   0,
    1,  12,   6,   6,  12,  48, 384,   3]
[ 221,6924,   2,  -1,  -1,   3,   0,   6,   3,   0,   1,   3,  12,   3,
    1,  12,   6,   6,  12,  48, 384,   3]
[ 222,6924,   2,  -1,  -1,   2,   0,   6,   3,   3,   1,   3,  12,   3,
    1,  12,   6,   6,  12,  48, 384,   3]
[ 223,6927,   1,  -1,  -1,   2,   0,   6,   3,   2,   1,   3,  12,   6,
    1,  12,   6,   6,  12,  48, 384,   3]
[ 224,6936,   2,  -1,  -1,   1,   0,   6,   3,   2,   1,   3,  12,   2,
    1,  12,   6,  12,  12,  48, 384,   2]
[ 225,6969,   3,  -1,  -1,   0,   1,   6,   3,   2,   3,   3,  12,   0,
    3,  12,   6,   0,  24,  48, 384,   3]
[ 226,6975,   3,  -1,  -1,   0,   3,   6,   3,   0,   1,   3,  12,   2,
    6,  12,   6,   0,  24,  48, 384,   3]
[ 227,6978,   3,  -1,  -1,   3,   3,   6,   3,   0,   1,   3,  12,   0,
    6,  12,   6,   2,  24,  48, 384,   2]
[ 228,6984,   1,  -1,  -1,   3,   6,   6,   3,   0,   1,   3,  12,   0,
    6,  12,   6,   2,  24,  48, 384,   2]
[ 229,6993,   3,  -1,  -1,   1,   3,  12,   3,   0,   1,   3,  12,   0,
    6,  12,   6,   2,  24,  48, 384,   3]
[ 230,6996,   1,  -1,  -1,   3,   3,  12,   3,   1,   1,   3,  12,   0,
    6,  12,   6,   2,  24,  48, 384,   2]
[ 231,6999,   2,  -1,  -1,   1,   6,  12,   3,   1,   1,   3,  12,   0,
    6,  12,   6,   2,  24,  48, 384,   3]
[ 232,6999,   6,  12,  24,   2,   6,  12,   3,   1,   1,   3,  12,   1,
    6,  12,   6,   2,  24,  48, 384,   1]
[ 233,7083,   3,  -1,  -1,   3,   6,  12,   3,   1,   1,   3,  12,   2,
    6,  12,   6,  24,  24,  48, 384,   2]
[ 234,7167,   1,  -1,  -1,   3,   6,  12,   3,   1,   1,   3,  12,   2,
    6,  12,   6,   3,  48,  48, 384,   3]
[ 235,7170,   2,  -1,  -1,   1,   6,  12,   3,   3,   1,   3,  12,   3,
    6,  12,   6,   3,  48,  48, 384,   3]
[ 236,7173,   2,  -1,  -1,   2,   6,  12,   3,   1,   1,   3,  12,   3,
    6,  12,   6,   6,  48,  48, 384,   2]
[ 237,7416,   1,  -1,  -1,   2,   6,  12,   3,   1,   1,   3,  12,   3,
    6,  12,   6,   2,   6,  96, 384,   1]
[ 238,7428,   2,  -1,  -1,   3,   6,  12,   3,   3,   1,   3,  12,   2,
   12,  12,   6,   0,   1,  96, 384,   2]
[ 239,7455,   2,  -1,  -1,   3,   6,  12,   3,   3,   1,   3,  12,   2,
    2,  24,   6,   0,   1,  96, 384,   3]
[ 240,7458,   2,  -1,  -1,   0,   2,  12,   3,   3,   6,   3,  12,   3,
    1,  24,   6,   2,   3,  96, 384,   1]
[ 241,7458,  12,  24,  48,   3,   2,  12,   3,   3,   6,   3,  12,   2,
    1,  24,   6,   2,   3,  96, 384,   2]
[ 242,7704,   1,  -1,  -1,   3,   2,  12,   3,   3,   6,   3,  12,  48,
    3,  24,   6,   2,   3,  96, 384,   1]
[ 243,7710,   1,  -1,  -1,   6,   2,  12,   3,  48,   6,   3,  12,   2,
    6,  24,   6,   0,   1,  96, 384,   3]
[ 244,7719,   3,  -1,  -1,   0,   1,  12,   3,   6,   2,   3,  12,  48,
   12,  24,   6,   2,   1,  96, 384,   3]
[ 245,7725,   1,  -1,  -1,   0,   3,  12,   3,   6,   3,   3,  12,  48,
   12,  24,   6,   2,   1,  96, 384,   2]
[ 246,7731,   1,  -1,  -1,   0,   3,  12,   3,   1,   6,   6,  12,  48,
   12,  24,   6,   0,   3,  96, 384,   2]
[ 247,7740,   3,  -1,  -1,   0,   3,  12,   3,   1,   1,  12,  12,  48,
   12,  24,   6,   0,   3,  96, 384,   3]
[ 248,7770,   3,  -1,  -1,   3,   3,   0,   3,   0,   1,  24,  12,   1,
   12,  24,   6,  48,   3,  96, 384,   3]
[ 249,7854,   2,  -1,  -1,   0,   3,   3,   3,   3,   1,   0,  12,   1,
   12,  48,   6,  48,   3,  96, 384,   2]
[ 250,7857,   3,  -1,  -1,   0,   0,   3,   6,   2,   3,   1,  12,   1,
   12,  48,   6,  48,   3,  96, 384,   3]
[ 251,7863,   2,  -1,  -1,   3,   0,   3,   6,   0,   3,   1,  12,   3,
   12,  48,   6,  48,   3,  96, 384,   3]
[ 252,7863,   2,  -1,  -1,   2,   0,   3,   6,   3,   3,   1,  12,   3,
   12,  48,   6,  48,   3,  96, 384,   3]
[ 253,7866,   2,  -1,  -1,   2,   0,   3,   6,   2,   3,   1,  12,   6,
   12,  48,   6,  48,   3,  96, 384,   0]
[ 254,7866,   2,  -1,  -1,   2,   3,   6,   2,   2,   3,   1,  12,   6,
   12,  48,   6,  48,   3,  96, 384,   1]
[ 255,7869,   2,  -1,  -1,   2,   6,   6,   2,   2,  12,   1,  12,   6,
    3,  48,   6,  48,   2,  96, 384,   0]
[ 256,7878,   3,  -1,  -1,   2,  12,   2,   2,   2,  12,   1,  12,   6,
    3,  48,   6,  48,   2,  96, 384,   3]
[ 257,7911,   1,  -1,  -1,   2,   0,   3,   2,   2,  24,   3,  12,   6,
    3,  48,   6,  48,   2,  96, 384,   3]
[ 258,7914,   1,  -1,  -1,   2,   0,   1,   2,   2,  24,   6,  12,   6,
    3,  48,   6,  48,   2,  96, 384,   2]
[ 259,7917,   1,  -1,  -1,   1,   2,   0,   3,   2,  24,   6,  12,   6,
    3,  48,   6,  48,   2,  96, 384,   3]
[ 260,7920,   3,  -1,  -1,   1,   2,   0,   3,   3,  24,   6,  12,   6,
    3,  48,   6,  48,   2,  96, 384,   0]
[ 261,7926,   3,  -1,  -1,   3,   0,   3,   3,   3,  24,   6,  12,   6,
    3,  48,   6,  48,   2,  96, 384,   3]
[ 262,7932,   3,  -1,  -1,   3,   0,   3,   3,   6,  24,   6,  12,   6,
    3,  48,   6,  48,   2,  96, 384,   2]
[ 263,7938,   1,  -1,  -1,   3,   3,   0,   6,   6,  24,   6,  12,   6,
    3,  48,   6,  48,   2,  96, 384,   0]
[ 264,7941,   3,  -1,  -1,   6,   0,   6,   1,   6,  24,   6,  12,   6,
    3,  48,   6,  48,   2,  96, 384,   3]
[ 265,7962,   1,  -1,  -1,   3,   0,   0,   1,   6,  24,  12,  12,  12,
    3,  48,   6,  48,   2,  96, 384,   2]
[ 266,7989,   3,  -1,  -1,   1,   3,   0,   1,   0,   6,  24,  24,  12,
    3,  48,   6,  48,   2,  96, 384,   2]
[ 267,8073,   2,  -1,  -1,   3,   1,   3,   1,   0,   0,   6,  48,  12,
    3,  48,   6,  48,   2,  96, 384,   0]
[ 268,8073,   2,  -1,  -1,   3,   1,   3,   1,   0,   6,  48,   2,  12,
    3,  48,   6,  48,   2,  96, 384,   3]
[ 269,8319,   2,  -1,  -1,   2,   1,   0,   0,   3,   6,   3,   3,  12,
    3,  96,   6,  48,   2,  96, 384,   2]
[ 270,8322,   3,  -1,  -1,   2,   2,   1,   0,   0,   3,   6,   6,  12,
    3,  96,   6,  48,   2,  96, 384,   3]
[ 271,9066,   1,  -1,  -1,   3,   0,   0,   0,   2,   2,   1,   0,  12,
    6,   6,  12,  48,   2, 192, 384,   2]
[ 272,9075,   3,  -1,  -1,   1,   3,   0,   0,   0,   2,   2,   1,   0,
   12,  12,  12,  48,   2, 192, 384,   2]
[ 273,9108,   1,  -1,  -1,   3,   1,   3,   0,   0,   0,   2,   3,   0,
    0,  12,  24,  48,   2, 192, 384,   3]
[ 274,9108,   1,  -1,  -1,   1,   0,   3,   0,   3,   1,   2,   3,   0,
    0,  12,  24,  48,   2, 192, 384,   2]
[ 275,9111,   2,  -1,  -1,   1,   1,   0,   3,   0,   3,   3,   3,   0,
    0,  12,  24,  48,   2, 192, 384,   2]
[ 276,9114,   2,  -1,  -1,   2,   1,   1,   3,   0,   0,   3,   6,   0,
    0,  12,  24,  48,   2, 192, 384,   2]
[ 277,9117,   1,  -1,  -1,   2,   3,   1,   3,   0,   0,   3,   6,   0,
    0,  12,  24,  48,   2, 192, 384,   3]
[ 278,9117,   2,  -1,  -1,   1,   0,   1,   3,   2,   3,   3,   6,   0,
    0,  12,  24,  48,   2, 192, 384,   2]
[ 279,9120,   2,  -1,  -1,   0,   1,   1,   3,   2,   2,   6,   6,   0,
    0,  12,  24,  48,   2, 192, 384,   2]
[ 280,9129,   3,  -1,  -1,   0,   1,   1,   3,   2,   2,   2,  12,   0,
    0,  12,  24,  48,   2, 192, 384,   3]
[ 281,9135,   3,  -1,  -1,   0,   0,   3,   3,   0,   1,   3,  12,   2,
    2,  12,  24,  48,   2, 192, 384,   3]
[ 282,9144,   1,  -1,  -1,   0,   3,   0,   3,   0,   0,   6,  12,   2,
    3,  12,  24,  48,   2, 192, 384,   3]
[ 283,9144,   3,  -1,  -1,   0,   1,   0,   3,   0,   3,   6,  12,   2,
    3,  12,  24,  48,   2, 192, 384,   3]
[ 284,9150,   1,  -1,  -1,   0,   3,   0,   3,   0,   1,   6,  12,   2,
    6,  12,  24,  48,   2, 192, 384,   0]
[ 285,9150,   1,  -1,  -1,   3,   0,   3,   0,   1,   6,  12,   1,   2,
    6,  12,  24,  48,   2, 192, 384,   3]
[ 286,9189,   2,  -1,  -1,   0,   1,   0,   0,   3,   0,   3,   1,   3,
   12,  24,  24,  48,   2, 192, 384,   2]
[ 287,9270,   3,  -1,  -1,   0,   0,   1,   0,   2,   3,   3,   1,   0,
    3,  12,  48,  48,   2, 192, 384,   3]
[ 288,9276,   2,  -1,  -1,   0,   3,   1,   0,   0,   0,   3,   1,   2,
    6,  12,  48,  48,   2, 192, 384,   3]
[ 289,9276,   3,  -1,  -1,   0,   2,   1,   0,   0,   3,   3,   1,   2,
    6,  12,  48,  48,   2, 192, 384,   2]
[ 290,9282,   2,  -1,  -1,   3,   0,   2,   1,   0,   0,   6,   1,   2,
    6,  12,  48,  48,   2, 192, 384,   2]
[ 291,9285,   3,  -1,  -1,   2,   3,   0,   3,   0,   0,   6,   1,   2,
    6,  12,  48,  48,   2, 192, 384,   3]
[ 292,9288,   2,  -1,  -1,   0,   3,   0,   3,   2,   3,   6,   1,   2,
    6,  12,  48,  48,   2, 192, 384,   3]
[ 293,9291,   3,  -1,  -1,   0,   2,   0,   3,   2,   6,   6,   1,   2,
    6,  12,  48,  48,   2, 192, 384,   2]
[ 294,9303,   1,  -1,  -1,   0,   0,   2,   3,   3,   2,  12,   1,   2,
    6,  12,  48,  48,   2, 192, 384,   3]
[ 295,9330,   1,  -1,  -1,   0,   0,   1,   3,   3,   2,   2,   1,   2,
    6,  24,  48,  48,   2, 192, 384,   3]
[ 296,9333,   2,  -1,  -1,   0,   0,   1,   3,   3,   2,   3,   1,   2,
    6,  24,  48,  48,   2, 192, 384,   0]
[ 297,9333,  12,  24,  48,   0,   1,   3,   2,   3,   2,   3,   1,   2,
    6,  24,  48,  48,   2, 192, 384,   3]
[ 298,9369,   3,  -1,  -1,   0,   0,   0,  12,   3,   3,   6,   3,   2,
    6,  24,  48,  48,   2, 192, 384,   2]
[ 299,9375,   1,  -1,  -1,   0,   0,   0,  12,   3,   6,   6,   3,   2,
    6,  24,  48,  48,   2, 192, 384,   2]
[ 300,9384,   1,  -1,  -1,   0,   0,   0,  12,   1,   3,  12,   3,   2,
    6,  24,  48,  48,   2, 192, 384,   3]
[ 301,9387,   3,  -1,  -1,   1,   0,   0,  12,   0,   3,  12,   3,   3,
    6,  24,  48,  48,   2, 192, 384,   0]
[ 302,9390,   3,  -1,  -1,   1,   0,  12,   0,   3,  12,   3,   3,   3,
    6,  24,  48,  48,   2, 192, 384,   3]
[ 303,9396,   2,  -1,  -1,   3,   0,  12,   0,   1,  12,   3,   3,   6,
    6,  24,  48,  48,   2, 192, 384,   2]
[ 304,9408,   1,  -1,  -1,   0,   3,   0,  12,   0,   1,  12,   6,   2,
   12,  24,  48,  48,   2, 192, 384,   0]
[ 305,9408,   2,  -1,  -1,   3,   0,  12,   1,   1,  12,   6,   0,   2,
   12,  24,  48,  48,   2, 192, 384,   3]
[ 306,9438,   2,  -1,  -1,   0,   2,  12,   0,   3,   0,   6,   1,   3,
   24,  24,  48,  48,   2, 192, 384,   2]
[ 307,9519,   2,  -1,  -1,   0,   0,   2,  12,   0,   3,   6,   1,   2,
    3,  48,  48,  48,   2, 192, 384,   2]
[ 308,9762,   1,  -1,  -1,   0,   0,   2,  12,   0,   3,   6,   1,   2,
    2,   3,  96,  48,   2, 192, 384,   1]
[ 309,9762,   3,  -1,  -1,   0,   3,   2,  12,   2,   2,   6,   1,  48,
    2,   3,  96,   1,   0, 192, 384,   3]
[ 310,9765,  12,  24,  48,   0,   3,   2,  12,   2,   3,   6,   1,  48,
    2,   3,  96,   1,   2, 192, 384,   2]
[ 311,9795,   1,  -1,  -1,   0,   3,   2,  12,   2,   3,   6,   1,  48,
    2,   3,  96,  12,   3, 192, 384,   3]
[ 312,9798,   3,  -1,  -1,   0,   1,   2,  12,   2,   6,   6,   1,  48,
    2,   3,  96,  12,   3, 192, 384,   2]
[ 313,9813,   1,  -1,  -1,   0,   0,   3,  12,   3,   2,  12,   1,  48,
    2,   3,  96,  12,   3, 192, 384,   0]
[ 314,9813,   1,  -1,  -1,   0,   3,  12,   1,   3,   2,  12,   1,  48,
    2,   3,  96,  12,   3, 192, 384,   3]
[ 315,9840,   2,  -1,  -1,   0,   3,   1,   1,   3,   2,  24,   1,  48,
    2,   3,  96,  12,   3, 192, 384,   0]
[ 316,9840,   3,  -1,  -1,   3,   1,   1,   2,   3,   2,  24,   1,  48,
    2,   3,  96,  12,   3, 192, 384,   3]
[ 317,9852,   1,  -1,  -1,   3,   0,   1,   0,   6,   3,  24,   3,  48,
    2,   3,  96,  12,   3, 192, 384,   2]
[ 318,9852,   1,  -1,  -1,   1,   3,   0,   1,   6,   3,  24,   3,  48,
    2,   3,  96,  12,   3, 192, 384,   3]
[ 319,9855,   3,  -1,  -1,   1,   1,   0,   1,   6,   6,  24,   3,  48,
    2,   3,  96,  12,   3, 192, 384,   0]
[ 320,9867,   2,  -1,  -1,   1,   1,   1,   3,  12,  24,   3,   0,  48,
    2,   3,  96,  12,   3, 192, 384,   3]
[ 321,9870,   1,  -1,  -1,   1,   1,   0,   2,  12,  24,   1,   3,  48,
    2,   6,  96,  12,   3, 192, 384,   0]
[ 322,9870,   6,  12,  24,   1,   1,   2,   1,  12,  24,   1,   3,  48,
    2,   6,  96,  12,   3, 192, 384,   3]
[ 323,9954,   2,  -1,  -1,   1,   1,  24,   1,  12,  24,   3,   3,  48,
    2,   6,  96,  12,   3, 192, 384,   2]
[ 324,9957,   3,  -1,  -1,   1,   1,  24,   1,   2,  12,  24,   6,  48,
    2,   6,  96,  12,   3, 192, 384,   3]
[  325,10044,    3,   -1,   -1,    0,    1,    3,    1,    3,   12,   48,
     6,   48,    2,    6,   96,   12,    3,  192,  384,    1]
[  326,10047,    2,   -1,   -1,    3,    1,    3,    1,   48,   12,   48,
     6,   12,    2,    6,   96,    3,    3,  192,  384,    2]
