1515876442
[ 0,12, 1,-1,-1, 2, 1, 0, 3, 0, 1, 3, 1, 0, 0, 0, 3, 0, 3, 2, 0, 3]
[ 1,12, 2,-1,-1, 0, 0, 0, 1, 2, 1, 0, 3, 0, 1, 3, 1, 0, 3, 2, 3, 2]
[ 2,12, 2,-1,-1, 0, 0, 0, 1, 2, 2, 1, 3, 0, 1, 3, 1, 0, 3, 2, 3, 3]
[ 3,15, 3,-1,-1, 2, 0, 0, 1, 0, 0, 1, 3, 2, 3, 3, 1, 0, 3, 2, 3, 2]
[ 4,21, 3,-1,-1, 3, 2, 0, 1, 0, 0, 1, 3, 0, 2, 6, 1, 0, 3, 2, 3, 1]
[ 5,24, 2,-1,-1, 3, 2, 1, 1, 0, 2, 6, 3, 0, 3, 2, 1, 0, 0, 3, 3, 2]
[ 6,33, 2,-1,-1, 2, 3, 3, 1, 0, 2, 6, 3, 0, 0, 3, 3, 0, 0, 0, 6, 3]
[ 7,36, 2,-1,-1, 0, 0, 0, 2, 2, 3, 3, 1, 0, 2, 6, 6, 0, 0, 3, 6, 3]
[ 8,45, 1,-1,-1, 2, 0, 0, 0, 0, 0, 3, 2, 2, 3, 6, 1, 0, 2, 3,12, 3]
[ 9,48, 3,-1,-1, 1, 0, 0, 0, 2, 0, 3, 0, 0, 3, 6, 3, 2, 2, 3,12, 2]
[10,51, 1,-1,-1, 0, 1, 0, 0, 3, 2, 0, 3, 0, 3, 6, 3, 2, 2, 3,12, 3]
[11,57, 2,-1,-1, 0, 0, 0, 1, 0, 3, 0, 0, 3, 3, 6, 6, 2, 2, 3,12, 2]
[12,66, 1,-1,-1, 0, 0, 0, 1, 2, 0, 3, 0, 0, 3, 3,12, 2, 2, 3,12, 3]
[13,96, 1,-1,-1, 0, 0, 1, 0, 0, 0, 0, 1, 2, 3, 3, 0, 2, 2, 6,24, 2]
[14,96, 3,-1,-1, 1, 0, 0, 1, 0, 0, 0, 1, 0, 2, 3, 3, 2, 2, 6,24, 3]
[15,99, 1,-1,-1, 3, 0, 0, 1, 1, 0, 0, 1, 0, 2, 3, 3, 2, 2, 6,24, 3]
[16,99, 3,-1,-1, 1, 0, 0, 1, 3, 0, 0, 1, 1, 2, 3, 3, 2, 2, 6,24, 2]
[ 17,105,  1, -1, -1,  0,  1,  0,  1,  0,  3,  0,  1,  3,  1,  2,  6,  2,
   2,  6, 24,  2]
[ 18,108,  3, -1, -1,  1,  0,  1,  1,  0,  0,  3,  1,  0,  3,  3,  6,  2,
   2,  6, 24,  3]
[ 19,114,  1, -1, -1,  0,  0,  3,  1,  1,  0,  1,  1,  0,  3,  6,  6,  2,
   2,  6, 24,  2]
[ 20,123,  2, -1, -1,  0,  0,  3,  1,  0,  1,  1,  1,  1,  0,  3, 12,  2,
   2,  6, 24,  3]
[ 21,126,  3, -1, -1,  0,  2,  3,  1,  0,  0,  1,  1,  0,  1,  3, 12,  3,
   2,  6, 24,  3]
[ 22,132,  1, -1, -1,  0,  3,  3,  1,  0,  2,  1,  1,  0,  0,  3, 12,  3,
   3,  6, 24,  2]
[ 23,141,  2, -1, -1,  1,  0,  6,  1,  0,  0,  3,  1,  0,  0,  3, 12,  0,
   6,  6, 24,  3]
[ 24,144,  2, -1, -1,  2,  0,  0,  1,  1,  0,  6,  1,  0,  0,  6, 12,  0,
   6,  6, 24,  2]
[ 25,153,  2, -1, -1,  0,  2,  0,  1,  0,  1,  6,  1,  0,  0,  6, 12,  2,
   0, 12, 24,  2]
[ 26,153,  3, -1, -1,  0,  0,  2,  1,  0,  1,  6,  1,  0,  0,  6, 12,  2,
   2, 12, 24,  2]
[ 27,159,  1, -1, -1,  3,  0,  0,  3,  0,  1,  6,  1,  0,  0,  6, 12,  2,
   2, 12, 24,  3]
[ 28,168,  2, -1, -1,  0,  0,  1,  3,  3,  0,  0,  1,  0,  1, 12, 12,  2,
   2, 12, 24,  3]
[ 29,198,  3, -1, -1,  0,  2,  0,  3,  0,  0,  1,  1,  3,  0,  0, 12,  2,
   3, 24, 24,  2]
[ 30,282,  1, -1, -1,  0,  0,  2,  3,  0,  0,  1,  1,  0,  3,  0, 12,  3,
   2,  3, 48,  2]
[ 31,282,  1, -1, -1,  0,  0,  2,  3,  0,  0,  1,  1,  1,  0,  3, 12,  3,
   2,  3, 48,  3]
[ 32,285,  2, -1, -1,  0,  0,  1,  3,  0,  0,  2,  1,  1,  0,  1, 12,  3,
   2,  6, 48,  2]
[ 33,288,  3, -1, -1,  0,  0,  1,  3,  0,  0,  0,  3,  2,  1,  1, 12,  3,
   2,  6, 48,  3]
[ 34,297,  2, -1, -1,  0,  0,  0,  3,  0,  0,  1,  6,  2,  0,  1, 12,  3,
   3,  6, 48,  2]
[ 35,300,  3, -1, -1,  0,  0,  0,  3,  0,  0,  1,  6,  0,  2,  1, 12,  2,
   6,  6, 48,  2]
[ 36,315,  2, -1, -1,  0,  0,  0,  3,  0,  0,  1,  6,  3,  0,  3, 12,  0,
   2, 12, 48,  3]
[ 37,315,  1, -1, -1,  2,  0,  0,  3,  0,  0,  1,  6,  0,  0,  3, 12,  3,
   2, 12, 48,  2]
[ 38,315,  3, -1, -1,  1,  2,  0,  3,  0,  0,  1,  6,  0,  0,  3, 12,  3,
   2, 12, 48,  3]
[ 39,318,  6, -1, -1,  0,  3,  0,  3,  1,  2,  1,  6,  0,  0,  3, 12,  3,
   2, 12, 48,  2]
[ 40,330,  2, -1, -1,  6,  0,  3,  3,  0,  1,  3,  6,  0,  0,  3, 12,  3,
   2, 12, 48,  3]
[ 41,333,  6, -1, -1,  0,  0,  2,  3,  6,  0,  3,  6,  0,  1,  6, 12,  3,
   2, 12, 48,  3]
[ 42,345,  2, -1, -1,  0,  6,  2,  3,  0,  0,  3,  6,  6,  0,  6, 12,  3,
   3, 12, 48,  3]
[ 43,345,  2, -1, -1,  0,  2,  2,  3,  0,  6,  3,  6,  6,  0,  6, 12,  3,
   3, 12, 48,  3]
[ 44,345,  1, -1, -1,  0,  2,  2,  3,  0,  2,  3,  6,  6,  6,  6, 12,  3,
   3, 12, 48,  2]
[ 45,357,  3, -1, -1,  0,  2,  2,  3,  0,  2,  3,  6,  1,  6, 12, 12,  0,
   6, 12, 48,  2]
[ 46,387,  1, -1, -1,  0,  2,  2,  3,  0,  2,  3,  6,  3,  1,  6, 24,  0,
   6, 12, 48,  3]
[ 47,390,  1, -1, -1,  1,  0,  2,  3,  0,  2,  3,  6,  0,  3,  6, 24,  3,
   6, 12, 48,  2]
[ 48,390,  3, -1, -1,  1,  1,  2,  3,  0,  2,  3,  6,  0,  3,  6, 24,  3,
   6, 12, 48,  2]
[ 49,396,  6, -1, -1,  3,  1,  3,  3,  0,  2,  3,  6,  0,  3,  6, 24,  3,
   6, 12, 48,  3]
[ 50,411,  3, -1, -1,  0,  6,  0,  3,  3,  3,  6,  6,  0,  3,  6, 24,  3,
   6, 12, 48,  3]
[ 51,426,  2, -1, -1,  0,  3,  0,  3,  0,  6,  0,  6,  3,  6, 12, 24,  3,
   6, 12, 48,  3]
[ 52,465,  1, -1, -1,  0,  2,  0,  3,  0,  3,  0,  6,  0,  6,  0, 24,  6,
  12, 24, 48,  0]
[ 53,465,  3, -1, -1,  2,  0,  3,  0,  3,  0,  6,  0,  6,  0, 24,  1,  6,
  12, 24, 48,  3]
[ 54,558,  3, -1, -1,  3,  0,  0,  0,  2,  0,  3,  0,  3,  0,  6,  1, 12,
  12, 48, 48,  2]
[ 55,804,  2, -1, -1,  0,  3,  0,  0,  0,  2,  0,  3,  0,  3,  6,  1,  3,
  12, 12, 96,  2]
[ 56,831,  1, -1, -1,  0,  0,  3,  0,  0,  0,  2,  3,  0,  3,  6,  1,  2,
   3, 24, 96,  3]
[ 57,834,  6, 12, -1,  0,  1,  3,  0,  0,  0,  2,  3,  0,  0,  6,  1,  2,
   6, 24, 96,  0]
[ 58,843,  3, -1, -1,  1,  3,  0,  6,  0,  2,  3,  0,  0,  6,  1,  0,  2,
   6, 24, 96,  3]
[ 59,855,  2, -1, -1,  0,  0,  0,  3,  1,  3,  3,  6,  0,  2,  1,  0,  2,
  12, 24, 96,  2]
[ 60,858,  3, -1, -1,  0,  0,  0,  3,  2,  1,  6,  6,  0,  0,  2,  1,  2,
  12, 24, 96,  2]
[ 61,873,  1, -1, -1,  0,  0,  0,  3,  0,  2,  1, 12,  3,  0,  0,  3,  2,
  12, 24, 96,  2]
[ 62,876,  3, -1, -1,  0,  0,  0,  3,  1,  0,  3, 12,  0,  3,  0,  3,  2,
  12, 24, 96,  3]
[ 63,879,  1, -1, -1,  0,  0,  3,  3,  0,  0,  0, 12,  1,  3,  3,  3,  2,
  12, 24, 96,  3]
[ 64,882,  2, -1, -1,  0,  0,  1,  3,  0,  0,  3, 12,  0,  3,  3,  3,  3,
  12, 24, 96,  3]
[ 65,885,  2, -1, -1,  0,  0,  2,  3,  0,  0,  1, 12,  0,  3,  6,  3,  3,
  12, 24, 96,  3]
[ 66,888,  1, -1, -1,  0,  0,  2,  3,  0,  0,  3, 12,  0,  3,  6,  3,  3,
  12, 24, 96,  0]
[ 67,888,  3, -1, -1,  0,  2,  3,  0,  0,  3, 12,  1,  3,  6,  3,  0,  3,
  12, 24, 96,  2]
[ 68,891,  3, -1, -1,  3,  0,  2,  3,  0,  3, 12,  1,  0,  3,  6,  3,  3,
  12, 24, 96,  3]
[ 69,897,  1, -1, -1,  0,  3,  2,  3,  3,  0, 12,  1,  0,  6,  6,  3,  3,
  12, 24, 96,  3]
[ 70,897,  6, 12, -1,  0,  1,  2,  3,  0,  3, 12,  1,  3,  6,  6,  3,  3,
  12, 24, 96,  2]
[ 71,918,  1, -1, -1,  6,  0,  3,  3,  0,  3, 12,  1,  0,  3, 12,  3,  3,
  12, 24, 96,  3]
[ 72,948,  2, -1, -1,  0,  1,  0,  3,  6,  0,  3,  1,  0,  6, 24,  3,  3,
  12, 24, 96,  3]
[  73,1029,   1,  -1,  -1,   0,   2,   0,   3,   0,   1,   0,   1,   6,
    6,   3,   3,   3,  12,  48,  96,   2]
[  74,1032,   3,  -1,  -1,   1,   0,   2,   3,   0,   0,   1,   1,   0,
    6,   6,   6,   3,  12,  48,  96,   2]
[  75,1044,   1,  -1,  -1,   3,   1,   2,   3,   0,   0,   1,   1,   0,
    0,   6,  12,   3,  12,  48,  96,   3]
[  76,1047,   3,  -1,  -1,   0,   1,   0,   3,   3,   1,   3,   1,   0,
    0,   6,  12,   3,  12,  48,  96,   2]
[  77,1050,   2,  -1,  -1,   3,   0,   1,   3,   3,   1,   3,   1,   0,
    0,   6,  12,   3,  12,  48,  96,   3]
[  78,1050,   6,  12,  -1,   0,   2,   1,   3,   3,   0,   3,   1,   3,
    1,   6,  12,   3,  12,  48,  96,   2]
[  79,1062,   2,  -1,  -1,   0,   0,   3,   3,   6,   3,   3,   1,   3,
    1,   6,  12,   3,  12,  48,  96,   2]
[  80,1068,   2,  -1,  -1,   2,   0,   0,   6,   0,   6,   6,   1,   3,
    1,   6,  12,   3,  12,  48,  96,   3]
[  81,1080,   1,  -1,  -1,   0,   0,   2,   6,   2,   6,   0,   1,   0,
    1,  12,  12,   6,  12,  48,  96,   2]
[  82,1107,   1,  -1,  -1,   0,   0,   2,   6,   0,   2,   6,   1,   1,
    0,   1,  24,   6,  12,  48,  96,   3]
[  83,1107,   2,  -1,  -1,   0,   1,   2,   6,   0,   0,   6,   1,   1,
    2,   1,  24,   6,  12,  48,  96,   2]
[  84,1113,   1,  -1,  -1,   0,   0,   3,   6,   0,   0,   6,   1,   2,
    1,   3,  24,   6,  12,  48,  96,   2]
[  85,1116,   3,  -1,  -1,   0,   0,   3,   6,   0,   0,   6,   1,   1,
    3,   3,  24,   6,  12,  48,  96,   2]
[  86,1122,   3,  -1,  -1,   0,   0,   3,   6,   0,   0,   6,   1,   3,
    1,   6,  24,   6,  12,  48,  96,   3]
[  87,1134,   3,  -1,  -1,   0,   0,   3,   6,   0,   0,   3,   1,   3,
    1,  12,  24,   6,  12,  48,  96,   3]
[  88,1140,   2,  -1,  -1,   0,   0,   3,   6,   0,   0,   6,   1,   3,
    1,  12,  24,   6,  12,  48,  96,   1]
[  89,1140,   3,  -1,  -1,   0,   0,   3,   6,   3,   1,   6,   1,   6,
   12,  12,  24,   2,   0,  48,  96,   2]
[  90,1170,   2,  -1,  -1,   0,   0,   3,   6,   3,   1,   6,   1,   0,
    6,  24,  24,   3,   2,  48,  96,   2]
[  91,1251,   1,  -1,  -1,   0,   0,   3,   6,   3,   1,   6,   1,   2,
    0,   6,  48,   3,   2,  48,  96,   3]
[  92,1260,   2,  -1,  -1,   0,   0,   1,   6,   3,   0,   3,   1,   2,
    1,  12,  48,   3,   2,  48,  96,   3]
[  93,1263,   3,  -1,  -1,   0,   2,   1,   6,   3,   0,   3,   1,   2,
    0,  12,  48,   3,   3,  48,  96,   2]
[  94,1272,   2,  -1,  -1,   3,   0,   3,   6,   0,   3,   3,   1,   0,
    2,  12,  48,   0,   6,  48,  96,   2]
[  95,1275,   1,  -1,  -1,   0,   3,   3,   6,   2,   0,   6,   1,   0,
    2,  12,  48,   0,   6,  48,  96,   3]
[  96,1275,   1,  -1,  -1,   0,   1,   3,   6,   0,   3,   6,   1,   2,
    2,  12,  48,   0,   6,  48,  96,   1]
[  97,1275,   1,  -1,  -1,   0,   1,   3,   6,   2,   3,   6,   1,   0,
    2,  12,  48,   1,   6,  48,  96,   1]
[  98,1275,   3,  -1,  -1,   2,   1,   3,   6,   0,   3,   6,   1,   1,
    2,  12,  48,   1,   6,  48,  96,   2]
[  99,1284,   3,  -1,  -1,   0,   3,   3,   6,   0,   3,   6,   1,   3,
    3,  12,  48,   1,   6,  48,  96,   2]
[ 100,1293,   3,  -1,  -1,   3,   0,   6,   6,   0,   3,   6,   1,   0,
    6,  12,  48,   1,   6,  48,  96,   3]
[ 101,1314,   1,  -1,  -1,   0,   3,   0,   6,   3,   0,  12,   1,   0,
    3,  12,  48,   1,  12,  48,  96,   3]
[ 102,1341,   2,  -1,  -1,   0,   1,   0,   6,   0,   3,   0,   1,   3,
    3,  24,  48,   1,  12,  48,  96,   3]
[ 103,1344,   2,  -1,  -1,   0,   2,   0,   6,   0,   1,   0,   1,   3,
    6,  24,  48,   1,  12,  48,  96,   3]
[ 104,1347,   2,  -1,  -1,   0,   2,   0,   6,   0,   3,   0,   1,   3,
    6,  24,  48,   1,  12,  48,  96,   0]
[ 105,1347,   3,  -1,  -1,   2,   0,   6,   2,   3,   0,   1,   0,   3,
    6,  24,  48,   1,  12,  48,  96,   3]
[ 106,1353,   2,  -1,  -1,   0,   0,   6,   3,   2,   0,   1,   2,   6,
    6,  24,  48,   1,  12,  48,  96,   2]
[ 107,1365,   2,  -1,  -1,   0,   0,   6,   3,   2,   2,   0,   3,   0,
   12,  24,  48,   1,  12,  48,  96,   3]
[ 108,1395,   2,  -1,  -1,   0,   2,   0,   0,   0,   0,   6,   6,   2,
    2,  24,  48,   1,  24,  48,  96,   3]
[ 109,1398,   3,  -1,  -1,   2,   0,   0,   0,   0,   2,   6,   6,   0,
    2,  24,  48,   3,  24,  48,  96,   0]
[ 110,1401,   1,  -1,  -1,   2,   0,   0,   0,   2,   6,   6,   0,   2,
   24,  48,   3,   3,  24,  48,  96,   3]
[ 111,1725,   3,  -1,  -1,   2,   1,   0,   0,   2,   0,   0,   0,   2,
    6,   6,   3,   3,  48,  96,  96,   2]
[ 112,2466,   1,  -1,  -1,   0,   2,   1,   0,   0,   2,   0,   0,   3,
    2,  12,   3,   0,   3,  48, 192,   3]
[ 113,2466,   6,  12,  24,   0,   2,   1,   0,   0,   2,   1,   0,   0,
    2,  12,   3,   3,   3,  48, 192,   2]
[ 114,2496,   1,  -1,  -1,   0,   0,   2,   1,  12,   0,   2,   1,   0,
    2,  12,   3,   0,   6,  48, 192,   2]
[ 115,2502,   1,  -1,  -1,   1,   0,   0,   3,   0,  12,   0,   3,   0,
    2,  12,   3,   0,   6,  48, 192,   3]
[ 116,2505,   2,  -1,  -1,   1,   0,   0,   0,   1,  12,   0,   3,   0,
    2,  12,   6,   0,   6,  48, 192,   2]
[ 117,2505,   3,  -1,  -1,   0,   1,   0,   0,   2,   1,  12,   3,   0,
    2,  12,   6,   0,   6,  48, 192,   3]
[ 118,2538,   3,  -1,  -1,   0,   3,   0,   0,   0,   1,   0,   3,   2,
    3,  24,   6,   0,   6,  48, 192,   2]
[ 119,2541,   2,  -1,  -1,   0,   0,   3,   0,   3,   0,   1,   3,   2,
    3,  24,   6,   0,   6,  48, 192,   2]
[ 120,2541,   1,  -1,  -1,   0,   0,   0,   3,   2,   3,   1,   3,   2,
    3,  24,   6,   0,   6,  48, 192,   3]
[ 121,2547,   3,  -1,  -1,   0,   1,   0,   0,   0,   0,   1,   6,   2,
    6,  24,   6,   2,   6,  48, 192,   3]
[ 122,2568,   1,  -1,  -1,   0,   0,   0,   3,   0,   1,   1,   0,   2,
    0,  24,  12,   2,  12,  48, 192,   3]
[ 123,2568,   3,  -1,  -1,   0,   1,   0,   0,   0,   0,   1,   3,   2,
    1,  24,  12,   2,  12,  48, 192,   2]
[ 124,2574,   2,  -1,  -1,   3,   0,   1,   0,   0,   0,   1,   3,   0,
    3,  24,  12,   2,  12,  48, 192,   3]
[ 125,2574,   2,  -1,  -1,   2,   0,   1,   0,   3,   0,   1,   3,   0,
    3,  24,  12,   2,  12,  48, 192,   3]
[ 126,2574,   1,  -1,  -1,   2,   0,   1,   0,   2,   0,   1,   3,   3,
    3,  24,  12,   2,  12,  48, 192,   2]
[ 127,2577,   3,  -1,  -1,   1,   2,   0,   1,   0,   2,   1,   3,   0,
    6,  24,  12,   2,  12,  48, 192,   2]
[ 128,2583,   1,  -1,  -1,   0,   1,   2,   1,   3,   0,   3,   3,   0,
    6,  24,  12,   2,  12,  48, 192,   2]
[ 129,2589,   2,  -1,  -1,   0,   0,   1,   3,   1,   3,   0,   6,   0,
    6,  24,  12,   2,  12,  48, 192,   3]
[ 130,2589,   2,  -1,  -1,   2,   0,   0,   3,   0,   3,   1,   6,   1,
    6,  24,  12,   2,  12,  48, 192,   3]
[ 131,2592,   2,  -1,  -1,   2,   0,   0,   3,   2,   3,   1,   6,   0,
    6,  24,  12,   3,  12,  48, 192,   2]
[ 132,2592,   2,  -1,  -1,   2,   2,   0,   3,   2,   3,   1,   6,   0,
    6,  24,  12,   3,  12,  48, 192,   2]
[ 133,2592,   1,  -1,  -1,   2,   2,   2,   3,   2,   3,   1,   6,   0,
    6,  24,  12,   3,  12,  48, 192,   3]
[ 134,2595,   3,  -1,  -1,   0,   2,   1,   3,   2,   3,   3,   6,   2,
    6,  24,  12,   3,  12,  48, 192,   2]
[ 135,2604,   1,  -1,  -1,   3,   0,   3,   3,   0,   2,   6,   6,   2,
    6,  24,  12,   3,  12,  48, 192,   2]
[ 136,2616,   3,  -1,  -1,   0,   3,   0,   6,   1,   0,   2,  12,   2,
    6,  24,  12,   3,  12,  48, 192,   3]
[ 137,2649,   2,  -1,  -1,   0,   0,   0,   3,   0,   3,   2,   6,   3,
    6,  24,  24,   3,  12,  48, 192,   3]
[ 138,2652,   1,  -1,  -1,   2,   0,   0,   3,   0,   3,   2,   6,   0,
    6,  24,  24,   6,  12,  48, 192,   3]
[ 139,2652,   1,  -1,  -1,   1,   0,   0,   3,   2,   3,   2,   6,   0,
    6,  24,  24,   6,  12,  48, 192,   3]
[ 140,2652,   3,  -1,  -1,   1,   0,   0,   3,   1,   3,   2,   6,   2,
    6,  24,  24,   6,  12,  48, 192,   2]
[ 141,2736,   3,  -1,  -1,   0,   1,   0,   3,   1,   3,   2,   6,   3,
    2,   6,  48,   6,  12,  48, 192,   2]
[ 142,2739,   1,  -1,  -1,   3,   0,   1,   3,   1,   3,   2,   6,   3,
    2,   6,  48,   6,  12,  48, 192,   3]
[ 143,2742,   1,  -1,  -1,   3,   0,   1,   3,   1,   3,   3,   6,   3,
    2,   6,  48,   6,  12,  48, 192,   2]
[ 144,2745,   3,  -1,  -1,   0,   3,   1,   3,   1,   1,   6,   6,   3,
    2,   6,  48,   6,  12,  48, 192,   3]
[ 145,2760,   2,  -1,  -1,   0,   0,   3,   3,   1,   3,   1,   6,   3,
    3,  12,  48,   6,  12,  48, 192,   3]
[ 146,2763,   6,  12,  24,   0,   2,   3,   3,   1,   0,   1,   6,   3,
    6,  12,  48,   6,  12,  48, 192,   1]
[ 147,2844,   3,  -1,  -1,   1,   2,   3,   3,   3,   6,   1,   6,   6,
   12,  12,  48,  24,   0,  48, 192,   2]
[ 148,2877,   2,  -1,  -1,   3,   1,   2,   6,   3,   6,   1,   6,   0,
    6,  24,  48,   0,  24,  48, 192,   3]
[ 149,2898,   2,  -1,  -1,   2,   0,   0,   0,   3,   1,   3,  12,   3,
   12,  24,  48,   0,  24,  48, 192,   2]
[ 150,2898,   3,  -1,  -1,   2,   2,   0,   0,   3,   1,   3,  12,   3,
   12,  24,  48,   0,  24,  48, 192,   3]
[ 151,2904,   1,  -1,  -1,   0,   3,   0,   0,   2,   3,   3,  12,   3,
   12,  24,  48,   3,  24,  48, 192,   2]
[ 152,2907,   3,  -1,  -1,   1,   0,   3,   0,   0,   2,   6,  12,   3,
   12,  24,  48,   3,  24,  48, 192,   3]
[ 153,2913,   1,  -1,  -1,   3,   0,   3,   0,   1,   2,   6,  12,   0,
   12,  24,  48,   6,  24,  48, 192,   2]
[ 154,2916,   2,  -1,  -1,   0,   3,   0,   3,   1,   3,   6,  12,   0,
   12,  24,  48,   6,  24,  48, 192,   3]
[ 155,2919,   1,  -1,  -1,   2,   0,   0,   3,   0,   6,   6,  12,   1,
   12,  24,  48,   6,  24,  48, 192,   3]
[ 156,2919,   3,  -1,  -1,   1,   0,   0,   3,   2,   6,   6,  12,   1,
   12,  24,  48,   6,  24,  48, 192,   3]
[ 157,2925,   3,  -1,  -1,   3,   0,   0,   3,   1,   6,   6,  12,   3,
   12,  24,  48,   6,  24,  48, 192,   2]
[ 158,2937,   1,  -1,  -1,   0,   3,   0,   3,   3,   1,  12,  12,   3,
   12,  24,  48,   6,  24,  48, 192,   2]
[ 159,2964,   2,  -1,  -1,   0,   0,   3,   3,   1,   3,   1,  24,   3,
   12,  24,  48,   6,  24,  48, 192,   2]
[ 160,2967,   2,  -1,  -1,   2,   0,   0,   6,   1,   3,   1,  24,   3,
   12,  24,  48,   6,  24,  48, 192,   3]
[ 161,2970,   1,  -1,  -1,   2,   0,   0,   6,   3,   3,   1,  24,   3,
   12,  24,  48,   6,  24,  48, 192,   2]
[ 162,2973,   3,  -1,  -1,   0,   2,   0,   6,   1,   6,   1,  24,   3,
   12,  24,  48,   6,  24,  48, 192,   2]
[ 163,2976,   2,  -1,  -1,   3,   0,   2,   6,   1,   6,   1,  24,   3,
   12,  24,  48,   6,  24,  48, 192,   3]
[ 164,2979,   2,  -1,  -1,   3,   0,   2,   6,   1,   6,   3,  24,   3,
   12,  24,  48,   6,  24,  48, 192,   2]
[ 165,2979,   1,  -1,  -1,   2,   3,   2,   6,   1,   6,   3,  24,   3,
   12,  24,  48,   6,  24,  48, 192,   3]
[ 166,2982,   3,  -1,  -1,   1,   3,   2,   6,   3,   6,   3,  24,   3,
   12,  24,  48,   6,  24,  48, 192,   3]
[ 167,2988,   3,  -1,  -1,   3,   3,   2,   6,   1,   6,   3,  24,   6,
   12,  24,  48,   6,  24,  48, 192,   1]
[ 168,3000,   2,  -1,  -1,   3,   3,   2,   6,   1,   6,   3,  24,  12,
   12,  24,  48,   3,  24,  48, 192,   2]
[ 169,3030,   2,  -1,  -1,   2,   6,   2,   6,   1,   6,   3,  24,   0,
   24,  24,  48,   3,  24,  48, 192,   2]
[ 170,3111,   2,  -1,  -1,   2,   6,   2,   6,   1,   6,   3,  24,   2,
    0,  48,  48,   3,  24,  48, 192,   3]
[ 171,3357,   3,  -1,  -1,   0,   2,   0,   6,   2,   6,   2,  24,   3,
    6,   3,  48,   3,  24,  96, 192,   3]
[ 172,3372,   3,  -1,  -1,   0,   3,   0,   6,   0,   2,   2,  24,   2,
   12,   3,  48,   6,  24,  96, 192,   2]
[ 173,3375,   1,  -1,  -1,   3,   0,   3,   6,   0,   2,   2,  24,   2,
   12,   3,  48,   6,  24,  96, 192,   2]
[ 174,3375,   1,  -1,  -1,   1,   3,   3,   6,   0,   2,   2,  24,   2,
   12,   3,  48,   6,  24,  96, 192,   2]
[ 175,3378,   1,  -1,  -1,   1,   1,   6,   6,   0,   2,   2,  24,   2,
   12,   3,  48,   6,  24,  96, 192,   2]
[ 176,3387,   3,  -1,  -1,   1,   1,   1,  12,   0,   2,   2,  24,   2,
   12,   3,  48,   6,  24,  96, 192,   3]
[ 177,3396,   1,  -1,  -1,   0,   0,   3,  12,   1,   3,   3,  24,   2,
   12,   3,  48,   6,  24,  96, 192,   3]
[ 178,3402,   2,  -1,  -1,   0,   0,   1,  12,   0,   3,   3,  24,   3,
   12,   6,  48,   6,  24,  96, 192,   2]
[ 179,3405,   1,  -1,  -1,   0,   0,   1,  12,   2,   0,   6,  24,   3,
   12,   6,  48,   6,  24,  96, 192,   3]
[ 180,3414,   2,  -1,  -1,   0,   0,   1,  12,   2,   0,   1,  24,   3,
   12,  12,  48,   6,  24,  96, 192,   2]
[ 181,3441,   3,  -1,  -1,   0,   0,   1,  12,   0,   2,   1,  24,   2,
    3,  24,  48,   6,  24,  96, 192,   2]
[ 182,3447,   2,  -1,  -1,   0,   0,   1,  12,   3,   0,   3,  24,   2,
    3,  24,  48,   6,  24,  96, 192,   0]
[ 183,3447,   1,  -1,  -1,   0,   1,  12,   2,   3,   3,  24,   0,   2,
    3,  24,  48,   6,  24,  96, 192,   3]
[ 184,3531,   3,  -1,  -1,   0,   0,   0,   1,   3,   1,  12,   2,   2,
    6,  48,  48,   6,  24,  96, 192,   2]
[ 185,3777,   1,  -1,  -1,   0,   0,   0,   1,   3,   1,  12,   2,   3,
    2,   6,  96,   6,  24,  96, 192,   3]
[ 186,3786,   3,  -1,  -1,   1,   0,   0,   0,   0,   0,  12,   3,   6,
    3,   6,  96,   6,  24,  96, 192,   3]
[ 187,3798,   1,  -1,  -1,   3,   0,   0,   0,   1,   0,  12,   3,   0,
    3,   6,  96,  12,  24,  96, 192,   0]
[ 188,3798,   2,  -1,  -1,   3,   0,   0,   0,   1,  12,   3,   0,   3,
    6,  96,   1,  12,  24,  96, 192,   3]
[ 189,4527,   2,  -1,  -1,   3,   0,   2,   0,   1,  12,   0,   0,   3,
    6,   3,   1,  12,  24, 192, 192,   2]
[ 190,6714,   3,  -1,  -1,   0,   3,   0,   2,   0,   1,  12,   0,   3,
    6,   3,   1,   2,  12,  24, 384,   3]
[ 191,6717,   3,  -1,  -1,   0,   3,   0,   3,   0,   1,  12,   2,   3,
    6,   3,   1,   2,  12,  24, 384,   3]
[ 192,6723,   2,  -1,  -1,   0,   3,   0,   3,   0,   1,  12,   3,   3,
    6,   3,   3,   2,  12,  24, 384,   2]
[ 193,6726,   1,  -1,  -1,   0,   0,   3,   3,   0,   1,  12,   3,   2,
    3,   6,   6,   2,  12,  24, 384,   3]
[ 194,6729,   1,  -1,  -1,   0,   0,   3,   1,   0,   1,  12,   6,   2,
    3,   6,   6,   2,  12,  24, 384,   3]
[ 195,6738,   6,  12,  24,   0,   0,   3,   1,   0,   1,  12,   1,   2,
    3,   6,  12,   2,  12,  24, 384,   1]
[ 196,6747,   2,  -1,  -1,   0,   1,   3,   1,   2,   3,  12,   1,   2,
   12,   6,  12,   0,   6,  24, 384,   1]
[ 197,6747,   6,  12,  24,   2,   1,   3,   1,   2,   3,  12,   1,   0,
   12,   6,  12,   2,   6,  24, 384,   2]
[ 198,6759,   1,  -1,  -1,   6,   3,   3,   1,   2,   3,  12,   1,   0,
   12,   6,  12,   2,   6,  24, 384,   2]
[ 199,6762,   1,  -1,  -1,   1,   6,   6,   1,   2,   3,  12,   1,   0,
   12,   6,  12,   2,   6,  24, 384,   1]
[ 200,6765,   2,  -1,  -1,   3,   6,   6,   1,   0,   3,  12,   1,   2,
   12,   6,  12,   1,   6,  24, 384,   0]
[ 201,6774,   2,  -1,  -1,   3,  12,   1,   0,   3,  12,   1,   2,   2,
   12,   6,  12,   1,   6,  24, 384,   3]
[ 202,6804,   3,  -1,  -1,   0,   2,   1,   0,   3,  12,   1,   2,   3,
   24,   6,  12,   3,   6,  24, 384,   2]
[ 203,6810,   3,  -1,  -1,   3,   0,   2,   1,   0,   3,  12,   3,   3,
   24,   6,  12,   3,   6,  24, 384,   2]
[ 204,6816,   3,  -1,  -1,   3,   3,   0,   3,   0,   3,  12,   3,   3,
   24,   6,  12,   3,   6,  24, 384,   3]
[ 205,6828,   3,  -1,  -1,   0,   3,   0,   0,   3,   6,  12,   6,   0,
   24,   6,  12,   6,   6,  24, 384,   3]
[ 206,6831,   2,  -1,  -1,   3,   3,   0,   0,   0,   6,  12,   6,   3,
   24,   6,  12,   6,   6,  24, 384,   0]
[ 207,6843,   2,  -1,  -1,   6,   0,   0,   2,   6,  12,   6,   0,   3,
   24,   6,  12,  12,  24, 384,   0,   3]
[ 208,6942,   1,  -1,  -1,   2,   0,   0,   0,  12,   0,   0,   2,   3,
   12,  12,   0,  12,  48, 384,  12,   1]
[ 209,6942,   2,  -1,  -1,   2,   0,   0,   2,  12,  12,  12,   0,   3,
   48, 384,  12,  12,   0,   1,   0,   0]
[ 210,6969,   3,  -1,  -1,   2,   0,   2,   0,  24,  12,   0,   0,   3,
   48, 384,  12,  12,   1,   0,   2,   3]
[ 211,6972,   2,  -1,  -1,   2,   0,   3,   0,  24,  12,   2,   0,   3,
   48,   0,  12,  12,   1, 384,   2,   0]
[ 212,6972,   3,  -1,  -1,   2,   3,   0,   0,  24,  12,   2,   0,   3,
   48,  12,   2,  12,   1, 384,   2,   1]
[ 213,6975,   3,  -1,  -1,   2,   3,   2,   0,  24,  12,  12,   2,   3,
   48, 384,   2,  12,   1,   3,   0,   3]
[ 214,6978,   1,  -1,  -1,   2,   3,   2,   3,  24,  12,  12,   0,   3,
   48, 384,   2,  12,   1,   3,   2,   1]
[ 215,6978,   1,  -1,  -1,   2,   3,   2,   3,  24,  12,  12,   2,   3,
   48, 384,   2,  12,   1,   3,   1,   3]
[ 216,6981,   1,  -1,  -1,   2,   3,   2,   1,  24,  12,  12,   3,   3,
   48, 384,   2,  12,   1,   3,   3,   0]
[ 217,7014,   3,  -1,  -1,   2,   3,   3,   1,  24,  24,   3,   0,   3,
   48, 384,   2,  12,   1,   6,   0,   3]
[ 218,7020,   2,  -1,  -1,   2,   3,   3,   0,  24,  24,   6,   1,   3,
   48, 384,   0,  12,   1,   6,   2,   3]
[ 219,7020,   1,  -1,  -1,   2,   3,   3,   2,  24,  24,   6,   0,   3,
   48, 384,   1,  12,   1,   6,   2,   3]
[ 220,7023,   2,  -1,  -1,   2,   3,   3,   1,  24,  24,   6,   2,   3,
   48, 384,   0,  12,   1,   6,   3,   2]
[ 221,7107,   3,  -1,  -1,   0,   2,   6,   1,   0,  48,   6,   2,   2,
    3,  48, 384,  12,   1,   6,   3,   3]
[ 222,7122,   1,  -1,  -1,   0,   2,   3,   0,   0,  48,  12,   3,   2,
    3,  48, 384,  12,   1,   6,   3,   2]
[ 223,7122,   2,  -1,  -1,   1,   0,   2,   3,   0,  48,  12,   3,   2,
    3,  48, 384,  12,   1,   6,   3,   2]
[ 224,7122,   3,  -1,  -1,   2,   1,   2,   3,   0,  48,  12,   3,   2,
    3,  48, 384,  12,   1,   6,   3,   2]
[ 225,7128,   2,  -1,  -1,   3,   2,   3,   3,   0,  48,  12,   3,   2,
    3,  48, 384,  12,   1,   6,   3,   3]
[ 226,7131,   3,  -1,  -1,   0,   2,   3,   2,   3,  48,  12,   6,   2,
    3,  48, 384,  12,   1,   6,   3,   1]
