1516444663
1,3,2,3,0,2,1,0,0,2,0,0,0,3,1,0,1,-1,-1,2,0,1,3,2,3,1,0,2,1,0,0,2,0,0,0,3,1,2,-1,-1
1,3,2,3,0,0,2,1,0,0,2,0,1,0,3,1,2,-1,-1,3,0,0,2,2,0,1,3,2,3,0,0,2,1,1,0,3,1,3,-1,-1
2,0,2,0,1,3,2,3,0,0,2,1,1,0,3,1,3,-1,-1,3,3,0,3,2,0,2,0,2,3,1,3,2,1,1,0,3,1,2,-1,-1
3,0,2,0,2,0,2,3,1,3,2,1,1,0,3,1,2,-1,-1,2,3,0,3,0,2,0,2,2,3,2,1,3,3,0,1,3,1,1,-1,-1
0,3,0,2,2,2,2,3,0,1,3,3,0,1,3,1,1,-1,-1,1,6,2,3,2,2,0,3,3,6,0,1,3,1,0,0,0,1,1,-1,-1
2,3,2,2,0,3,3,6,0,1,3,1,0,1,0,0,1,-1,-1,2,3,2,3,2,2,1,0,6,6,0,1,3,1,0,0,1,0,2,-1,-1
2,3,2,2,0,0,6,6,0,1,3,1,1,0,1,0,2,-1,-1,3,0,0,2,2,0,2,3,6,2,0,0,3,6,1,1,1,1,3,-1,-1
0,2,2,0,2,3,6,2,0,0,3,6,1,1,1,1,3,-1,-1,3,3,0,3,2,0,0,2,6,2,2,3,3,6,1,1,1,1,3,-1,-1
0,3,2,0,0,2,6,2,2,3,3,6,1,1,1,1,3,-1,-1,2,6,0,0,3,2,0,2,6,2,3,2,6,6,1,1,1,1,3,-1,-1
3,0,3,2,0,2,6,2,0,2,6,6,1,1,1,1,3,-1,-1,3,15,0,0,3,2,3,0,3,2,0,2,12,6,1,3,1,1,2,-1,-1
0,0,3,2,3,0,3,2,0,2,12,6,1,3,1,1,2,-1,-1,3,3,0,0,2,2,0,0,6,2,3,2,12,6,1,3,1,1,1,-1,-1
2,0,0,2,0,0,6,2,3,2,12,6,1,3,1,1,1,-1,-1,0,0,2,0,2,1,0,6,2,0,3,2,12,6,1,3,1,1,1,-1,-1
2,0,2,1,0,6,2,0,3,2,12,6,1,3,1,1,1,-1,-1,2,3,0,2,0,3,1,0,6,2,3,2,12,6,1,3,1,1,3,-1,-1
0,2,0,3,1,0,6,2,3,2,12,6,1,3,1,1,3,-1,-1,3,3,0,3,0,3,1,2,6,2,3,2,12,6,1,3,1,1,2,-1,-1
0,3,0,3,1,2,6,2,3,2,12,6,1,3,1,1,2,-1,-1,0,3,3,0,3,0,3,6,2,2,3,2,12,6,1,3,1,1,3,-1,-1
3,0,3,2,3,6,2,0,3,2,12,6,1,3,1,1,3,-1,-1,2,3,0,3,3,2,3,3,6,2,3,2,12,6,1,3,1,1,1,-1,-1
3,3,3,2,0,3,6,2,3,2,12,6,1,3,1,1,1,-1,-1,3,3,1,0,3,2,3,6,6,2,3,2,12,6,1,3,1,1,1,-1,-1
1,0,3,2,3,6,6,2,3,2,12,6,1,3,1,1,1,-1,-1,2,9,0,1,3,2,1,3,12,2,3,2,12,6,1,3,1,1,1,-1,-1
1,1,3,2,0,3,12,2,3,2,12,6,1,3,1,1,1,-1,-1,3,27,0,1,1,2,1,3,3,2,3,2,24,6,1,3,1,1,2,-1,-1
0,1,1,2,1,3,3,2,3,2,24,6,1,3,1,1,2,-1,-1,2,6,0,0,1,3,2,1,6,2,3,2,24,6,1,3,1,1,3,-1,-1
0,0,1,3,2,1,6,2,3,2,24,6,1,3,1,1,3,-1,-1,3,6,0,3,1,3,2,0,6,2,3,3,24,6,1,3,1,1,2,-1,-1
0,3,1,3,2,0,6,2,3,3,24,6,1,3,1,1,2,-1,-1,3,3,0,2,1,3,2,3,6,2,3,0,24,6,1,6,1,1,3,-1,-1
0,2,1,3,2,3,6,2,3,0,24,6,1,6,1,1,3,-1,-1,3,3,0,3,1,3,2,2,6,2,3,3,24,6,1,6,1,1,1,-1,-1
0,3,1,3,2,2,6,2,3,3,24,6,1,6,1,1,1,-1,-1,2,3,0,3,1,3,2,2,6,2,1,6,24,6,1,6,1,1,2,-1,-1
0,3,1,3,2,2,6,2,1,6,24,6,1,6,1,1,2,-1,-1,3,12,0,2,1,3,0,3,6,2,3,2,24,6,1,12,1,1,2,-1,-1
2,0,1,3,0,3,6,2,3,2,24,6,1,12,1,1,2,-1,-1,3,0,2,0,1,3,2,3,6,2,3,2,24,6,1,12,1,1,3,-1,-1
2,0,1,3,2,3,6,2,3,2,24,6,1,12,1,1,3,-1,-1,2,3,3,2,1,3,2,3,6,2,3,2,24,6,1,12,1,1,2,-1,-1
3,2,1,3,2,3,6,2,3,2,24,6,1,12,1,1,2,-1,-1,2,3,2,3,3,3,2,3,6,2,3,2,24,6,1,12,1,1,1,-1,-1
2,3,3,3,2,3,6,2,3,2,24,6,1,12,1,1,1,-1,-1,2,3,1,2,3,6,2,3,6,2,3,2,24,6,1,12,1,1,3,-1,-1
1,2,3,6,2,3,6,2,3,2,24,6,1,12,1,1,3,-1,-1,3,6,3,2,3,6,3,3,6,2,3,2,24,6,1,12,1,1,1,-1,-1
3,2,3,6,3,3,6,2,3,2,24,6,1,12,1,1,1,-1,-1,3,3,1,2,3,6,3,3,6,2,6,2,24,6,1,12,1,1,2,-1,-1
1,2,3,6,3,3,6,2,6,2,24,6,1,12,1,1,2,-1,-1,2,6,2,3,3,6,0,6,6,2,6,2,24,6,1,12,1,1,1,-1,-1
2,3,3,6,0,6,6,2,6,2,24,6,1,12,1,1,1,-1,-1,3,0,1,3,3,6,2,6,6,2,6,2,24,6,1,12,1,1,3,-1,-1
1,3,3,6,2,6,6,2,6,2,24,6,1,12,1,1,3,-1,-1,2,15,3,1,6,6,0,2,12,2,6,2,24,6,1,12,1,1,2,-1,-1
0,1,6,6,3,2,12,2,6,2,24,6,1,12,1,1,2,-1,-1,3,3,0,2,6,6,3,3,12,2,6,2,24,6,1,12,1,1,2,-1,-1
0,2,6,6,3,3,12,2,6,2,24,6,1,12,1,1,2,-1,-1,2,12,0,0,2,12,2,6,12,2,6,2,24,6,1,12,1,1,3,-1,-1
2,0,2,12,0,6,12,2,6,2,24,6,1,12,1,1,3,-1,-1,3,3,3,0,2,12,2,6,12,2,6,2,24,6,1,12,1,1,3,-1,-1
3,0,2,12,2,6,12,2,6,2,24,6,1,12,1,1,3,-1,-1,2,3,3,3,2,12,2,6,12,2,6,2,24,6,1,12,1,1,1,-1,-1
3,3,2,12,2,6,12,2,6,2,24,6,1,12,1,1,1,-1,-1,2,3,1,6,2,12,2,6,12,2,6,2,24,6,1,12,1,1,3,-1,-1
1,6,2,12,2,6,12,2,6,2,24,6,1,12,1,1,3,-1,-1,3,15,0,3,2,12,3,12,12,2,6,2,24,6,1,12,1,1,2,-1,-1
3,0,2,12,3,12,12,2,6,2,24,6,1,12,1,1,2,-1,-1,2,27,2,3,2,12,0,3,24,2,6,2,24,6,1,12,1,1,1,-1,-1
2,3,2,12,0,3,24,2,6,2,24,6,1,12,1,1,1,-1,-1,3,84,1,0,0,12,2,6,2,2,6,2,48,6,1,12,1,1,2,-1,-1
1,0,0,12,2,6,2,2,6,2,48,6,1,12,1,1,2,-1,-1,2,0,2,1,0,12,2,6,2,2,6,2,48,6,1,12,1,1,1,-1,-1
2,1,0,12,2,6,2,2,6,2,48,6,1,12,1,1,1,-1,-1,2,0,1,2,1,12,2,6,2,2,6,2,48,6,1,12,1,1,2,-1,-1
1,2,1,12,2,6,2,2,6,2,48,6,1,12,1,1,2,-1,-1,2,3,2,1,3,12,2,6,2,2,6,2,48,6,1,12,1,1,3,-1,-1
2,1,3,12,2,6,2,2,6,2,48,6,1,12,1,1,3,-1,-1,2,6,3,3,3,12,2,6,2,2,6,2,48,6,1,12,1,1,3,-1,-1
3,3,3,12,2,6,2,2,6,2,48,6,1,12,1,1,3,-1,-1,2,6,3,3,6,12,2,6,2,2,6,2,48,6,1,12,1,1,3,-1,-1
3,3,6,12,2,6,2,2,6,2,48,6,1,12,1,1,3,-1,-1,2,6,3,6,6,12,2,6,2,2,6,2,48,6,1,12,1,1,2,-1,-1
3,6,6,12,2,6,2,2,6,2,48,6,1,12,1,1,2,-1,-1,3,9,3,2,6,12,2,12,2,2,6,2,48,6,1,12,1,1,1,-1,-1
1516445495
0,0,3,3,1,0,0,2,0,1,3,1,2,2,0,0,2,-1,-1,3,3,0,0,2,0,0,0,3,3,1,0,0,2,2,3,3,1,3,-1,-1
0,2,0,0,0,0,3,3,1,0,0,2,2,3,3,1,3,-1,-1,3,9,3,0,0,0,0,2,0,0,0,0,3,3,3,3,3,3,1,-1,-1
0,0,0,3,0,2,0,0,0,0,3,3,3,3,3,3,1,-1,-1,2,6,0,0,0,3,1,0,2,0,0,0,0,6,0,3,3,6,2,-1,-1
0,0,0,3,0,0,2,0,1,0,0,6,0,3,3,6,2,-1,-1,3,9,0,0,2,0,0,0,0,3,0,0,2,0,1,3,3,12,1,-1,-1
0,0,0,2,0,0,0,3,0,0,2,0,1,3,3,12,1,-1,-1,3,0,0,0,0,1,0,0,0,2,0,0,2,3,1,3,3,12,3,-1,-1
0,0,0,1,0,0,0,2,0,0,2,3,1,3,3,12,3,-1,-1,3,6,0,0,0,3,0,0,0,3,0,0,2,3,1,3,3,12,3,-1,-1
0,0,0,3,0,0,0,3,0,0,2,3,1,3,3,12,3,-1,-1,2,6,0,0,0,3,0,0,0,3,0,0,2,3,3,1,6,12,2,-1,-1
0,0,0,3,0,0,0,3,0,0,2,3,3,1,6,12,2,-1,-1,0,0,0,0,3,0,0,0,3,2,0,2,3,0,3,1,6,12,1,-1,-1
0,0,3,0,0,0,3,2,0,2,3,0,3,1,6,12,1,-1,-1,0,0,0,3,0,0,0,3,2,0,2,3,0,1,3,1,6,12,1,-1,-1
0,3,0,0,0,3,2,1,2,3,0,0,3,1,6,12,1,-1,-1,3,3,0,0,1,0,0,3,0,0,2,6,2,1,3,1,6,12,3,-1,-1
0,1,0,0,0,3,0,0,2,6,2,1,3,1,6,12,3,-1,-1,2,6,3,0,1,0,0,0,3,0,0,2,6,3,3,1,6,12,2,-1,-1
0,0,1,0,0,0,3,0,3,2,6,3,3,1,6,12,2,-1,-1,3,15,2,0,0,0,0,0,1,0,0,0,3,3,6,3,12,12,2,-1,-1
0,0,2,0,0,0,1,0,0,0,3,3,6,3,12,12,2,-1,-1,3,3,0,0,2,0,0,0,3,0,0,0,3,3,6,3,12,12,3,-1,-1
0,0,2,0,0,0,3,0,0,0,3,3,6,3,12,12,3,-1,-1,3,6,0,0,3,0,0,0,2,0,0,0,6,3,6,3,12,12,1,-1,-1
0,0,3,0,0,0,2,0,0,0,6,3,6,3,12,12,1,-1,-1,0,27,0,3,0,0,0,2,0,0,0,6,3,0,6,3,24,1,2,-1,-1
0,3,0,0,0,2,0,0,0,6,3,0,6,3,24,1,2,-1,-1,1,0,0,3,0,0,0,2,3,0,6,6,24,1,0,3,0,2,3,-1,-1
0,3,0,0,0,2,3,0,6,6,24,1,2,3,0,0,3,-1,-1,3,3,0,3,0,3,0,2,0,0,6,6,3,0,2,3,24,1,3,-1,-1
0,3,0,3,0,2,0,0,6,6,3,0,2,3,24,1,3,-1,-1,0,12,3,0,3,0,2,0,0,0,12,3,0,3,2,3,24,1,3,-1,-1
3,0,3,0,2,0,0,0,12,3,0,3,2,3,24,1,3,-1,-1,3,6,3,0,3,0,2,0,3,0,12,0,0,3,2,6,24,1,2,-1,-1
3,0,3,0,2,0,3,0,12,0,0,3,2,6,24,1,2,-1,-1,0,0,3,3,0,0,2,3,0,2,12,0,3,0,2,6,24,1,3,-1,-1
3,3,0,0,2,3,0,0,12,0,3,2,2,6,24,1,3,-1,-1,3,6,3,0,0,3,2,3,0,0,12,3,3,0,2,6,24,3,1,-1,-1
3,0,0,3,2,3,0,0,12,3,3,0,2,6,24,3,1,-1,-1,3,3,3,1,0,0,2,0,0,3,12,6,3,0,2,6,24,3,1,-1,-1
3,0,0,1,2,0,0,3,12,6,3,0,2,6,24,3,1,-1,-1,2,0,1,3,0,1,0,2,0,3,0,12,6,3,2,6,24,3,2,-1,-1
0,3,0,1,1,2,0,3,0,12,6,3,2,6,24,3,2,-1,-1,3,3,0,3,0,2,0,2,0,1,1,12,6,3,2,6,24,6,2,-1,-1
0,3,0,2,0,2,0,1,1,12,6,3,2,6,24,6,2,-1,-1,2,0,0,0,3,2,2,0,2,1,1,12,6,3,2,6,24,6,1,-1,-1
0,0,3,2,2,0,2,1,1,12,6,3,2,6,24,6,1,-1,-1,3,6,1,0,3,0,0,0,2,3,2,12,6,3,3,6,24,6,1,-1,-1
1,0,3,0,0,0,2,3,2,12,6,3,3,6,24,6,1,-1,-1,2,0,1,1,0,3,0,0,2,3,2,12,6,3,3,6,24,6,1,-1,-1
1,1,0,3,0,0,2,3,2,12,6,3,3,6,24,6,1,-1,-1,2,0,1,1,1,3,0,0,2,3,2,12,6,3,3,6,24,6,2,-1,-1
1,1,1,3,0,0,2,3,2,12,6,3,3,6,24,6,2,-1,-1,0,0,1,1,1,3,0,2,3,2,2,12,6,3,3,6,24,6,3,-1,-1
1,1,1,3,0,2,3,2,2,12,6,3,3,6,24,6,3,-1,-1,3,6,3,0,1,3,1,3,3,2,2,12,6,3,3,6,24,6,1,-1,-1
3,0,1,3,1,3,3,2,2,12,6,3,3,6,24,6,1,-1,-1,2,3,0,3,1,3,1,1,6,2,2,12,6,3,3,6,24,6,1,-1,-1
1,3,1,3,0,1,6,2,2,12,6,3,3,6,24,6,1,-1,-1,3,9,0,3,1,3,1,1,1,2,2,12,12,3,3,6,24,6,3,-1,-1
1,3,0,3,1,1,1,2,2,12,12,3,3,6,24,6,3,-1,-1,3,6,3,3,0,3,1,1,1,2,3,12,12,3,3,6,24,6,3,-1,-1
3,3,0,3,1,1,1,2,3,12,12,3,3,6,24,6,3,-1,-1,2,33,3,3,3,3,0,1,1,3,0,3,24,3,3,6,24,6,1,-1,-1
0,3,3,3,3,1,1,3,0,3,24,3,3,6,24,6,1,-1,-1,3,84,0,3,1,0,0,1,3,3,3,3,1,6,3,6,48,6,2,-1,-1
0,3,1,0,0,1,3,3,3,3,1,6,3,6,48,6,2,-1,-1,2,6,0,0,3,1,2,0,1,6,0,6,1,6,3,6,48,6,3,-1,-1
0,0,3,1,2,0,1,6,0,6,1,6,3,6,48,6,3,-1,-1,3,21,0,3,3,0,0,0,1,1,2,0,1,6,3,12,48,12,2,-1,-1
0,0,3,3,0,0,1,1,2,0,1,6,3,12,48,12,2,-1,-1,2,3,2,0,0,6,0,0,1,1,0,2,1,6,3,12,48,12,2,-1,-1
2,0,0,6,0,0,1,1,0,2,1,6,3,12,48,12,2,-1,-1,3,0,2,0,0,6,2,0,1,1,0,2,1,6,3,12,48,12,1,-1,-1
2,0,0,6,2,0,1,1,0,2,1,6,3,12,48,12,1,-1,-1,3,0,1,0,0,6,2,0,1,1,2,2,1,6,3,12,48,12,2,-1,-1
1,0,0,6,2,0,1,1,2,2,1,6,3,12,48,12,2,-1,-1,0,3,1,0,6,2,2,1,1,0,2,3,6,0,3,12,48,12,2,-1,-1
1,0,6,0,2,1,1,2,2,3,6,0,3,12,48,12,2,-1,-1,3,3,0,0,6,2,3,1,1,0,2,3,6,2,3,12,48,12,3,-1,-1
0,0,6,2,3,1,1,0,2,3,6,2,3,12,48,12,3,-1,-1,2,3,0,0,6,2,3,3,1,1,2,3,6,2,3,12,48,12,2,-1,-1
0,0,6,2,3,3,1,1,2,3,6,2,3,12,48,12,2,-1,-1,0,3,0,6,2,0,6,1,1,2,2,3,6,2,3,12,48,12,2,-1,-1
0,6,2,0,6,1,1,2,2,3,6,2,3,12,48,12,2,-1,-1,3,3,0,6,2,0,6,1,3,2,2,3,6,2,3,12,48,12,3,-1,-1
0,6,2,0,6,1,3,2,2,3,6,2,3,12,48,12,3,-1,-1,2,3,3,0,6,2,6,1,3,2,2,3,6,2,3,12,48,12,3,-1,-1
3,0,6,2,6,1,3,2,2,3,6,2,3,12,48,12,3,-1,-1,2,3,3,3,6,2,6,1,3,2,2,3,6,2,3,12,48,12,3,-1,-1
3,3,6,2,6,1,3,2,2,3,6,2,3,12,48,12,6,-1,-1,2,12,6,6,6,2,6,1,3,2,2,3,6,2,3,12,48,12,3,-1,-1
6,6,6,2,6,1,3,2,2,3,6,2,3,12,48,12,3,-1,-1,2,12,3,6,12,2,6,1,3,2,2,3,6,2,3,12,48,12,1,-1,-1
1516445600
3,1,0,3,0,2,0,1,3,0,2,1,0,0,3,0,2,-1,-1,2,3,2,3,1,3,0,0,2,1,0,3,0,3,0,0,0,3,2,-1,-1
0,3,1,3,0,0,2,1,0,3,0,3,2,0,0,3,2,-1,-1,2,3,0,3,1,3,0,0,0,3,0,0,3,3,2,2,0,3,1,-1,-1
0,3,1,3,2,0,0,3,0,0,3,3,0,2,0,3,1,-1,-1,3,3,1,0,0,0,0,3,1,3,2,0,0,3,0,2,3,6,3,-1,-1
0,0,1,0,0,3,1,3,2,0,0,3,0,2,3,6,3,-1,-1,3,6,0,3,0,0,0,0,1,0,0,3,1,6,2,2,3,6,3,-1,-1
0,0,3,0,0,0,1,0,0,3,1,6,2,2,3,6,3,-1,-1,3,12,0,0,3,3,0,0,1,0,0,3,1,0,2,2,3,12,3,-1,-1
0,0,3,3,0,0,1,0,0,3,1,0,2,2,3,12,3,-1,-1,2,6,0,0,0,6,3,0,0,1,0,0,3,1,2,2,3,12,2,-1,-1
0,0,0,6,0,0,0,1,3,0,3,1,2,2,3,12,2,-1,-1,2,0,0,0,0,6,0,0,0,1,2,3,3,1,2,2,3,12,3,-1,-1
0,0,0,6,0,0,0,1,2,3,3,1,2,2,3,12,3,-1,-1,2,6,0,0,0,6,0,0,0,1,3,2,6,1,2,2,3,12,2,-1,-1
0,0,0,6,0,0,0,1,3,2,6,1,2,2,3,12,2,-1,-1,0,0,0,0,6,2,0,0,1,0,3,2,6,1,2,2,3,12,1,-1,-1
0,0,6,0,0,0,1,2,3,2,6,1,2,2,3,12,1,-1,-1,3,3,0,0,6,1,0,0,1,0,3,2,6,3,2,2,3,12,1,-1,-1
0,0,6,1,0,0,1,0,3,2,6,3,2,2,3,12,1,-1,-1,3,0,0,0,6,1,0,0,1,1,3,2,6,3,2,2,3,12,1,-1,-1
0,0,6,1,0,0,1,1,3,2,6,3,2,2,3,12,1,-1,-1,0,0,0,6,1,0,0,1,1,1,3,2,6,3,2,2,3,12,2,-1,-1
0,6,1,1,0,1,1,0,3,2,6,3,2,2,3,12,2,-1,-1,3,3,0,0,1,2,0,6,1,1,3,3,6,3,2,2,3,12,1,-1,-1
0,2,1,0,0,6,1,1,3,3,6,3,2,2,3,12,1,-1,-1,2,3,0,0,2,1,0,6,1,1,1,6,6,3,2,2,3,12,2,-1,-1
0,0,2,1,0,6,1,1,1,6,6,3,2,2,3,12,2,-1,-1,3,15,0,0,2,1,0,0,3,1,0,12,6,3,3,2,3,12,2,-1,-1
0,0,2,1,0,0,3,1,0,12,6,3,3,2,3,12,2,-1,-1,2,3,2,0,0,3,0,0,3,1,0,12,6,3,3,2,3,12,3,-1,-1
2,0,0,3,0,0,3,1,0,12,6,3,3,2,3,12,3,-1,-1,2,3,3,2,0,3,0,0,3,1,0,12,6,3,3,2,3,12,1,-1,-1
3,2,0,3,0,0,3,1,0,12,6,3,3,2,3,12,1,-1,-1,3,0,0,1,0,3,3,2,3,1,0,12,6,3,3,2,3,12,2,-1,-1
0,1,0,3,3,2,3,1,0,12,6,3,3,2,3,12,2,-1,-1,2,0,2,0,1,3,3,2,3,1,0,12,6,3,3,2,3,12,1,-1,-1
2,0,1,3,3,2,3,1,0,12,6,3,3,2,3,12,1,-1,-1,3,0,1,0,1,3,2,2,3,1,3,12,6,3,3,2,3,12,1,-1,-1
1,0,1,3,2,2,3,1,3,12,6,3,3,2,3,12,1,-1,-1,2,0,1,1,1,3,2,2,3,1,3,12,6,3,3,2,3,12,3,-1,-1
1,1,1,3,2,2,3,1,3,12,6,3,3,2,3,12,3,-1,-1,3,9,3,0,1,3,1,3,3,1,2,12,6,3,6,2,3,12,2,-1,-1
0,3,1,3,1,3,3,1,2,12,6,3,6,2,3,12,2,-1,-1,2,3,0,3,1,3,2,1,6,1,2,12,6,3,6,2,3,12,3,-1,-1
0,3,1,3,2,1,6,1,2,12,6,3,6,2,3,12,3,-1,-1,3,12,0,3,3,3,2,1,1,1,2,12,12,3,6,2,3,12,2,-1,-1
0,3,3,3,2,1,1,1,2,12,12,3,6,2,3,12,2,-1,-1,2,33,0,0,3,6,2,3,1,1,0,2,24,3,6,2,3,12,1,-1,-1
0,0,3,6,2,3,1,1,0,2,24,3,6,2,3,12,1,-1,-1,3,0,1,0,3,6,0,3,1,1,2,2,24,3,6,2,3,12,3,-1,-1
1,0,3,6,0,3,1,1,2,2,24,3,6,2,3,12,3,-1,-1,2,3,3,1,3,6,0,3,1,1,2,2,24,3,6,2,3,12,2,-1,-1
3,1,3,6,0,3,1,1,2,2,24,3,6,2,3,12,2,-1,-1,0,0,3,1,3,6,3,1,1,2,2,2,24,3,6,2,3,12,2,-1,-1
3,1,3,6,3,1,1,2,2,2,24,3,6,2,3,12,2,-1,-1,0,3,3,1,3,6,3,1,3,2,2,2,24,3,6,2,3,12,3,-1,-1
3,1,3,6,3,1,3,2,2,2,24,3,6,2,3,12,3,-1,-1,3,12,0,0,3,6,6,1,6,2,2,3,24,3,6,2,3,12,1,-1,-1
1516445651
0,3,0,0,0,2,2,1,2,3,1,0,3,2,0,0,1,-1,-1,3,0,0,3,1,0,0,2,0,0,2,3,2,1,3,2,1,0,1,-1,-1
0,3,0,1,0,2,0,0,2,3,2,1,3,2,1,0,1,-1,-1,2,3,0,0,3,1,0,0,2,0,0,2,3,3,1,3,2,1,3,-1,-1
0,0,3,1,0,0,2,0,1,2,3,3,0,3,2,1,3,-1,-1,2,9,0,0,3,1,0,0,0,2,3,1,2,6,0,0,3,3,3,-1,-1
0,0,3,1,0,0,0,2,0,1,2,6,3,0,3,3,3,-1,-1,2,9,0,0,3,1,0,0,0,2,0,0,3,6,3,3,0,6,3,-1,-1
0,0,3,1,0,0,0,2,0,0,3,6,3,3,0,6,3,-1,-1,3,12,0,0,3,0,0,0,3,1,0,0,0,2,3,3,3,12,2,-1,-1
0,0,3,0,0,0,3,1,0,0,0,2,3,3,3,12,2,-1,-1,3,3,0,0,2,0,0,0,3,0,0,0,3,3,3,3,3,12,2,-1,-1
0,0,0,2,0,0,3,0,0,0,3,3,3,3,3,12,2,-1,-1,3,3,0,0,2,0,0,0,0,2,0,0,3,3,3,3,6,12,3,-1,-1
0,0,2,0,0,0,0,2,0,0,3,3,3,3,6,12,3,-1,-1,2,9,3,0,0,2,0,0,0,2,0,0,0,6,0,6,6,12,3,-1,-1
0,0,0,2,0,0,0,2,0,0,0,6,3,6,6,12,3,-1,-1,2,12,0,0,0,2,0,0,0,2,0,0,0,6,3,3,12,12,1,-1,-1
0,0,0,2,0,0,0,2,0,0,0,6,3,3,12,12,1,-1,-1,2,27,0,0,0,2,0,0,0,2,0,0,0,6,1,3,3,24,1,-1,-1
0,0,0,2,0,0,0,2,0,0,0,6,1,3,3,24,1,-1,-1,2,3,0,0,0,2,0,0,0,2,0,0,0,6,1,1,6,24,2,-1,-1
0,0,0,2,0,0,0,2,0,0,0,6,1,1,6,24,2,-1,-1,0,0,0,0,2,2,0,0,2,0,0,0,6,0,1,1,6,24,1,-1,-1
0,0,2,2,0,0,2,0,0,0,6,0,1,1,6,24,1,-1,-1,2,0,0,0,2,2,1,0,0,2,0,0,0,6,1,1,6,24,2,-1,-1
0,0,2,2,1,0,0,2,0,0,0,6,1,1,6,24,2,-1,-1,3,0,0,0,2,2,0,0,2,2,1,0,0,6,1,1,6,24,1,-1,-1
0,0,2,2,0,0,2,2,1,0,0,6,1,1,6,24,1,-1,-1,2,0,0,0,2,2,0,0,2,2,1,1,0,6,1,1,6,24,1,-1,-1
0,0,2,2,0,0,2,2,1,1,0,6,1,1,6,24,1,-1,-1,2,0,0,0,2,2,0,0,2,2,1,1,1,6,1,1,6,24,3,-1,-1
0,0,2,2,0,0,2,2,1,1,1,6,1,1,6,24,3,-1,-1,3,6,0,0,3,2,0,0,2,2,1,1,3,6,1,1,6,24,1,-1,-1
0,0,3,2,0,0,2,2,1,1,3,6,1,1,6,24,1,-1,-1,0,0,0,3,2,1,0,2,2,0,1,1,3,6,1,1,6,24,3,-1,-1
0,3,2,0,0,2,2,1,1,1,3,6,1,1,6,24,3,-1,-1,0,3,3,2,0,0,2,2,1,3,1,1,3,6,1,1,6,24,1,-1,-1
3,2,0,3,2,2,1,0,1,1,3,6,1,1,6,24,1,-1,-1,3,6,0,0,0,1,3,2,1,3,3,3,3,6,1,1,6,24,2,-1,-1
0,0,0,1,3,2,1,3,3,3,3,6,1,1,6,24,2,-1,-1,2,6,0,0,0,1,2,3,3,3,0,3,6,6,1,1,6,24,2,-1,-1
0,0,0,1,0,3,3,3,2,3,6,6,1,1,6,24,2,-1,-1,2,12,0,0,0,1,0,0,3,6,2,2,3,12,1,1,6,24,3,-1,-1
0,0,0,1,0,0,3,6,2,2,3,12,1,1,6,24,3,-1,-1,3,12,3,0,0,1,0,0,0,6,0,0,6,12,3,3,6,24,1,-1,-1
0,0,3,1,0,0,0,6,0,0,6,12,3,3,6,24,1,-1,-1,3,9,0,0,1,1,0,0,3,6,0,0,0,12,3,3,12,24,3,-1,-1
0,0,1,1,0,0,3,6,0,0,0,12,3,3,12,24,3,-1,-1,3,3,0,0,3,1,0,0,1,6,0,0,3,12,3,3,12,24,2,-1,-1
0,0,3,1,0,0,1,6,0,0,3,12,3,3,12,24,2,-1,-1,2,3,0,0,3,1,0,0,1,6,0,0,3,12,2,6,12,24,2,-1,-1
0,0,3,1,0,0,1,6,0,0,3,12,2,6,12,24,2,-1,-1,0,0,0,3,1,0,0,1,6,2,0,3,12,0,2,6,12,24,3,-1,-1
0,3,1,2,0,1,6,0,0,3,12,0,2,6,12,24,3,-1,-1,3,30,0,3,3,0,0,1,1,2,0,3,6,0,2,6,24,24,1,-1,-1
0,3,0,3,0,1,1,2,0,3,6,0,2,6,24,24,1,-1,-1,2,84,1,0,3,3,0,0,1,3,0,0,3,6,0,2,6,48,1,-1,-1
0,0,3,3,0,0,1,3,1,0,3,6,0,2,6,48,1,-1,-1,3,3,1,0,3,0,0,0,1,6,0,0,3,6,1,2,6,48,1,-1,-1
0,0,3,1,0,0,1,6,0,0,3,6,1,2,6,48,1,-1,-1,0,3,0,3,1,0,0,1,6,0,0,3,6,0,3,6,48,1,2,-1,-1
0,3,1,0,0,1,6,0,0,3,6,1,3,6,48,0,2,-1,-1,3,9,0,3,0,2,0,1,1,0,0,3,12,0,3,6,48,1,2,-1,-1
0,3,2,0,0,1,1,0,0,3,12,0,3,6,48,1,2,-1,-1,2,0,0,0,3,2,0,0,1,1,2,0,3,12,3,6,48,1,3,-1,-1
2,0,3,2,0,0,1,1,0,0,3,12,3,6,48,1,3,-1,-1,3,6,3,0,3,0,2,0,1,3,0,0,3,12,3,6,48,1,2,-1,-1
0,0,3,3,2,0,1,3,0,0,3,12,3,6,48,1,2,-1,-1,2,3,2,0,0,6,0,2,1,3,0,0,3,12,3,6,48,1,3,-1,-1
0,0,0,6,2,2,1,3,0,0,3,12,3,6,48,1,3,-1,-1,2,6,0,0,0,6,3,2,3,3,0,0,3,12,3,6,48,1,2,-1,-1
0,0,0,6,3,2,3,3,0,0,3,12,3,6,48,1,2,-1,-1,2,3,0,0,0,6,2,3,2,6,0,0,3,12,3,6,48,1,3,-1,-1
0,0,0,6,2,3,2,6,0,0,3,12,3,6,48,1,3,-1,-1,3,12,0,3,0,0,0,0,2,12,2,3,3,12,3,6,48,1,1,-1,-1
0,3,0,0,0,0,2,12,2,3,3,12,3,6,48,1,6,-1,-1,3,36,0,6,0,0,0,3,2,0,2,3,3,24,3,6,48,1,1,-1,-1
0,6,0,0,0,3,2,0,2,3,3,24,3,6,48,1,1,-1,-1,3,3,0,1,0,0,0,6,2,0,2,6,3,24,3,6,48,1,1,-1,-1
0,1,0,0,0,6,2,0,2,6,3,24,3,6,48,1,1,-1,-1,2,0,1,0,1,0,0,0,6,2,2,6,3,24,3,6,48,1,3,-1,-1
1,0,1,0,0,0,6,2,2,6,3,24,3,6,48,1,6,-1,-1,1,9,1,0,1,2,2,6,6,24,3,6,3,1,0,0,48,6,3,-1,-1
1,0,1,2,2,6,6,24,3,6,3,1,6,0,48,0,3,-1,-1,2,15,3,1,0,3,0,2,12,24,3,6,3,1,0,6,0,48,2,-1,-1
0,1,0,3,0,2,12,24,3,6,3,1,3,6,0,48,2,-1,-1,0,0,1,0,3,2,2,12,24,0,3,6,3,1,3,6,48,0,2,-1,-1
1,0,3,0,2,12,24,0,3,6,3,1,3,6,48,2,2,-1,-1,2,0,2,1,0,3,0,2,12,24,3,6,3,1,3,6,48,2,2,-1,-1
0,1,0,3,2,2,12,24,3,6,3,1,3,6,48,2,2,-1,-1,2,0,2,0,1,3,2,2,12,24,3,6,3,1,3,6,48,2,2,-1,-1
2,0,1,3,2,2,12,24,3,6,3,1,3,6,48,2,2,-1,-1,1,6,2,2,1,3,2,6,12,24,6,6,3,3,2,0,48,0,1,-1,-1
2,2,1,3,2,6,12,24,6,6,3,3,0,2,48,0,1,-1,-1,3,9,0,1,1,0,2,2,12,3,2,12,3,24,6,2,48,3,3,-1,-1
0,0,1,1,2,2,12,3,2,12,3,24,6,2,48,3,3,-1,-1,0,3,0,1,1,3,2,2,12,3,2,12,3,24,6,2,48,3,6,-1,-1
0,1,1,3,2,2,12,3,2,12,3,24,6,2,48,3,1,-1,-1,3,6,0,0,1,1,2,3,12,6,2,12,3,24,6,2,48,3,3,-1,-1
0,0,1,1,2,3,12,6,2,12,3,24,6,2,48,3,6,-1,-1,0,9,0,1,1,6,2,3,12,6,2,12,3,24,6,2,48,3,3,-1,-1
0,1,1,6,2,3,12,6,2,12,3,24,6,2,48,3,3,-1,-1,0,3,1,1,6,3,2,3,12,6,2,12,3,24,6,2,48,3,3,-1,-1
1,1,6,3,2,3,12,6,2,12,3,24,6,2,48,3,3,-1,-1,3,6,3,1,6,3,3,3,12,6,2,12,3,24,6,2,48,3,1,-1,-1
3,1,6,3,3,3,12,6,2,12,3,24,6,2,48,3,1,-1,-1,2,3,3,1,6,3,1,6,12,6,2,12,3,24,6,2,48,3,2,-1,-1
3,1,6,3,1,6,12,6,2,12,3,24,6,2,48,3,2,-1,-1,3,3,2,1,6,3,3,6,12,6,3,12,3,24,6,2,48,3,1,-1,-1
2,1,6,3,3,6,12,6,3,12,3,24,6,2,48,3,1,-1,-1,3,3,1,1,6,3,2,6,12,6,6,12,3,24,6,2,48,3,2,-1,-1
1,1,6,3,2,6,12,6,6,12,3,24,6,2,48,3,2,-1,-1,3,9,2,1,6,3,1,6,12,6,2,12,3,24,12,2,48,3,3,-1,-1
2,1,6,3,1,6,12,6,2,12,3,24,12,2,48,3,3,-1,-1,3,6,3,1,6,3,2,6,12,6,3,12,3,24,12,2,48,3,1,-1,-1
1516445905
0,0,1,0,2,0,0,3,2,1,3,2,1,0,0,3,3,-1,-1,3,6,0,3,0,0,0,0,1,3,2,0,0,2,3,1,3,3,2,-1,-1
3,0,0,0,0,0,1,3,2,0,0,2,3,1,3,3,2,-1,-1,2,3,2,3,0,0,0,0,1,3,0,2,0,2,0,3,1,6,1,-1,-1
0,3,0,0,0,0,1,3,0,2,0,2,2,3,1,6,1,-1,-1,2,0,1,0,3,0,0,0,1,3,0,0,2,2,2,3,1,6,1,-1,-1
0,0,3,0,0,0,1,3,1,0,2,2,2,3,1,6,1,-1,-1,3,6,0,0,1,0,0,0,3,3,0,0,1,2,3,3,3,6,2,-1,-1
1,0,0,0,0,0,3,3,0,0,1,2,3,3,3,6,2,-1,-1,2,9,0,1,0,0,0,0,0,6,2,0,0,3,0,3,6,6,3,-1,-1
0,1,0,0,0,0,0,6,0,0,0,3,2,3,6,6,3,-1,-1,2,12,3,0,1,0,0,0,0,6,0,0,0,3,0,2,3,12,3,-1,-1
3,0,1,0,0,0,0,6,0,0,0,3,0,2,3,12,3,-1,-1,3,3,3,0,0,0,3,0,1,6,0,0,0,3,0,2,3,12,3,-1,-1
3,0,0,0,3,0,1,6,0,0,0,3,0,2,3,12,3,-1,-1,3,3,3,0,0,0,3,0,0,6,3,0,1,3,0,2,3,12,1,-1,-1
0,0,3,0,3,0,0,6,3,0,1,3,0,2,3,12,1,-1,-1,3,0,1,0,0,0,0,0,3,6,3,0,1,3,3,2,3,12,2,-1,-1
0,0,1,0,0,0,3,6,3,0,1,3,3,2,3,12,2,-1,-1,3,3,2,0,1,0,0,0,3,6,0,0,1,3,6,2,3,12,1,-1,-1
2,0,1,0,0,0,3,6,0,0,1,3,6,2,3,12,1,-1,-1,2,0,1,2,0,1,0,0,3,6,0,0,1,3,6,2,3,12,1,-1,-1
1,2,0,1,0,0,3,6,0,0,1,3,6,2,3,12,1,-1,-1,3,0,0,1,0,1,1,2,3,6,0,0,1,3,6,2,3,12,2,-1,-1
0,1,0,1,1,2,3,6,0,0,1,3,6,2,3,12,2,-1,-1,3,0,2,0,0,1,0,1,3,6,1,2,1,3,6,2,3,12,2,-1,-1
2,0,0,1,0,1,3,6,1,2,1,3,6,2,3,12,2,-1,-1,3,3,0,2,0,1,2,0,3,6,1,3,1,3,6,2,3,12,3,-1,-1
0,2,0,1,2,0,3,6,1,3,1,3,6,2,3,12,3,-1,-1,0,3,2,0,1,0,2,3,6,3,1,3,1,3,6,2,3,12,3,-1,-1
2,0,1,0,2,3,6,3,1,3,1,3,6,2,3,12,3,-1,-1,3,12,0,3,1,0,2,0,6,0,3,6,1,6,6,2,3,12,2,-1,-1
3,0,1,0,2,0,6,0,3,6,1,6,6,2,3,12,2,-1,-1,2,0,2,3,0,1,0,2,0,6,3,6,1,6,6,2,3,12,3,-1,-1
0,3,0,1,2,2,0,6,3,6,1,6,6,2,3,12,3,-1,-1,3,12,0,3,0,3,2,2,0,1,3,6,1,12,6,2,3,12,3,-1,-1
0,3,0,3,2,2,0,1,3,6,1,12,6,2,3,12,3,-1,-1,3,30,0,3,0,3,2,2,0,3,3,6,1,1,6,2,3,24,1,-1,-1
0,3,0,3,2,2,0,3,3,6,1,1,6,2,3,24,1,-1,-1,2,0,1,0,3,3,0,2,2,3,3,6,1,1,6,2,3,24,3,-1,-1
1,0,3,3,0,2,2,3,3,6,1,1,6,2,3,24,3,-1,-1,3,9,0,0,0,3,1,2,3,6,3,6,3,1,6,2,3,24,1,-1,-1
0,0,3,0,1,2,3,6,3,6,3,1,6,2,3,24,1,-1,-1,3,3,0,0,1,0,1,2,3,6,3,6,3,1,6,2,6,24,2,-1,-1
0,0,1,0,1,2,3,6,3,6,3,1,6,2,6,24,2,-1,-1,3,3,0,0,2,0,1,2,1,6,3,6,6,1,6,2,6,24,2,-1,-1
0,0,2,0,1,2,1,6,3,6,6,1,6,2,6,24,2,-1,-1,3,9,0,0,2,0,1,2,2,6,3,6,1,1,6,2,12,24,2,-1,-1
0,0,2,0,1,2,2,6,3,6,1,1,6,2,12,24,2,-1,-1,2,3,2,0,0,2,0,3,2,6,3,6,1,1,6,2,12,24,1,-1,-1
0,0,0,2,2,3,2,6,3,6,1,1,6,2,12,24,1,-1,-1,3,3,0,0,1,2,2,3,0,6,3,6,3,1,6,2,12,24,1,-1,-1
0,0,1,2,2,3,0,6,3,6,3,1,6,2,12,24,1,-1,-1,2,3,0,0,0,3,1,2,3,6,3,6,3,1,6,2,12,24,1,-1,-1
1,0,0,3,0,2,3,6,3,6,3,1,6,2,12,24,1,-1,-1,2,0,1,1,0,3,0,2,3,6,3,6,3,1,6,2,12,24,3,-1,-1
1,1,0,3,0,2,3,6,3,6,3,1,6,2,12,24,3,-1,-1,3,9,0,3,0,3,1,3,0,6,3,6,6,1,6,2,12,24,3,-1,-1
3,0,0,3,1,3,0,6,3,6,6,1,6,2,12,24,3,-1,-1,2,12,0,3,0,3,0,1,3,6,3,3,12,1,6,2,12,24,3,-1,-1
0,3,0,3,0,1,3,6,3,3,12,1,6,2,12,24,3,-1,-1,3,30,0,3,3,3,0,1,0,6,3,3,3,1,6,2,24,24,3,-1,-1
0,3,3,3,0,1,0,6,3,3,3,1,6,2,24,24,3,-1,-1,2,90,0,0,3,6,0,0,1,6,3,3,6,1,0,6,2,48,1,-1,-1
0,0,3,6,3,0,1,6,0,3,6,1,0,6,2,48,1,-1,-1,2,0,0,0,3,6,1,3,1,6,0,3,6,1,0,6,2,48,1,-1,-1
0,0,3,6,1,3,1,6,0,3,6,1,0,6,2,48,1,-1,-1,3,12,0,0,3,1,0,0,1,12,1,6,6,1,0,6,2,48,2,-1,-1
1,0,3,0,0,0,1,12,1,6,6,1,0,6,2,48,2,-1,-1,3,9,0,2,3,0,1,0,1,12,0,0,6,1,1,12,2,48,2,-1,-1
0,2,3,0,1,0,1,12,0,0,6,1,1,12,2,48,6,-1,-1,3,9,6,0,3,0,0,2,1,12,1,0,6,1,1,12,2,48,2,-1,-1
0,6,3,0,0,2,1,12,1,0,6,1,1,12,2,48,2,-1,-1,0,0,6,3,0,0,2,1,12,0,1,6,1,2,1,12,2,48,2,-1,-1
6,3,0,0,2,1,12,2,1,6,1,0,1,12,2,48,2,-1,-1,3,6,2,3,0,0,6,1,0,0,3,6,12,2,1,12,3,48,1,-1,-1
0,3,0,2,6,1,0,0,3,6,12,2,1,12,3,48,1,-1,-1,2,0,0,0,3,2,1,6,1,0,3,6,12,2,1,12,3,48,2,-1,-1
0,0,3,2,1,6,1,0,3,6,12,2,1,12,3,48,2,-1,-1,2,0,0,0,3,2,2,1,6,1,3,6,12,2,1,12,3,48,1,-1,-1
0,0,3,2,2,1,6,1,3,6,12,2,1,12,3,48,1,-1,-1,3,3,0,0,3,1,2,1,6,2,3,6,12,3,1,12,3,48,2,-1,-1
0,0,3,1,2,1,6,2,3,6,12,3,1,12,3,48,2,-1,-1,3,3,0,0,3,2,2,1,6,3,3,6,12,3,1,12,3,48,1,-1,-1
0,0,3,2,2,1,6,3,3,6,12,3,1,12,3,48,1,-1,-1,2,3,0,0,3,2,1,3,6,3,3,6,12,3,1,12,3,48,2,-1,-1
0,0,3,2,1,3,6,3,3,6,12,3,1,12,3,48,2,-1,-1,3,3,0,0,3,2,1,3,6,2,3,6,12,6,1,12,3,48,6,-1,-1
0,0,3,2,1,3,6,2,3,6,12,6,1,12,3,48,3,-1,-1,0,3,0,3,2,3,1,3,6,2,3,6,12,6,1,12,3,48,3,-1,-1
0,3,2,3,1,3,6,2,3,6,12,6,1,12,3,48,3,-1,-1,0,3,3,2,3,3,1,3,6,2,3,6,12,6,1,12,3,48,3,-1,-1
3,2,3,3,1,3,6,2,3,6,12,6,1,12,3,48,3,-1,-1,2,6,3,3,2,6,1,3,6,2,3,6,12,6,1,12,3,48,3,-1,-1
3,3,2,6,1,3,6,2,3,6,12,6,1,12,3,48,3,-1,-1,2,6,3,6,2,6,1,3,6,2,3,6,12,6,1,12,3,48,1,-1,-1
